in_comm,directed_rnbrw,backtrack,zigzag,zigzag_cycle,weighted_zigzag
False,0.01,0.01,0.01,36.01,0.9656811534237988
True,0.01,0.01,2.01,34.01,1.1321931754366181
False,1.01,0.01,1.01,48.01,1.0472232473578256
True,0.01,0.01,0.01,40.01,0.8625981524159275
False,1.01,0.01,0.01,37.01,1.4919600213398303
True,0.01,0.01,0.01,38.01,0.8623398446287318
False,0.01,0.01,0.01,45.01,0.5652713757487293
False,0.01,0.01,0.01,38.01,0.8800565023913642
True,0.01,0.01,1.01,42.01,0.5934959447262813
False,0.01,0.01,0.01,37.01,1.2131341922497947
True,0.01,1.01,0.01,45.01,1.1026544988046247
False,0.01,0.01,0.01,35.01,0.7461909439088854
False,0.01,0.01,0.01,51.01,0.6431054558788278
False,0.01,0.01,0.01,41.01,1.1030013260903049
False,0.01,0.01,1.01,43.01,0.7236513668185331
True,0.01,1.01,0.01,41.01,0.683474322232137
False,0.01,1.01,0.01,45.01,1.1949058413694431
False,0.01,0.01,0.01,49.01,0.5914311299330743
False,0.01,0.01,1.01,39.01,1.1539232503294692
False,1.01,1.01,0.01,46.01,1.0547843276608926
False,0.01,0.01,0.01,38.01,0.995088540175922
True,1.01,1.01,3.01,49.01,0.8196878235924003
False,1.01,1.01,3.01,39.01,1.063274945577283
True,0.01,1.01,2.01,55.01,1.1670881687098804
False,1.01,3.01,1.01,49.01,1.0403620548978905
False,1.01,0.01,1.01,34.01,1.092416706772768
True,2.01,1.01,1.01,32.01,1.4692693186998098
False,1.01,1.01,3.01,32.01,0.7901830123365196
False,2.01,0.01,3.01,45.01,0.7326516332562835
False,1.01,3.01,4.01,50.01,1.047884749495069
True,1.01,0.01,2.01,47.01,1.32449230512698
False,0.01,2.01,1.01,38.01,1.4259060076818866
False,0.01,1.01,3.01,42.01,1.1843045599223185
False,0.01,0.01,1.01,42.01,0.8770351808648412
False,0.01,0.01,0.01,31.009999999999998,0.6918761325560157
True,0.01,0.01,2.01,53.01,0.6584072296481795
False,0.01,0.01,1.01,53.01,0.8173149507514077
True,0.01,1.01,1.01,42.01,0.6282264631915259
False,0.01,0.01,0.01,46.01,0.9401406303534786
False,0.01,0.01,2.01,59.01,0.9413127558344707
True,0.01,0.01,0.01,46.01,0.6132184739086566
False,0.01,1.01,0.01,37.01,1.0121397715912532
True,0.01,0.01,2.01,41.01,1.3309647172583536
True,0.01,0.01,1.01,39.01,0.687867077591488
False,1.01,0.01,0.01,46.01,0.8122246428773334
True,0.01,0.01,0.01,43.01,0.7254500015469071
False,0.01,0.01,0.01,36.01,1.3093620848131993
True,0.01,0.01,0.01,34.01,0.8722606036164764
False,0.01,0.01,1.01,50.01,1.1484786064045467
False,0.01,0.01,0.01,39.01,1.2852812958873252
False,0.01,1.01,0.01,48.01,0.9521110398473687
True,0.01,0.01,0.01,34.01,0.5931561258331661
False,0.01,0.01,1.01,39.01,1.086279660980623
False,1.01,0.01,0.01,41.01,0.3936885879724754
False,0.01,0.01,0.01,41.01,0.9671035069137102
False,2.01,0.01,2.01,42.01,1.0041311162807327
True,0.01,0.01,1.01,44.01,0.8298245388146828
True,0.01,0.01,2.01,49.01,0.8318545757225473
False,1.01,1.01,1.01,34.01,0.8101460285708865
False,0.01,2.01,1.01,40.01,0.9083828702848606
True,1.01,0.01,1.01,40.01,0.954862958678748
False,1.01,1.01,2.01,45.01,0.44709068709068706
False,4.01,0.01,1.01,40.01,0.9328070063960037
False,1.01,0.01,4.01,49.01,1.007453303504251
False,0.01,2.01,2.01,45.01,1.5768626447089447
True,1.01,4.01,1.01,41.01,0.8416684368381816
True,1.01,0.01,0.01,48.01,1.6942809565270702
False,0.01,0.01,1.01,54.01,0.661910428169038
False,0.01,0.01,1.01,43.01,0.5495609064750733
True,0.01,0.01,0.01,44.01,0.8294029081723553
True,1.01,0.01,0.01,35.01,0.8858959387502634
False,0.01,0.01,0.01,48.01,0.8737619476244236
False,0.01,0.01,1.01,31.009999999999998,1.1214032494083026
True,0.01,0.01,0.01,38.01,1.078789015859858
False,0.01,0.01,0.01,44.01,0.913337385358275
False,0.01,0.01,1.01,42.01,0.7734957363836674
False,0.01,0.01,1.01,40.01,0.789473378724941
True,0.01,0.01,0.01,37.01,1.3063457213208562
False,0.01,0.01,0.01,54.01,0.6958682054198246
False,1.01,0.01,1.01,50.01,1.0203388540300913
False,0.01,0.01,0.01,53.01,1.1345801707870673
True,0.01,0.01,0.01,42.01,1.3367320052545193
True,0.01,0.01,0.01,50.01,0.552195094478104
False,0.01,1.01,1.01,43.01,1.1155144258789462
False,0.01,0.01,0.01,42.01,0.587666324156094
False,0.01,0.01,0.01,32.01,0.9625517248819611
False,0.01,0.01,0.01,28.009999999999998,1.4397343245255143
False,0.01,0.01,0.01,53.01,0.8670053036399145
True,2.01,0.01,0.01,50.01,1.1197226857000175
False,0.01,0.01,2.01,45.01,0.8836412994350482
False,0.01,0.01,2.01,45.01,0.4890177214090258
False,3.01,0.01,0.01,42.01,0.6605713712800608
True,0.01,0.01,0.01,33.01,2.0249435602760406
False,0.01,0.01,1.01,39.01,1.1198778810643217
False,0.01,0.01,0.01,41.01,0.8280037011674385
False,0.01,0.01,2.01,51.01,1.6940785099716957
True,1.01,2.01,2.01,45.01,1.0850919930533058
True,1.01,1.01,1.01,43.01,1.119787492361908
False,1.01,1.01,3.01,36.01,1.1633568229648847
False,0.01,0.01,1.01,32.01,0.9140198781970337
True,0.01,1.01,0.01,39.01,0.9353014707839444
True,0.01,0.01,0.01,37.01,1.0596103097883802
False,0.01,0.01,1.01,44.01,0.5485752281582618
True,0.01,0.01,0.01,45.01,1.647620877822201
False,0.01,0.01,1.01,40.01,1.0976775733391302
False,0.01,0.01,1.01,47.01,1.2320648105190626
False,0.01,1.01,1.01,47.01,1.0135962120132744
False,0.01,0.01,1.01,40.01,0.42908974037817227
False,0.01,0.01,0.01,35.01,0.8081676092188528
True,0.01,0.01,0.01,47.01,1.5893601949844096
False,0.01,0.01,2.01,50.01,1.1361603024972473
False,0.01,0.01,0.01,35.01,0.9365279551250022
False,0.01,0.01,0.01,36.01,0.8284661272362343
True,0.01,1.01,1.01,43.01,0.4163678024819003
False,0.01,0.01,0.01,40.01,0.8919303796333359
False,0.01,0.01,0.01,34.01,0.5874885965697573
True,0.01,0.01,2.01,29.009999999999998,0.846577120155001
False,0.01,2.01,2.01,45.01,0.9997374426409181
False,0.01,0.01,0.01,36.01,1.2891999185463319
True,0.01,0.01,1.01,40.01,1.0579318812523937
True,0.01,0.01,0.01,43.01,0.8275029103628175
False,1.01,1.01,2.01,43.01,0.8297961541972603
True,0.01,5.01,2.01,49.01,0.6581986222946231
False,2.01,1.01,1.01,46.01,0.6214244154970326
False,1.01,0.01,1.01,47.01,0.9986621178044691
False,1.01,1.01,2.01,40.01,0.4433125756378036
True,0.01,0.01,3.01,36.01,1.2865865877584741
True,0.01,0.01,0.01,47.01,1.0159140280953562
False,0.01,2.01,3.01,35.01,0.8198534491487782
True,1.01,0.01,0.01,29.009999999999998,1.0921192248215688
False,3.01,2.01,0.01,34.01,1.7663108922098358
True,1.01,3.01,2.01,39.01,1.0301362844232889
True,0.01,0.01,2.01,42.01,0.6712474009508327
False,0.01,0.01,0.01,47.01,0.5466989112538648
True,0.01,1.01,0.01,46.01,0.662996117077832
False,0.01,0.01,0.01,40.01,1.1772153502089602
True,0.01,0.01,2.01,38.01,1.450769296069497
False,0.01,0.01,1.01,39.01,1.207773608119235
False,0.01,0.01,0.01,49.01,1.0105929355045238
False,0.01,0.01,0.01,37.01,0.9258686688069903
False,0.01,0.01,0.01,32.01,0.7283808590151459
False,0.01,0.01,0.01,38.01,0.7766286283178107
True,0.01,0.01,3.01,32.01,0.9270614307497171
True,0.01,0.01,0.01,47.01,1.1458491178413697
False,0.01,0.01,0.01,38.01,0.9744818794530605
True,0.01,0.01,0.01,42.01,0.7714646469407964
True,0.01,0.01,0.01,32.01,1.1262066020320927
False,0.01,0.01,0.01,30.009999999999998,0.6637757735185098
False,0.01,0.01,2.01,40.01,0.9679806527087711
True,0.01,0.01,1.01,43.01,0.8771701866178612
False,0.01,1.01,2.01,37.01,0.7965050565697952
False,0.01,0.01,1.01,34.01,0.49354312994894345
False,0.01,0.01,0.01,30.009999999999998,0.6434510087081629
False,0.01,0.01,0.01,40.01,0.7139744630115135
False,0.01,0.01,0.01,43.01,1.049683019122795
False,0.01,1.01,3.01,44.01,0.6771134683402483
True,0.01,1.01,0.01,42.01,1.2422130936721083
False,0.01,0.01,1.01,43.01,0.4862626913477019
False,0.01,0.01,1.01,29.009999999999998,0.9427609253316648
True,1.01,0.01,1.01,49.01,1.1235157294978737
False,1.01,2.01,1.01,45.01,1.1901341941842345
False,0.01,0.01,2.01,40.01,0.8926508775737535
True,0.01,0.01,1.01,46.01,0.979900088616559
True,2.01,3.01,2.01,38.01,0.8639539074151914
True,1.01,2.01,3.01,33.01,0.5610058811383727
False,0.01,0.01,0.01,48.01,0.8745049622937421
True,0.01,0.01,0.01,42.01,0.7120813224617573
True,0.01,0.01,0.01,51.01,0.7603549066985313
False,0.01,1.01,0.01,34.01,0.6477330839095545
True,0.01,0.01,1.01,34.01,0.9836896972088078
False,1.01,0.01,0.01,39.01,1.4063624998087128
True,0.01,0.01,0.01,39.01,1.0760151224770322
False,0.01,1.01,0.01,38.01,0.7897486581057791
True,0.01,1.01,0.01,22.009999999999998,0.6540469113795206
False,1.01,0.01,0.01,47.01,0.8463169834037049
True,0.01,0.01,0.01,37.01,0.5766399541251471
False,0.01,0.01,1.01,46.01,1.1582061491241367
False,0.01,0.01,1.01,33.01,1.3337856952105263
False,0.01,1.01,0.01,33.01,1.1170212715730987
False,0.01,0.01,3.01,43.01,1.1518920639508876
True,1.01,0.01,0.01,35.01,0.7285331937870313
True,0.01,1.01,1.01,43.01,1.0325403504380612
False,0.01,2.01,0.01,36.01,0.7648685211012147
False,0.01,0.01,3.01,41.01,0.8584661316968828
False,0.01,0.01,1.01,42.01,0.6778883167288107
False,0.01,0.01,0.01,36.01,0.6172056370659454
False,0.01,1.01,1.01,42.01,0.48367031047833137
False,1.01,1.01,1.01,33.01,0.7733393439393379
False,0.01,0.01,1.01,43.01,0.9291858782239832
False,0.01,1.01,1.01,43.01,1.4173185961678154
False,0.01,1.01,2.01,33.01,0.8530461896476687
True,1.01,0.01,2.01,36.01,0.9657151728715149
True,0.01,3.01,2.01,47.01,1.0547022564195239
True,1.01,2.01,0.01,40.01,0.6661885818691626
False,0.01,1.01,0.01,29.009999999999998,1.1530902373068674
False,2.01,0.01,1.01,37.01,0.8492398578899839
False,3.01,1.01,0.01,46.01,1.4920205719986928
False,2.01,1.01,1.01,33.01,1.0405941219139052
False,1.01,0.01,0.01,40.01,1.0156660626494844
True,0.01,0.01,1.01,32.01,1.1658227408556354
True,0.01,0.01,0.01,36.01,1.5386994029379715
True,2.01,0.01,0.01,45.01,0.9414997670286892
False,0.01,0.01,0.01,46.01,1.0335166996590859
True,0.01,0.01,0.01,36.01,1.075341288981763
False,0.01,0.01,0.01,35.01,1.0948360785462115
False,0.01,0.01,3.01,33.01,1.4190532965772367
False,0.01,0.01,0.01,43.01,0.8851822304248195
True,0.01,0.01,2.01,32.01,0.988245749408408
False,0.01,0.01,0.01,33.01,0.8660935553000008
True,0.01,0.01,0.01,40.01,0.7843832617212669
False,1.01,0.01,0.01,53.01,1.3877650324798674
True,0.01,0.01,0.01,43.01,0.8017811640213287
False,0.01,0.01,2.01,39.01,1.276279491040504
True,0.01,0.01,0.01,44.01,1.4630823888216045
True,0.01,1.01,1.01,47.01,1.2681217398103852
False,1.01,0.01,0.01,57.01,1.0676746117804767
False,0.01,0.01,2.01,43.01,0.713520828586618
False,0.01,1.01,0.01,32.01,1.0815918005561451
True,0.01,0.01,1.01,41.01,0.7910305912962318
False,2.01,0.01,2.01,41.01,0.7898977451745579
False,0.01,0.01,2.01,46.01,1.2701847676169316
True,0.01,1.01,1.01,40.01,1.1930386592697142
False,0.01,0.01,1.01,43.01,1.2038040238213081
False,0.01,2.01,0.01,35.01,1.3816415871949528
True,1.01,3.01,0.01,40.01,1.0250439114158851
True,1.01,1.01,1.01,34.01,1.3439630005187546
False,1.01,2.01,4.01,42.01,1.3999227998624162
False,1.01,1.01,4.01,45.01,2.125713749679541
False,0.01,2.01,0.01,41.01,1.1929381929696332
False,2.01,1.01,0.01,35.01,1.304553959389565
False,1.01,0.01,2.01,33.01,1.6093119217383922
False,0.01,0.01,3.01,44.01,0.7336650041236309
False,0.01,0.01,0.01,47.01,0.6921172968761358
False,0.01,1.01,0.01,38.01,0.45820508742782134
False,0.01,0.01,0.01,31.009999999999998,1.0285005920025159
False,1.01,0.01,2.01,34.01,0.7465983196083605
True,1.01,0.01,1.01,32.01,0.7650575198859183
True,0.01,0.01,0.01,38.01,0.8963265911880083
False,1.01,0.01,0.01,44.01,1.1352399679452745
False,2.01,0.01,0.01,41.01,1.2103794580405167
False,0.01,0.01,0.01,35.01,0.8606089819516051
False,0.01,0.01,0.01,26.009999999999998,0.7775532422886213
False,0.01,0.01,1.01,37.01,0.5541072598827228
False,0.01,1.01,0.01,35.01,0.8276759980359051
True,1.01,1.01,1.01,33.01,0.7879122690779761
False,0.01,0.01,0.01,34.01,0.9496870877116892
False,0.01,0.01,2.01,28.009999999999998,0.6842756483855554
False,0.01,0.01,2.01,40.01,0.775496033228786
True,0.01,0.01,0.01,40.01,0.9377898306078541
False,0.01,0.01,2.01,33.01,0.8546806848588467
False,1.01,1.01,0.01,35.01,0.7515930954370547
False,0.01,1.01,0.01,44.01,0.8007799561645865
True,1.01,0.01,2.01,43.01,1.079370384098961
True,1.01,0.01,3.01,31.009999999999998,0.3581385810799062
True,1.01,1.01,0.01,29.009999999999998,0.9505268584550898
False,0.01,0.01,1.01,35.01,0.8814237628186394
True,0.01,1.01,1.01,48.01,0.9660904701183936
True,0.01,0.01,2.01,37.01,1.188719106927314
True,0.01,0.01,2.01,36.01,0.7800564852793106
False,0.01,1.01,1.01,36.01,0.6640908460790492
False,0.01,0.01,0.01,34.01,0.6911722514343481
True,0.01,0.01,2.01,33.01,0.8625263416997698
True,0.01,1.01,3.01,33.01,0.7290707392438891
False,3.01,1.01,0.01,23.009999999999998,0.9915078704666804
True,0.01,0.01,1.01,38.01,0.9684893396510736
False,0.01,0.01,0.01,27.009999999999998,0.6687800137546274
True,0.01,0.01,0.01,45.01,0.8631341821097553
False,0.01,0.01,0.01,41.01,1.046854651701611
True,0.01,0.01,1.01,41.01,0.9622773837323649
True,0.01,0.01,1.01,34.01,0.40794316364083805
False,0.01,0.01,0.01,44.01,1.7277038286665356
False,0.01,0.01,0.01,46.01,1.5802476031472896
False,0.01,0.01,3.01,42.01,0.7068231776289189
False,1.01,1.01,0.01,34.01,0.9214253959944343
False,0.01,0.01,1.01,43.01,1.3618775988535645
False,0.01,0.01,0.01,41.01,0.7948689151306527
True,0.01,0.01,2.01,36.01,0.7710965717491176
False,0.01,0.01,0.01,41.01,1.1420046620279893
False,1.01,2.01,0.01,40.01,0.6298416872739799
True,0.01,0.01,0.01,39.01,0.6167183436375716
False,0.01,0.01,0.01,55.01,0.5496549897574323
False,1.01,0.01,2.01,41.01,0.5804668076122546
True,2.01,0.01,1.01,44.01,0.7016755838123113
False,2.01,3.01,0.01,37.01,0.643627405123831
True,0.01,0.01,1.01,32.01,0.5929730592191892
True,2.01,0.01,1.01,32.01,0.7669208526185272
True,2.01,1.01,0.01,36.01,1.2259644633037352
True,1.01,1.01,3.01,48.01,0.603324023171707
False,4.01,0.01,2.01,43.01,0.8623835013806457
True,1.01,0.01,1.01,43.01,1.6444604427291982
False,0.01,0.01,2.01,36.01,0.8409470883927405
True,2.01,2.01,0.01,33.01,0.8641741317194294
False,2.01,0.01,2.01,40.01,0.5949802412980424
True,1.01,0.01,4.01,46.01,0.9143052997582921
True,3.01,0.01,1.01,29.009999999999998,0.5237817956896904
False,2.01,5.01,1.01,33.01,1.0722160170408674
True,3.01,2.01,2.01,42.01,1.5571647762175718
False,0.01,1.01,0.01,50.01,0.9008360497539738
True,0.01,0.01,1.01,37.01,1.1350985283363049
True,1.01,1.01,0.01,33.01,0.7348298134922757
True,0.01,0.01,0.01,41.01,0.7114524092410671
False,0.01,0.01,0.01,39.01,1.4233628560832519
False,0.01,0.01,1.01,45.01,0.6193677148319223
True,0.01,0.01,0.01,38.01,1.025865091650289
True,1.01,0.01,0.01,30.009999999999998,0.9091924208827149
False,0.01,1.01,0.01,39.01,0.5749937984207237
False,0.01,0.01,1.01,42.01,0.830582024419908
False,1.01,1.01,1.01,39.01,0.8185007242284896
False,0.01,0.01,2.01,41.01,0.7774643335543777
False,0.01,0.01,0.01,43.01,0.78389000303582
False,0.01,0.01,0.01,47.01,1.1104886306268862
True,2.01,0.01,2.01,39.01,0.7871294389516896
True,1.01,1.01,0.01,62.01,0.8384175206027992
True,2.01,0.01,0.01,40.01,0.649391741220401
False,0.01,0.01,1.01,52.01,0.6015008898090644
True,0.01,0.01,1.01,41.01,2.2157175375696667
True,1.01,3.01,0.01,41.01,1.0396668253123857
False,0.01,0.01,1.01,42.01,1.151945015965202
False,0.01,1.01,0.01,35.01,0.5051944390884416
False,0.01,2.01,3.01,42.01,0.8484624085632783
False,0.01,0.01,1.01,30.009999999999998,0.5773208167646212
False,3.01,0.01,0.01,32.01,0.8543884339256571
False,1.01,0.01,3.01,46.01,0.8449396609283489
True,1.01,0.01,1.01,34.01,1.0859740902351873
True,1.01,1.01,1.01,44.01,1.1322044304095722
False,1.01,2.01,0.01,43.01,0.9815957056990519
False,0.01,3.01,3.01,27.009999999999998,0.996453887522576
True,0.01,3.01,1.01,40.01,1.0059917028375098
False,3.01,1.01,1.01,37.01,0.9732577558177026
False,1.01,5.01,3.01,51.01,1.7462215447196445
False,0.01,0.01,1.01,43.01,0.8516061864095031
False,0.01,0.01,0.01,30.009999999999998,1.1506024979056824
True,0.01,0.01,1.01,41.01,1.1295718861515993
False,0.01,0.01,2.01,33.01,0.8675308924116927
True,0.01,0.01,0.01,46.01,1.0028011877363356
False,0.01,0.01,0.01,37.01,0.9182915591554534
True,0.01,0.01,0.01,49.01,1.7241113733411493
False,0.01,0.01,0.01,29.009999999999998,1.7005231277714172
False,0.01,1.01,2.01,29.009999999999998,1.4113450171430406
False,0.01,1.01,2.01,38.01,0.8710579375504082
False,1.01,1.01,0.01,39.01,1.2832253085845768
True,0.01,1.01,1.01,30.009999999999998,0.8634108402490757
False,0.01,1.01,0.01,35.01,1.1929259234575833
False,0.01,0.01,1.01,34.01,0.5680365029922094
False,0.01,0.01,1.01,44.01,1.0489657426079808
False,0.01,0.01,1.01,33.01,1.3393008574556258
True,0.01,1.01,1.01,44.01,1.1897181139317528
True,1.01,0.01,3.01,46.01,1.4372562486703797
False,2.01,1.01,2.01,37.01,0.6932897745467322
False,0.01,0.01,0.01,47.01,1.1988559559360423
True,0.01,0.01,2.01,28.009999999999998,0.8147896568909306
False,1.01,2.01,1.01,37.01,0.9106032496516313
True,0.01,0.01,0.01,35.01,0.9239925250758229
False,0.01,1.01,2.01,43.01,0.74369032023297
True,0.01,1.01,0.01,41.01,1.1488111405403933
True,1.01,0.01,1.01,36.01,0.9126532333776061
False,0.01,0.01,1.01,42.01,0.6638201736723904
False,1.01,1.01,2.01,38.01,0.7196481259968103
True,1.01,2.01,1.01,38.01,1.4841464776064697
False,0.01,2.01,1.01,48.01,0.4902845926265137
False,2.01,1.01,1.01,30.009999999999998,1.0033561874362147
False,2.01,4.01,4.01,32.01,0.9417125533619262
False,5.01,0.01,2.01,34.01,0.6751299817679128
True,0.01,0.01,1.01,37.01,1.1945314319577671
False,1.01,0.01,2.01,39.01,1.3253661767008784
False,0.01,1.01,3.01,41.01,1.0477359925868954
False,0.01,0.01,0.01,34.01,1.0587621607782898
False,0.01,1.01,1.01,29.009999999999998,0.5392661042661043
False,0.01,0.01,1.01,39.01,0.6310888502572921
False,0.01,0.01,1.01,36.01,1.665450923283431
False,1.01,0.01,1.01,50.01,0.9672077632695318
False,0.01,0.01,1.01,38.01,0.6910365087220377
False,0.01,1.01,1.01,51.01,1.4009278703483217
False,0.01,0.01,0.01,47.01,1.5615023355945246
True,0.01,0.01,1.01,36.01,0.5493310431741201
False,0.01,0.01,2.01,32.01,0.9272073385653904
True,1.01,1.01,1.01,46.01,0.7873118081120815
False,1.01,1.01,3.01,38.01,1.4479226884474432
False,0.01,1.01,0.01,36.01,1.6137447236912248
False,0.01,1.01,0.01,37.01,0.7423763625048247
True,0.01,0.01,0.01,32.01,0.8394532907133452
False,0.01,0.01,0.01,48.01,0.7318443491709515
False,1.01,0.01,2.01,52.01,1.049761426438865
True,0.01,5.01,0.01,26.009999999999998,1.609244280945237
True,1.01,1.01,1.01,32.01,0.8295215938210093
False,0.01,0.01,0.01,38.01,0.5785081360703659
False,3.01,0.01,2.01,48.01,1.0555272312759736
True,3.01,0.01,0.01,44.01,1.0965961578397723
True,3.01,2.01,2.01,35.01,0.8776718998192572
False,1.01,2.01,4.01,37.01,0.9561311929246457
False,0.01,0.01,1.01,43.01,1.8025189693248245
True,1.01,1.01,0.01,40.01,0.7215391285525925
False,4.01,0.01,1.01,44.01,1.3021995125471204
False,5.01,3.01,2.01,43.01,0.8218673481489266
False,3.01,3.01,4.01,36.01,1.0435485325741916
False,1.01,1.01,1.01,43.01,0.8949473065755755
False,0.01,0.01,0.01,33.01,0.6605108915547847
False,0.01,1.01,0.01,33.01,1.3601562142667942
False,0.01,0.01,3.01,26.009999999999998,0.7207873488295561
True,1.01,0.01,0.01,38.01,0.6197506451924583
True,0.01,1.01,2.01,35.01,0.8940947945709443
True,1.01,0.01,0.01,37.01,0.821226406089886
True,0.01,0.01,1.01,39.01,1.59897232946105
False,0.01,0.01,0.01,43.01,0.8253401540746174
False,0.01,0.01,0.01,32.01,0.9952994735616687
True,0.01,1.01,2.01,37.01,0.7554918853555189
False,0.01,0.01,0.01,30.009999999999998,0.9671838820980697
False,0.01,0.01,1.01,52.01,1.205438364363385
True,1.01,0.01,1.01,28.009999999999998,1.0883154786261289
False,0.01,0.01,0.01,43.01,1.3119427352707196
True,0.01,1.01,1.01,43.01,0.7515283328812249
False,1.01,0.01,2.01,36.01,0.72062630848052
True,1.01,0.01,2.01,30.009999999999998,1.2459854092271891
False,0.01,2.01,1.01,32.01,0.8571562023658222
False,1.01,1.01,0.01,42.01,0.7766841147858492
False,2.01,0.01,0.01,35.01,0.7298033108075053
False,0.01,0.01,0.01,32.01,0.882344067824429
False,0.01,0.01,1.01,40.01,1.0709651298786027
True,1.01,2.01,0.01,40.01,1.316176335252143
False,1.01,0.01,0.01,46.01,1.1878325481820542
True,2.01,0.01,1.01,51.01,1.2217764347016657
False,2.01,2.01,0.01,39.01,1.0286084173179937
True,1.01,2.01,5.01,47.01,1.044835700113281
True,1.01,4.01,2.01,41.01,0.7441573086448862
False,1.01,2.01,1.01,35.01,1.2927449939370124
False,0.01,3.01,0.01,40.01,1.4640704921672334
True,1.01,5.01,1.01,37.01,1.1836592634046454
True,7.01,5.01,0.01,49.01,1.0162597530609638
True,5.01,3.01,1.01,25.009999999999998,1.0524413377408572
False,0.01,0.01,0.01,33.01,0.60861502172366
True,0.01,0.01,0.01,43.01,0.9832799538760837
True,0.01,0.01,2.01,36.01,1.2192613189282053
False,0.01,0.01,0.01,36.01,0.7229385379367111
False,0.01,1.01,1.01,32.01,1.18038819511448
False,1.01,2.01,2.01,31.009999999999998,1.4003967854465902
False,2.01,0.01,0.01,35.01,0.6974182206918779
True,0.01,0.01,0.01,37.01,1.2719387424786845
False,0.01,0.01,0.01,30.009999999999998,0.7294274285982543
False,0.01,0.01,0.01,41.01,0.639664086379324
False,0.01,0.01,2.01,41.01,1.2744838181013116
False,0.01,0.01,0.01,39.01,1.0716629630133936
True,1.01,1.01,0.01,50.01,0.5492023580531646
False,1.01,1.01,0.01,39.01,0.6896897546897547
True,1.01,0.01,0.01,39.01,1.3391894655708247
False,0.01,0.01,1.01,34.01,0.6989988956066371
False,4.01,1.01,1.01,37.01,1.0883433814780563
False,0.01,0.01,2.01,32.01,0.9849275439126948
False,2.01,1.01,3.01,54.01,1.8297087625401927
True,1.01,4.01,1.01,37.01,0.7282962185604552
True,2.01,0.01,1.01,39.01,0.8895136279699958
False,0.01,1.01,1.01,41.01,1.0124503955292417
True,0.01,3.01,1.01,32.01,0.7906512529304964
True,0.01,2.01,0.01,43.01,1.44513967292213
True,1.01,0.01,0.01,44.01,0.8519338925913259
False,3.01,3.01,2.01,34.01,1.170251827063078
False,0.01,1.01,4.01,35.01,0.5563063165191648
False,1.01,2.01,0.01,38.01,0.8682374222606881
True,1.01,1.01,4.01,38.01,1.04268694403358
False,2.01,2.01,0.01,38.01,1.1749083461508174
False,5.01,4.01,1.01,45.01,1.2685720130060139
False,3.01,6.01,1.01,55.01,1.0618018435888732
True,4.01,2.01,5.01,41.01,0.9594661968593264
False,0.01,0.01,1.01,39.01,0.8488660410900212
False,0.01,0.01,0.01,32.01,0.9899626655032097
False,0.01,0.01,0.01,33.01,0.47916065295570526
True,0.01,1.01,1.01,35.01,1.0098687637919137
False,0.01,0.01,1.01,48.01,1.033676017509327
False,0.01,1.01,1.01,48.01,0.9151995467422772
False,1.01,0.01,0.01,34.01,0.45035142355601343
False,1.01,0.01,0.01,44.01,0.8695269365987771
True,0.01,0.01,1.01,52.01,1.6623495006864797
True,0.01,0.01,1.01,26.009999999999998,1.202791841345282
True,0.01,1.01,0.01,36.01,1.022044971717538
True,0.01,4.01,0.01,49.01,1.368691099950085
False,0.01,0.01,1.01,32.01,0.8234723120017238
True,2.01,0.01,1.01,40.01,0.9172221155679149
True,1.01,1.01,0.01,43.01,0.8481725670739252
True,2.01,5.01,2.01,35.01,0.6625943669228609
False,1.01,0.01,0.01,49.01,0.7730856779314562
True,2.01,0.01,2.01,40.01,1.240854520782675
True,1.01,0.01,1.01,46.01,1.4090775793407373
False,2.01,0.01,1.01,40.01,0.6965759901804113
False,1.01,2.01,3.01,31.009999999999998,0.9323221460164498
False,0.01,4.01,0.01,36.01,0.7577493330434506
False,1.01,1.01,2.01,34.01,0.6976186116722582
True,4.01,4.01,0.01,42.01,1.4523486861722157
False,2.01,2.01,1.01,39.01,0.6529517105987696
False,2.01,2.01,1.01,32.01,0.6556539182718663
True,3.01,3.01,1.01,51.01,1.1089248189094205
True,4.01,2.01,1.01,43.01,1.494160334378651
False,3.01,1.01,0.01,50.01,0.45702335350363377
False,7.01,3.01,4.01,38.01,0.8624343212351161
True,6.01,1.01,4.01,27.009999999999998,1.2744954417275844
True,6.01,1.01,1.01,31.009999999999998,1.4530050327002395
True,6.01,1.01,2.01,34.01,1.9206521775171657
False,0.01,0.01,1.01,39.01,0.7488712099462232
False,0.01,0.01,1.01,45.01,0.4377358075168813
True,0.01,0.01,0.01,50.01,1.2155543022829243
True,0.01,1.01,0.01,42.01,1.2907033624037854
False,0.01,0.01,1.01,43.01,0.87986048324065
False,0.01,1.01,0.01,51.01,0.6697017129834614
False,0.01,0.01,0.01,30.009999999999998,1.180936896752062
False,0.01,0.01,1.01,45.01,0.7854030740518774
False,0.01,0.01,0.01,38.01,1.0276919291805502
False,0.01,0.01,2.01,35.01,1.324302068140267
False,0.01,0.01,1.01,43.01,0.915806876467173
True,0.01,1.01,1.01,31.009999999999998,1.4220280183289484
True,0.01,0.01,1.01,43.01,1.6279151054609218
True,0.01,2.01,1.01,41.01,0.922763394052029
False,0.01,0.01,0.01,43.01,0.6513533579667727
False,0.01,0.01,0.01,43.01,0.7367436987562789
False,1.01,2.01,0.01,35.01,1.4241155567886832
True,0.01,0.01,0.01,44.01,1.2503392937069993
False,1.01,0.01,2.01,47.01,1.171589040311027
False,0.01,0.01,1.01,44.01,0.9266524227745249
False,0.01,1.01,0.01,38.01,0.8069119058506427
False,3.01,1.01,0.01,43.01,0.5779270607979048
True,0.01,3.01,4.01,43.01,0.7198714504859282
False,2.01,0.01,1.01,36.01,1.3961865958671775
True,2.01,1.01,1.01,39.01,1.4547097542627727
False,0.01,0.01,0.01,37.01,0.7971892916308287
False,2.01,1.01,1.01,40.01,1.3199623754468996
True,0.01,1.01,1.01,28.009999999999998,1.3062681442613164
False,0.01,4.01,0.01,39.01,0.6899756601701734
False,3.01,3.01,0.01,46.01,0.6738346457707837
True,2.01,0.01,2.01,37.01,1.3844457318354877
False,1.01,3.01,4.01,42.01,0.898910384713278
False,2.01,3.01,4.01,49.01,0.6607395046732658
True,0.01,1.01,1.01,48.01,1.0598296865325874
False,0.01,0.01,0.01,34.01,1.307250891776951
True,0.01,0.01,0.01,45.01,1.0002571114450236
True,0.01,0.01,1.01,54.01,1.2815129862659056
False,0.01,1.01,0.01,39.01,1.4955225802981216
False,0.01,0.01,2.01,41.01,0.6591270949849131
False,1.01,0.01,0.01,42.01,1.3548422571193706
False,0.01,0.01,0.01,31.009999999999998,0.46033888974185067
False,0.01,0.01,0.01,26.009999999999998,0.7951371472530383
True,0.01,0.01,1.01,44.01,1.0841962684382398
False,1.01,1.01,1.01,39.01,0.8950439192431557
False,2.01,1.01,0.01,40.01,1.3272485713964282
True,0.01,1.01,2.01,42.01,1.7460840372555744
True,1.01,0.01,0.01,34.01,1.2785463717232812
False,1.01,1.01,1.01,36.01,1.194820550652435
True,0.01,0.01,1.01,45.01,0.8813145788757325
True,1.01,1.01,2.01,54.01,1.1369052365192511
True,2.01,0.01,1.01,39.01,1.2168635299821955
False,1.01,1.01,1.01,36.01,1.00259416587424
False,0.01,0.01,2.01,40.01,0.5979430230985877
False,2.01,1.01,2.01,40.01,1.1183592149458659
True,0.01,1.01,1.01,39.01,1.1030537928496185
True,0.01,0.01,1.01,39.01,1.1519296761924644
False,4.01,1.01,3.01,38.01,1.0729792647439707
False,2.01,3.01,1.01,40.01,0.4819860506611867
False,2.01,4.01,0.01,42.01,1.8520556341828718
True,0.01,2.01,1.01,41.01,1.7586894771354293
False,0.01,2.01,0.01,27.009999999999998,0.7266646050314681
False,1.01,0.01,4.01,34.01,1.2352355455666955
False,4.01,3.01,2.01,39.01,1.0255219985973458
True,1.01,4.01,3.01,37.01,0.8260073479152426
False,6.01,1.01,0.01,40.01,0.6125453289225126
False,6.01,4.01,4.01,39.01,0.7138064496964802
False,0.01,0.01,0.01,39.01,0.8704601701562918
False,0.01,1.01,2.01,39.01,0.7509059528014529
False,0.01,0.01,1.01,32.01,0.7206079358237468
False,0.01,0.01,0.01,47.01,0.7048976260477522
True,0.01,1.01,0.01,43.01,0.981695363365195
True,0.01,1.01,1.01,36.01,1.1068125654538696
True,0.01,0.01,1.01,32.01,0.7148114820644118
True,0.01,0.01,1.01,36.01,0.9249937217778457
True,0.01,0.01,0.01,42.01,0.9888711537861259
True,0.01,2.01,0.01,42.01,1.199542468768475
True,0.01,0.01,1.01,33.01,0.9754958432498062
False,0.01,0.01,0.01,32.01,1.180950553274407
True,1.01,0.01,2.01,39.01,0.8400953000939128
False,0.01,0.01,1.01,43.01,1.1279491132201735
False,0.01,0.01,1.01,44.01,0.992931391667404
True,0.01,1.01,1.01,45.01,0.7853944606531289
False,0.01,0.01,0.01,36.01,0.7154261396796402
False,0.01,0.01,1.01,36.01,1.0087558737501132
False,2.01,1.01,0.01,41.01,0.7576150232462475
True,1.01,4.01,1.01,49.01,0.5591363442360345
True,1.01,1.01,1.01,48.01,1.0772195266258406
False,0.01,2.01,0.01,38.01,1.478063764938765
False,1.01,0.01,1.01,25.009999999999998,1.2535817050942688
True,0.01,1.01,0.01,54.01,0.9977965562769859
False,1.01,2.01,0.01,41.01,1.2212533115480457
False,0.01,0.01,0.01,57.01,0.9258412876773574
False,2.01,2.01,1.01,37.01,0.6641610646168036
False,1.01,0.01,0.01,46.01,1.226437673889085
False,0.01,1.01,2.01,54.01,0.9316695876350556
False,2.01,3.01,3.01,37.01,1.3790097478205743
True,7.01,3.01,0.01,41.01,0.8546118174114858
True,5.01,5.01,2.01,33.01,1.2135106063055978
True,10.01,3.01,0.01,33.01,1.010213564668144
False,1.01,1.01,1.01,41.01,0.24881103853608194
True,1.01,1.01,1.01,31.009999999999998,1.3263755545558218
False,0.01,0.01,1.01,38.01,0.9467589675464438
True,0.01,0.01,0.01,30.009999999999998,1.0574561093864738
False,0.01,1.01,1.01,40.01,0.6826176130360613
False,0.01,0.01,0.01,47.01,1.203412572275208
False,1.01,1.01,0.01,39.01,1.245975440712141
False,0.01,0.01,2.01,38.01,0.782975497999282
True,1.01,0.01,1.01,45.01,1.002808750877113
False,0.01,0.01,3.01,38.01,1.3287233557443556
True,1.01,3.01,1.01,40.01,1.112664315727461
False,0.01,0.01,0.01,34.01,1.1825433851141016
False,0.01,0.01,0.01,36.01,0.5318577434811955
True,1.01,0.01,0.01,34.01,0.8866308037673251
False,2.01,0.01,0.01,33.01,1.1715905099078927
False,2.01,3.01,3.01,30.009999999999998,0.7011134216514195
False,0.01,2.01,1.01,37.01,0.7402481402943905
True,1.01,1.01,2.01,45.01,0.8169809448306399
False,0.01,2.01,0.01,34.01,1.1833923720424984
False,3.01,2.01,0.01,49.01,1.4211225559833442
False,2.01,4.01,2.01,35.01,1.268798035951325
False,0.01,1.01,2.01,39.01,0.8331574504260858
True,1.01,0.01,1.01,37.01,0.4296300414386643
True,2.01,2.01,2.01,30.009999999999998,1.2965953233591077
False,2.01,5.01,2.01,39.01,1.5941864850213545
False,3.01,2.01,3.01,34.01,0.41730852945259933
True,3.01,5.01,1.01,44.01,0.7140050867074533
True,1.01,7.01,1.01,38.01,0.816789547106548
False,1.01,3.01,0.01,36.01,1.0312170419753672
True,7.01,4.01,0.01,45.01,0.6585184397645698
False,4.01,5.01,0.01,42.01,1.28624605597112
False,6.01,7.01,2.01,32.01,1.0142469870806123
False,0.01,0.01,0.01,26.009999999999998,0.43657581744058727
False,0.01,2.01,1.01,52.01,1.0293650210271104
True,0.01,0.01,1.01,33.01,0.8844861523324521
False,0.01,0.01,0.01,40.01,1.558939249584617
True,0.01,1.01,0.01,27.009999999999998,0.996031487573583
False,0.01,0.01,1.01,51.01,0.79510441940589
True,0.01,0.01,0.01,39.01,0.7550984380003424
True,0.01,0.01,0.01,32.01,0.6798631739294794
False,2.01,1.01,3.01,38.01,0.7292075246031633
False,0.01,1.01,0.01,51.01,0.7418975533398878
True,0.01,1.01,2.01,34.01,0.7433670156517789
False,0.01,0.01,1.01,36.01,1.100079765983154
False,1.01,0.01,0.01,35.01,0.9876154361399148
False,0.01,0.01,1.01,39.01,1.5879918340435024
True,0.01,1.01,0.01,43.01,0.8821645287371458
False,0.01,2.01,0.01,42.01,0.5876373444212318
True,2.01,1.01,1.01,39.01,0.6471321658275331
True,1.01,2.01,1.01,49.01,1.0668698241875478
False,0.01,0.01,1.01,44.01,0.6337520813293892
False,1.01,0.01,0.01,34.01,0.9033272909713687
False,2.01,1.01,1.01,51.01,1.368078816818098
True,1.01,4.01,0.01,47.01,1.4554751301176259
False,0.01,1.01,2.01,41.01,0.9947797081317757
False,1.01,3.01,2.01,60.01,0.6567209333576776
False,1.01,0.01,1.01,43.01,1.1979148637262378
True,3.01,4.01,0.01,34.01,0.6594803148983528
False,0.01,2.01,0.01,38.01,0.775195253113695
True,4.01,7.01,3.01,48.01,0.9683442471997353
False,2.01,1.01,2.01,35.01,0.999615842779225
False,9.01,3.01,1.01,45.01,1.3143327927519102
False,4.01,3.01,2.01,41.01,0.9667047775784833
False,6.01,4.01,2.01,41.01,1.8122378968317954
True,1.01,0.01,0.01,38.01,1.5827217336420842
True,3.01,0.01,1.01,39.01,1.540741356961551
True,3.01,0.01,1.01,45.01,1.1148505136512008
False,1.01,0.01,1.01,41.01,1.279985037221081
False,0.01,1.01,1.01,51.01,0.8158103599000567
False,0.01,0.01,0.01,38.01,1.2235271142683182
False,1.01,0.01,0.01,40.01,1.2960921983273839
True,0.01,0.01,1.01,43.01,0.7907987495281458
False,1.01,0.01,0.01,33.01,0.914968210599953
False,1.01,2.01,0.01,38.01,1.2810223037005102
True,0.01,0.01,2.01,47.01,1.1015865249717598
True,0.01,0.01,1.01,38.01,0.8466842752792231
True,0.01,1.01,0.01,37.01,0.8732200002853148
False,2.01,1.01,2.01,41.01,0.7299363165505057
True,2.01,0.01,2.01,39.01,0.9546788884214406
False,0.01,1.01,0.01,35.01,0.8701278951393367
False,0.01,1.01,1.01,44.01,1.2202521511498081
False,2.01,2.01,1.01,43.01,0.3746392496392496
True,1.01,0.01,0.01,47.01,1.504439437951514
False,1.01,2.01,0.01,36.01,0.6635405698182143
False,1.01,0.01,0.01,38.01,0.9143709219812536
False,1.01,0.01,0.01,37.01,1.5883612490698775
False,0.01,1.01,2.01,40.01,0.9231012116105843
False,0.01,4.01,0.01,40.01,1.4686401670225195
False,0.01,1.01,0.01,39.01,1.1486279943460795
True,3.01,0.01,2.01,37.01,1.7795416613864432
False,3.01,1.01,1.01,53.01,1.4277975853753724
True,1.01,2.01,1.01,48.01,1.1250133938209776
True,1.01,4.01,2.01,41.01,1.3147781062566504
False,4.01,4.01,2.01,42.01,1.0024766395197857
False,2.01,3.01,0.01,41.01,0.8776343370408443
False,6.01,5.01,2.01,40.01,0.9670082968275598
True,1.01,0.01,0.01,45.01,1.2858464983743574
False,1.01,1.01,2.01,41.01,0.7500267320469993
False,0.01,1.01,0.01,51.01,1.147248341610043
False,0.01,0.01,2.01,41.01,0.7510951034518523
False,0.01,0.01,0.01,41.01,1.2548777938511348
True,0.01,0.01,0.01,37.01,1.5259550424878578
False,2.01,1.01,0.01,36.01,1.2102320135136495
True,0.01,0.01,1.01,44.01,1.3352618563254248
False,1.01,1.01,1.01,45.01,0.7149937999882948
False,0.01,0.01,1.01,38.01,1.1318888701365655
False,0.01,1.01,0.01,49.01,0.8504289434744425
True,1.01,2.01,1.01,29.009999999999998,0.7166712089013912
False,0.01,1.01,0.01,36.01,1.0344143733257205
False,0.01,0.01,0.01,41.01,0.7634345236316861
True,1.01,0.01,0.01,33.01,1.7851615955756572
False,1.01,0.01,0.01,41.01,0.8633189261091738
False,0.01,0.01,2.01,45.01,0.7454760246442201
False,0.01,1.01,1.01,37.01,0.8822998105102262
False,0.01,0.01,1.01,42.01,0.7720096879832751
True,1.01,1.01,0.01,39.01,1.4393539728746092
False,2.01,3.01,1.01,45.01,0.8961358664172084
True,2.01,1.01,0.01,38.01,0.7531263937821229
True,1.01,0.01,0.01,37.01,0.9158719518246821
False,1.01,3.01,1.01,47.01,1.3615965677835462
False,3.01,2.01,2.01,45.01,1.2989721330202277
True,3.01,7.01,0.01,48.01,0.9940570480119926
False,2.01,3.01,0.01,43.01,1.2655760398940548
False,3.01,6.01,2.01,47.01,0.5640403704301219
True,4.01,1.01,3.01,35.01,0.5750804680846697
False,13.01,10.01,3.01,38.01,1.5521290588105978
False,2.01,6.01,1.01,30.009999999999998,0.5456259549274255
False,10.01,5.01,3.01,39.01,1.6414494365298806
False,0.01,0.01,0.01,38.01,0.7799554725998138
False,1.01,1.01,1.01,43.01,0.4861416676834805
False,1.01,0.01,0.01,38.01,1.0286057312975287
False,0.01,1.01,1.01,37.01,1.4256111862487377
True,0.01,0.01,1.01,53.01,0.7333022704355525
False,0.01,0.01,2.01,44.01,0.8261730508992171
True,0.01,2.01,1.01,32.01,0.7690625826675589
False,1.01,0.01,3.01,39.01,1.2467281657550935
True,1.01,1.01,3.01,37.01,1.0924277745487425
False,0.01,0.01,1.01,37.01,0.8592688341754297
False,0.01,0.01,1.01,31.009999999999998,0.8662241012845531
True,0.01,0.01,2.01,30.009999999999998,0.6247537069518493
False,1.01,0.01,1.01,29.009999999999998,1.2666488760529007
True,1.01,0.01,0.01,39.01,1.1077314880977094
True,0.01,1.01,1.01,37.01,0.7104897062474098
True,0.01,2.01,0.01,36.01,0.8844042409687985
False,2.01,1.01,1.01,42.01,1.3726089184087469
False,1.01,0.01,1.01,39.01,0.9578460924029182
False,1.01,2.01,1.01,42.01,1.2889273439502271
False,2.01,1.01,2.01,34.01,1.4266380810245483
True,0.01,9.01,2.01,37.01,1.39089469570906
False,4.01,0.01,1.01,33.01,0.8417819578102758
False,1.01,0.01,1.01,38.01,0.9718102072150185
False,6.01,3.01,3.01,35.01,0.7752295238756493
False,5.01,1.01,1.01,38.01,1.2799482738679022
True,3.01,2.01,2.01,46.01,0.8416679231465332
False,6.01,6.01,3.01,41.01,1.4031778637134613
True,1.01,9.01,0.01,41.01,1.3988291093281424
False,3.01,3.01,1.01,39.01,0.8093865587027068
True,8.01,5.01,5.01,32.01,1.1089786215575155
False,8.01,8.01,0.01,32.01,1.2670568091197996
False,7.01,5.01,3.01,37.01,0.9417819120434772
False,0.01,0.01,1.01,44.01,1.4139003972205135
False,1.01,0.01,0.01,33.01,1.0028143738583482
True,3.01,0.01,0.01,44.01,1.1313244545022605
False,0.01,0.01,1.01,32.01,0.8721823797054984
False,0.01,0.01,2.01,29.009999999999998,1.3140843840825538
False,0.01,0.01,1.01,35.01,0.7231791613515371
True,0.01,1.01,0.01,46.01,0.8387062472404176
False,1.01,0.01,0.01,34.01,1.2016132668468746
True,0.01,0.01,3.01,41.01,0.7248890343259538
False,0.01,1.01,0.01,48.01,0.6913170875105219
False,1.01,1.01,0.01,36.01,0.889555946823467
True,0.01,0.01,3.01,29.009999999999998,0.4013693516713162
True,0.01,2.01,0.01,41.01,0.7241715792387714
False,0.01,0.01,0.01,36.01,1.0396765135907897
True,2.01,0.01,0.01,51.01,0.6756302588909678
False,1.01,1.01,0.01,35.01,0.8693625287320096
True,2.01,1.01,1.01,35.01,0.8325912104857586
True,1.01,1.01,1.01,42.01,0.9740478575468717
False,3.01,1.01,0.01,30.009999999999998,1.2535424880675596
True,3.01,4.01,0.01,31.009999999999998,1.3705722135167262
False,2.01,3.01,1.01,40.01,1.0405659506802185
False,4.01,1.01,0.01,32.01,0.9794247484200411
False,0.01,0.01,1.01,29.009999999999998,1.0213748179775488
False,2.01,0.01,0.01,36.01,0.9630953141937124
True,3.01,3.01,5.01,46.01,0.7610235264042692
False,5.01,3.01,0.01,42.01,0.6850332184155714
True,4.01,2.01,1.01,32.01,1.4269125810341732
True,9.01,6.01,3.01,33.01,0.8107280813414088
False,5.01,4.01,0.01,52.01,1.1444469094064806
True,11.01,8.01,2.01,38.01,1.2750714782293728
True,6.01,3.01,1.01,27.009999999999998,1.2833060057844503
True,4.01,7.01,3.01,39.01,0.6384465186141494
True,0.01,0.01,1.01,52.01,0.6574554880971132
False,1.01,3.01,0.01,43.01,0.5090125071007425
False,1.01,0.01,1.01,37.01,0.7294861395432033
False,0.01,0.01,1.01,45.01,0.9742410729367252
True,5.01,2.01,0.01,36.01,0.8420531163092118
False,1.01,0.01,3.01,41.01,1.448779485774714
False,0.01,0.01,0.01,41.01,1.410648613215262
True,0.01,0.01,1.01,40.01,0.985177026752104
True,0.01,0.01,0.01,33.01,0.7839037127107765
False,0.01,3.01,1.01,34.01,1.1839702132739038
True,1.01,4.01,2.01,38.01,1.3516311446106841
False,2.01,1.01,1.01,44.01,0.8061856367724846
True,1.01,0.01,2.01,44.01,0.48583593073549985
True,1.01,2.01,0.01,39.01,0.9383432498873676
True,3.01,0.01,2.01,39.01,0.35770342095327756
False,1.01,2.01,0.01,38.01,0.8690022548180939
False,1.01,3.01,2.01,44.01,0.5286389321469966
False,0.01,3.01,1.01,39.01,0.9749335097213535
False,0.01,3.01,0.01,37.01,1.0782810187827794
False,1.01,0.01,0.01,53.01,0.6978764079313888
True,3.01,2.01,2.01,35.01,1.461165836227756
False,5.01,0.01,0.01,40.01,0.4774429564856062
False,3.01,3.01,1.01,36.01,0.8172872801181813
False,3.01,6.01,2.01,35.01,1.117160644417046
False,6.01,3.01,1.01,41.01,1.1670688894601937
False,9.01,4.01,2.01,41.01,1.08608682123217
True,9.01,2.01,1.01,33.01,0.8476933923954048
False,3.01,9.01,3.01,38.01,0.9923416239860665
False,11.01,6.01,4.01,53.01,1.3833416970480417
True,9.01,7.01,4.01,37.01,0.7374949572530216
False,8.01,5.01,5.01,38.01,0.5737736304437279
False,14.01,18.009999999999998,5.01,40.01,0.6926933097724173
True,0.01,1.01,1.01,42.01,0.8164759635742321
True,0.01,1.01,3.01,49.01,0.6952368134833165
False,3.01,1.01,2.01,42.01,0.8244782505076623
True,1.01,2.01,2.01,45.01,0.7078281534974898
True,1.01,1.01,2.01,44.01,1.0007938142978166
False,1.01,2.01,1.01,35.01,0.9748265682120532
True,2.01,1.01,2.01,39.01,1.1695477012705884
False,0.01,0.01,3.01,46.01,0.7763619643049503
False,0.01,1.01,1.01,40.01,0.8270028949014371
False,1.01,1.01,0.01,38.01,1.1490833446824964
True,0.01,1.01,2.01,53.01,0.7419826964569853
False,3.01,1.01,1.01,35.01,0.9018053802381153
False,1.01,3.01,2.01,40.01,1.3440776761364996
False,2.01,3.01,1.01,36.01,1.0300410080310312
False,1.01,2.01,2.01,43.01,0.7695739205390788
True,6.01,4.01,1.01,46.01,1.7250762505815755
False,2.01,6.01,4.01,44.01,1.5133716794202523
True,2.01,4.01,2.01,44.01,1.1416611596780637
True,3.01,1.01,2.01,42.01,1.0941962379404773
False,4.01,4.01,1.01,41.01,0.7623935981303555
False,7.01,3.01,1.01,38.01,1.593582979182695
False,4.01,5.01,2.01,45.01,1.080617113112163
True,2.01,7.01,2.01,55.01,1.6038320994470259
True,5.01,6.01,1.01,41.01,1.2876461549151548
False,8.01,6.01,3.01,36.01,0.9221643894263004
False,5.01,2.01,0.01,51.01,1.2718619088208638
False,4.01,2.01,2.01,51.01,0.9465988094108805
False,6.01,9.01,1.01,40.01,1.1753271285452138
False,10.01,6.01,1.01,52.01,0.49195539864838467
True,8.01,6.01,1.01,36.01,1.1849957888917844
True,17.009999999999998,21.009999999999998,4.01,38.01,1.6649320047313965
False,6.01,11.01,1.01,38.01,1.16093453410772
False,1.01,1.01,1.01,45.01,1.3886769356312867
False,0.01,0.01,1.01,34.01,0.462503925028306
True,1.01,0.01,2.01,47.01,2.5383019984178037
False,0.01,1.01,1.01,36.01,1.0114166314478317
False,1.01,2.01,1.01,37.01,0.3860125675729
False,0.01,2.01,0.01,38.01,0.6378323964830985
False,0.01,1.01,1.01,43.01,1.2480951841748806
False,1.01,0.01,1.01,31.009999999999998,0.699924646459146
True,0.01,1.01,3.01,36.01,1.2114542996860194
False,0.01,1.01,4.01,46.01,0.6913485158476051
False,0.01,1.01,2.01,43.01,1.4243257577307964
True,2.01,4.01,2.01,32.01,0.9475173907866322
True,1.01,2.01,1.01,48.01,1.163858287415715
True,1.01,0.01,2.01,34.01,1.597576579274998
False,1.01,1.01,1.01,45.01,0.8099875956411591
False,2.01,0.01,2.01,34.01,1.3350452530607118
True,2.01,6.01,4.01,47.01,1.1561139699363503
True,0.01,4.01,0.01,39.01,1.5202639492522967
False,3.01,0.01,2.01,36.01,1.064264640874548
True,3.01,2.01,2.01,40.01,0.5946283177840468
False,4.01,1.01,0.01,44.01,1.640800817177272
True,2.01,3.01,0.01,41.01,0.9627311430353149
False,2.01,3.01,2.01,42.01,0.6770475110243713
False,3.01,0.01,2.01,42.01,0.8185346608622078
True,6.01,3.01,3.01,34.01,0.8084634985690676
False,3.01,2.01,2.01,28.009999999999998,0.881007039625386
True,8.01,6.01,3.01,36.01,1.5088212079282084
False,8.01,5.01,0.01,46.01,0.6497495191688555
False,7.01,14.01,1.01,27.009999999999998,0.9287535769677921
False,12.01,11.01,3.01,43.01,0.7427774434821662
False,14.01,7.01,4.01,38.01,0.8444030488048874
False,15.01,14.01,2.01,21.009999999999998,1.1721242537419008
False,4.01,1.01,1.01,31.009999999999998,0.6579613934776979
True,2.01,2.01,1.01,33.01,0.7957061922634556
False,0.01,0.01,1.01,37.01,0.8738722799548702
True,6.01,2.01,1.01,29.009999999999998,0.7168300631980349
False,3.01,1.01,0.01,42.01,1.2919835302657312
False,0.01,2.01,2.01,28.009999999999998,1.5896969286577094
False,4.01,1.01,2.01,54.01,1.16528465694832
True,2.01,4.01,1.01,40.01,1.2746607524054823
True,0.01,2.01,1.01,36.01,0.9897590609091871
True,2.01,2.01,0.01,39.01,0.8567471263889734
False,5.01,0.01,0.01,34.01,0.5567611088048892
True,0.01,3.01,1.01,35.01,0.9422538051468576
False,2.01,2.01,2.01,48.01,1.0422793733060995
False,3.01,3.01,1.01,36.01,0.45715314237822663
False,3.01,1.01,3.01,48.01,1.4085786847866966
False,4.01,2.01,1.01,34.01,0.5951675900588945
False,3.01,6.01,1.01,39.01,1.133500924773808
True,3.01,3.01,3.01,49.01,0.8697032233698405
True,5.01,5.01,1.01,34.01,1.7724432641655163
True,4.01,5.01,3.01,27.009999999999998,1.2323641492569688
False,4.01,1.01,3.01,29.009999999999998,1.4464764061574225
True,7.01,4.01,0.01,38.01,1.0844024793442615
False,6.01,4.01,1.01,38.01,1.0791156584500239
False,3.01,6.01,1.01,36.01,0.7222475409287554
False,4.01,6.01,0.01,43.01,1.2390045622866428
False,9.01,6.01,1.01,37.01,1.14020787617133
False,7.01,5.01,2.01,43.01,0.5824727676361426
False,7.01,4.01,1.01,38.01,0.5939378357892882
False,11.01,10.01,2.01,37.01,0.9846087664225015
True,16.009999999999998,17.009999999999998,1.01,37.01,0.9548701026642203
False,23.009999999999998,16.009999999999998,0.01,27.009999999999998,0.762657432951963
False,15.01,13.01,1.01,44.01,1.1278036729818348
False,0.01,1.01,4.01,44.01,0.8175522391162396
False,3.01,1.01,2.01,44.01,1.3703519716076737
True,2.01,1.01,0.01,37.01,0.5888367176319084
True,2.01,2.01,1.01,38.01,0.8167561172836819
True,1.01,2.01,0.01,37.01,0.755539488031748
True,1.01,2.01,0.01,43.01,1.0356250340995476
True,1.01,2.01,0.01,44.01,1.0813612830761226
False,0.01,1.01,2.01,42.01,0.693059457426688
False,0.01,1.01,0.01,29.009999999999998,0.5722901234353832
True,1.01,2.01,0.01,37.01,1.4197556951602277
False,3.01,2.01,1.01,33.01,1.0350284951016278
False,1.01,0.01,2.01,44.01,1.563150794347413
False,1.01,0.01,2.01,40.01,0.9864307472700407
True,2.01,4.01,2.01,47.01,0.6799854508495315
False,3.01,4.01,2.01,34.01,0.526763943474281
True,3.01,4.01,4.01,45.01,0.6824325434288286
True,2.01,5.01,2.01,41.01,1.37751580726168
False,1.01,2.01,0.01,37.01,1.0433989313219574
False,1.01,1.01,1.01,47.01,1.2151687015047747
False,4.01,4.01,1.01,35.01,1.0070344440817
False,3.01,2.01,1.01,39.01,0.9709793677233364
True,5.01,2.01,0.01,33.01,1.367650382715588
False,2.01,4.01,2.01,35.01,0.9013824061967913
True,3.01,5.01,1.01,43.01,1.0120382445935296
False,2.01,2.01,2.01,32.01,1.4860422567162248
False,6.01,0.01,1.01,36.01,0.9746686048518611
False,8.01,3.01,2.01,37.01,1.4126310032548133
True,8.01,7.01,1.01,52.01,0.9856735677749611
True,4.01,7.01,2.01,44.01,0.5739501744398046
False,4.01,10.01,3.01,41.01,1.4749521228546418
False,13.01,5.01,0.01,34.01,1.1223768834368806
False,20.009999999999998,14.01,2.01,43.01,0.7157612000571117
False,0.01,2.01,0.01,42.01,0.9692786909231251
False,1.01,0.01,1.01,29.009999999999998,0.9219615634703218
False,0.01,0.01,0.01,42.01,0.8855420977164115
False,1.01,2.01,3.01,40.01,1.10081754362079
False,2.01,1.01,3.01,38.01,0.7038934916026134
True,2.01,0.01,2.01,39.01,0.8813539652068003
True,3.01,2.01,4.01,46.01,1.6153774404889965
False,1.01,0.01,1.01,32.01,0.9429124265401089
False,0.01,1.01,2.01,49.01,1.0332084899232006
True,2.01,1.01,0.01,31.009999999999998,1.3109326817924896
False,0.01,0.01,2.01,29.009999999999998,1.0270167113274689
True,1.01,0.01,1.01,39.01,1.3022224712062052
False,0.01,1.01,1.01,39.01,1.4101536564096209
False,1.01,3.01,3.01,36.01,0.7305350205350205
False,2.01,0.01,1.01,37.01,0.5832057530120658
True,1.01,1.01,4.01,33.01,0.9654728066374589
False,2.01,2.01,0.01,51.01,0.6462209372278828
True,1.01,1.01,0.01,37.01,1.195259129580417
False,3.01,2.01,1.01,31.009999999999998,0.8238214882148147
True,3.01,5.01,3.01,25.009999999999998,1.8249906420693904
True,2.01,1.01,0.01,42.01,1.0720044737575696
True,1.01,4.01,2.01,30.009999999999998,0.7893653670159593
True,2.01,3.01,3.01,29.009999999999998,0.5058235645192166
False,5.01,4.01,2.01,40.01,1.551288260747092
False,5.01,2.01,3.01,41.01,0.8124401561369708
True,4.01,9.01,1.01,33.01,1.6913919497089969
False,5.01,7.01,1.01,38.01,0.7557060914016883
False,4.01,7.01,2.01,47.01,0.8956212026277816
False,14.01,7.01,2.01,30.009999999999998,0.6034581312566836
False,6.01,23.009999999999998,3.01,46.01,1.0009933120115184
False,15.01,11.01,2.01,30.009999999999998,0.8519435604893862
False,24.009999999999998,20.009999999999998,3.01,38.01,1.3273083250068085
True,0.01,0.01,1.01,32.01,1.5639004390658253
True,1.01,0.01,4.01,45.01,0.566680771821007
True,2.01,3.01,4.01,40.01,0.9732536784216028
False,0.01,1.01,2.01,38.01,1.1512446165712584
True,5.01,0.01,1.01,49.01,1.1801871963162285
False,1.01,3.01,0.01,46.01,0.8822774209650853
True,0.01,4.01,3.01,42.01,0.9266056265297765
False,1.01,2.01,3.01,47.01,0.8717465141465732
True,3.01,0.01,3.01,39.01,0.5179641423391423
True,2.01,1.01,0.01,44.01,1.2884268281913576
False,1.01,2.01,1.01,48.01,1.1339367042871422
False,1.01,0.01,4.01,47.01,1.1884574061389066
False,4.01,2.01,0.01,33.01,0.9713109633753472
False,5.01,1.01,4.01,38.01,1.0208470672561265
True,2.01,1.01,2.01,46.01,1.195174792885316
False,2.01,3.01,0.01,36.01,0.895392216940381
True,2.01,1.01,1.01,35.01,1.056300601627825
True,5.01,4.01,1.01,39.01,1.1453501232999568
False,2.01,3.01,2.01,37.01,0.9465898301306838
False,3.01,3.01,2.01,48.01,1.2819989609367088
False,0.01,5.01,3.01,40.01,1.6827169978511516
False,2.01,3.01,1.01,34.01,0.7404851270563391
False,4.01,7.01,3.01,37.01,1.026638838035972
True,12.01,3.01,3.01,45.01,1.159098105002873
False,4.01,7.01,1.01,28.009999999999998,1.4051712799815266
False,5.01,8.01,3.01,39.01,2.2880753144527417
True,7.01,5.01,0.01,51.01,0.8294669819784236
True,9.01,7.01,0.01,55.01,0.7057488425132165
False,9.01,10.01,0.01,38.01,1.0935281948747553
False,8.01,11.01,7.01,31.009999999999998,0.7974204470008543
False,11.01,4.01,1.01,45.01,1.2220175596966578
False,19.009999999999998,15.01,3.01,40.01,1.8591080536481013
False,1.01,2.01,2.01,37.01,0.9044929013820728
False,1.01,3.01,1.01,43.01,0.5669832400064267
False,5.01,2.01,1.01,52.01,1.0703873638493957
False,2.01,0.01,2.01,49.01,1.4557081512785728
False,5.01,1.01,0.01,37.01,0.8523894647202566
False,4.01,2.01,5.01,37.01,2.0105751940788212
True,4.01,3.01,2.01,36.01,0.8136942815143304
True,5.01,7.01,2.01,45.01,1.2953225297212971
True,1.01,3.01,2.01,27.009999999999998,0.496714044989907
True,4.01,3.01,1.01,44.01,1.59367780498696
False,5.01,2.01,3.01,43.01,1.9277531237881333
True,1.01,7.01,2.01,41.01,0.7744151521935735
True,3.01,5.01,0.01,47.01,1.461749263272889
False,2.01,7.01,3.01,32.01,0.8083336506939998
False,3.01,4.01,2.01,56.01,0.9085926275806439
False,4.01,2.01,2.01,40.01,0.9330685473069088
False,6.01,8.01,4.01,33.01,1.9670224459456414
False,6.01,5.01,0.01,31.009999999999998,1.1609995993868083
True,3.01,7.01,1.01,34.01,0.916502149826285
False,3.01,3.01,0.01,38.01,0.5642500930987138
False,10.01,4.01,2.01,38.01,0.742484177213279
False,8.01,6.01,1.01,47.01,0.8274183588672143
True,1.01,3.01,2.01,38.01,1.2173538116851446
False,17.009999999999998,4.01,3.01,42.01,0.651732988966555
True,15.01,6.01,3.01,37.01,0.6807804779786203
False,12.01,4.01,5.01,38.01,1.2537895487575794
True,15.01,15.01,2.01,31.009999999999998,1.179054725204707
False,13.01,14.01,1.01,37.01,1.31302611346342
True,16.009999999999998,15.01,0.01,40.01,0.9241731863169811
False,21.009999999999998,24.009999999999998,2.01,30.009999999999998,1.3967461282221867
False,22.009999999999998,15.01,3.01,38.01,1.148524897098751
False,29.009999999999998,30.009999999999998,1.01,36.01,1.781459335017054
True,2.01,7.01,3.01,35.01,1.625927430631845
False,1.01,2.01,3.01,41.01,1.2388328580070866
True,2.01,3.01,2.01,30.009999999999998,2.2468344298016976
True,2.01,2.01,2.01,47.01,1.5036338622252359
True,4.01,1.01,1.01,45.01,1.1640907274184475
False,0.01,2.01,1.01,43.01,1.1900038243633446
False,4.01,3.01,3.01,33.01,1.2283807220217415
False,3.01,5.01,4.01,52.01,0.6119370213710221
False,2.01,1.01,3.01,42.01,0.9071400696515113
True,4.01,8.01,2.01,37.01,1.1619962458217274
False,3.01,1.01,1.01,37.01,1.6377135579054967
False,0.01,5.01,3.01,37.01,0.9679881682252659
False,4.01,3.01,6.01,40.01,1.285072143915544
True,4.01,7.01,1.01,29.009999999999998,1.2309717916766114
False,3.01,2.01,2.01,40.01,0.8934868831557703
False,4.01,2.01,2.01,40.01,1.1211395678075387
True,10.01,2.01,7.01,35.01,1.2881635545016463
True,7.01,10.01,5.01,29.009999999999998,0.7299763772575728
True,7.01,5.01,2.01,47.01,0.9946805898943932
True,11.01,7.01,2.01,41.01,1.0257941894797389
False,10.01,7.01,1.01,40.01,1.0214019451480751
False,11.01,9.01,0.01,34.01,1.0120750570390642
False,10.01,16.009999999999998,4.01,32.01,1.1501230305642072
False,10.01,12.01,2.01,39.01,0.8233727663289525
True,8.01,10.01,3.01,39.01,1.0387752099253362
True,7.01,13.01,2.01,45.01,1.8066055510694297
True,7.01,16.009999999999998,6.01,34.01,0.9751697204545152
False,8.01,15.01,0.01,55.01,1.2821838158344379
True,16.009999999999998,19.009999999999998,1.01,43.01,1.7042070956198951
False,24.009999999999998,17.009999999999998,3.01,38.01,1.1964078132348432
False,18.009999999999998,21.009999999999998,9.01,41.01,1.267796725000624
False,29.009999999999998,34.01,1.01,35.01,0.9077386085008035
True,0.01,1.01,2.01,46.01,1.108696939495838
True,3.01,2.01,3.01,36.01,0.6453324648527322
False,2.01,3.01,3.01,35.01,0.9773586176731377
False,2.01,1.01,3.01,34.01,1.6601518915138094
False,0.01,3.01,3.01,42.01,0.8614097728849766
True,2.01,1.01,2.01,44.01,1.50340915661387
False,2.01,2.01,2.01,29.009999999999998,1.1611248219885972
False,1.01,4.01,2.01,47.01,1.3399093859151858
False,3.01,6.01,5.01,57.01,0.8166012221312964
False,1.01,2.01,1.01,36.01,1.1029287631567544
True,5.01,1.01,2.01,35.01,1.0256867267886873
True,3.01,3.01,0.01,41.01,1.145138996877358
True,1.01,2.01,6.01,38.01,0.8688426368973573
True,5.01,4.01,4.01,40.01,0.9151935650416096
True,1.01,1.01,0.01,41.01,1.331088847253392
False,0.01,1.01,2.01,40.01,0.870355883972056
True,5.01,3.01,2.01,37.01,1.9908659292298234
False,5.01,5.01,4.01,29.009999999999998,2.436120858217217
False,4.01,1.01,0.01,38.01,1.3943229678392748
False,4.01,6.01,2.01,33.01,0.9387500956200464
False,5.01,5.01,7.01,37.01,1.0710868710811319
False,5.01,17.009999999999998,1.01,34.01,1.0744333079704989
False,9.01,5.01,4.01,34.01,1.007940304641222
True,12.01,4.01,0.01,35.01,1.212980697732537
False,11.01,13.01,1.01,33.01,1.0650223737163413
False,10.01,6.01,0.01,36.01,1.3069824408467354
False,14.01,8.01,3.01,40.01,1.1191836967589293
True,16.009999999999998,23.009999999999998,1.01,38.01,0.8925643755052062
True,14.01,12.01,4.01,45.01,1.0017239016682054
False,23.009999999999998,27.009999999999998,2.01,44.01,0.8866033321089106
False,28.009999999999998,20.009999999999998,2.01,41.01,1.3407382755041066
True,34.01,31.009999999999998,2.01,39.01,0.8993438178160487
False,0.01,0.01,0.01,28.009999999999998,0.7324211034383084
True,0.01,0.01,0.01,31.009999999999998,0.8504457387610705
False,0.01,0.01,1.01,38.01,1.0116885616769862
False,0.01,0.01,1.01,36.01,0.9354617889215682
True,1.01,0.01,0.01,36.01,1.5422763582464576
False,0.01,0.01,0.01,43.01,0.605814629127752
True,0.01,1.01,1.01,42.01,1.0984606104335537
False,0.01,1.01,0.01,50.01,0.904624266710733
False,0.01,0.01,1.01,34.01,0.867361712125139
False,0.01,0.01,1.01,39.01,0.979704211120431
True,0.01,0.01,0.01,39.01,0.6492424059907497
False,0.01,0.01,1.01,34.01,0.9982383796710136
False,0.01,1.01,0.01,35.01,0.7515650250293704
True,0.01,0.01,1.01,40.01,1.0102755875077305
True,0.01,0.01,0.01,40.01,1.346908886079679
False,0.01,0.01,0.01,45.01,1.1939388649843392
False,1.01,0.01,2.01,39.01,1.0682959382869668
False,0.01,1.01,2.01,31.009999999999998,0.7006393770544594
True,0.01,0.01,0.01,37.01,1.3356899037330132
False,1.01,0.01,4.01,39.01,1.2199021800876018
True,0.01,0.01,0.01,31.009999999999998,1.4657579882229708
False,0.01,0.01,0.01,38.01,1.5439967828634191
True,0.01,0.01,0.01,41.01,0.5539058608944301
False,1.01,0.01,1.01,36.01,0.8440117631738526
True,1.01,0.01,0.01,53.01,0.879301126527293
False,0.01,0.01,1.01,34.01,1.5025142965876221
True,0.01,0.01,4.01,45.01,1.1570367615467911
True,1.01,1.01,1.01,39.01,1.1742801032502095
False,1.01,0.01,1.01,41.01,0.8618537912449068
False,0.01,1.01,0.01,37.01,0.7739781671321918
False,0.01,0.01,1.01,37.01,1.1843935559696745
True,0.01,3.01,2.01,47.01,1.06209688621098
False,1.01,3.01,0.01,29.009999999999998,1.2654059542081362
False,0.01,1.01,0.01,38.01,0.9439255283480154
True,0.01,2.01,0.01,42.01,1.2704127247988628
False,0.01,2.01,1.01,36.01,0.818752041897326
True,0.01,0.01,0.01,30.009999999999998,1.6507026937640672
False,0.01,0.01,1.01,38.01,0.8161359896409275
True,0.01,0.01,2.01,40.01,0.8870686020662975
False,0.01,0.01,0.01,49.01,1.0118099601396784
True,0.01,0.01,0.01,34.01,1.1894462071618161
False,0.01,0.01,0.01,35.01,1.0023523288440335
False,0.01,0.01,0.01,48.01,0.9203115142128517
False,0.01,0.01,2.01,29.009999999999998,1.3739111378817264
True,0.01,0.01,0.01,33.01,0.7578907895967059
False,0.01,0.01,1.01,49.01,1.2117474043494767
False,0.01,0.01,1.01,43.01,1.2008697984909473
False,1.01,0.01,0.01,28.009999999999998,0.8485811102845366
False,0.01,0.01,0.01,46.01,0.9626458173612706
True,0.01,1.01,0.01,37.01,0.7930480831443276
True,0.01,2.01,0.01,48.01,1.4144253286328672
False,0.01,0.01,1.01,41.01,1.3651188156593679
True,0.01,1.01,3.01,44.01,0.6860219083214925
False,0.01,0.01,2.01,32.01,1.044140938050918
True,0.01,0.01,1.01,45.01,1.370587053632412
True,1.01,1.01,1.01,42.01,1.6321460991637038
False,0.01,0.01,1.01,45.01,1.094447694463112
True,2.01,1.01,0.01,45.01,1.4273708793146838
False,0.01,0.01,6.01,38.01,0.9116393354779098
False,0.01,0.01,0.01,34.01,1.0245289622782157
True,0.01,0.01,2.01,28.009999999999998,1.3846656147800496
False,0.01,0.01,1.01,36.01,0.9080060699741549
True,0.01,0.01,1.01,42.01,1.8535240484153523
False,0.01,0.01,1.01,34.01,0.7617202444795325
False,0.01,0.01,1.01,39.01,1.09758279317622
False,1.01,0.01,3.01,51.01,0.589067543589733
False,0.01,0.01,0.01,41.01,0.9428280387984715
True,0.01,0.01,0.01,38.01,0.740767645242242
False,0.01,0.01,0.01,32.01,0.6823075220879492
True,1.01,0.01,0.01,36.01,1.30807957151485
False,0.01,0.01,0.01,39.01,0.9435217169427601
False,1.01,1.01,0.01,51.01,1.1151999630916996
False,0.01,0.01,0.01,42.01,0.6312096946943547
False,0.01,0.01,0.01,44.01,0.8516776076325682
True,0.01,0.01,1.01,43.01,1.0206579585348732
False,0.01,0.01,2.01,42.01,0.7201317494994658
True,1.01,0.01,0.01,46.01,1.050529978668482
True,0.01,0.01,0.01,39.01,0.931333959534568
True,0.01,0.01,0.01,40.01,0.6411004085901999
True,0.01,0.01,1.01,39.01,0.7209274535696159
True,0.01,1.01,0.01,36.01,1.180399112771215
False,1.01,1.01,1.01,37.01,0.972858640993244
True,0.01,2.01,0.01,38.01,1.5633900890128483
True,0.01,2.01,0.01,28.009999999999998,0.9325379819641674
False,1.01,0.01,0.01,45.01,1.1335598067828419
False,0.01,1.01,0.01,48.01,0.7697347549345336
False,0.01,0.01,1.01,39.01,0.6699401833395523
False,0.01,1.01,2.01,31.009999999999998,1.1580724002925655
True,1.01,1.01,1.01,36.01,0.6490739703922426
False,1.01,1.01,1.01,46.01,0.9468886488794199
False,1.01,0.01,2.01,42.01,1.0210713573084764
False,0.01,1.01,0.01,39.01,0.5224629949253123
False,2.01,1.01,1.01,40.01,1.1666351257872951
True,1.01,1.01,1.01,39.01,1.1886029388338357
False,2.01,1.01,4.01,42.01,0.9584205799007461
False,2.01,1.01,1.01,31.009999999999998,0.9601453590607839
False,0.01,2.01,3.01,37.01,1.2789576861839984
True,0.01,4.01,4.01,37.01,1.0123067061082356
False,3.01,2.01,2.01,47.01,1.584874051027565
False,0.01,0.01,0.01,48.01,1.2618068481371687
False,0.01,1.01,0.01,40.01,1.40033318802415
True,0.01,0.01,0.01,37.01,0.7733780750484339
False,0.01,0.01,1.01,46.01,0.8388143728343348
False,0.01,0.01,0.01,41.01,1.0578425475009916
False,0.01,0.01,0.01,42.01,0.8637705481838848
True,0.01,0.01,1.01,31.009999999999998,1.0762885417585915
False,0.01,0.01,0.01,52.01,1.4331766891834787
False,0.01,0.01,0.01,28.009999999999998,0.8563735040119679
False,0.01,0.01,0.01,43.01,1.0477787063121764
True,0.01,0.01,1.01,38.01,1.2789744673118117
True,0.01,0.01,0.01,42.01,1.5368853814349972
False,0.01,0.01,1.01,43.01,0.9874297446886646
False,0.01,0.01,3.01,39.01,0.9667171777814757
False,0.01,0.01,0.01,39.01,0.6039480302339402
True,0.01,0.01,0.01,35.01,0.9678349682201927
False,0.01,0.01,1.01,27.009999999999998,0.9180869051644975
True,0.01,0.01,1.01,43.01,1.035026039576097
False,0.01,0.01,0.01,41.01,0.7304269534262864
True,0.01,0.01,0.01,40.01,0.7982321790640974
False,0.01,0.01,1.01,40.01,0.9841623405854907
True,0.01,0.01,2.01,42.01,1.1780245994316112
True,0.01,0.01,0.01,39.01,1.4861636997848953
False,0.01,0.01,2.01,41.01,1.1847709518887797
True,0.01,0.01,1.01,35.01,1.1890176490176487
False,0.01,0.01,1.01,29.009999999999998,0.8965982577058218
False,1.01,0.01,1.01,37.01,0.8379516979670095
True,1.01,1.01,1.01,39.01,0.9163448047195946
True,0.01,0.01,1.01,45.01,0.6182971485493213
False,0.01,0.01,3.01,36.01,1.0271688605979974
False,0.01,2.01,1.01,52.01,1.0971838364225583
True,0.01,0.01,1.01,32.01,1.4167010766164754
False,1.01,2.01,2.01,48.01,0.7162419964373674
True,0.01,0.01,0.01,43.01,1.1703452328391768
False,0.01,0.01,0.01,52.01,1.0629446648618355
False,0.01,0.01,1.01,35.01,1.150060650877451
True,0.01,0.01,2.01,41.01,0.9448215274953689
False,0.01,1.01,0.01,33.01,1.2141108638857412
False,0.01,0.01,0.01,39.01,1.4232085318129601
False,0.01,0.01,0.01,29.009999999999998,1.264647900475885
True,1.01,0.01,1.01,32.01,0.9480942249322679
True,1.01,0.01,0.01,40.01,1.2097423921939552
True,0.01,0.01,0.01,42.01,1.0276168829425503
False,0.01,0.01,2.01,44.01,0.6841768776139501
True,0.01,0.01,1.01,36.01,0.6042371986834858
False,0.01,0.01,1.01,35.01,0.9414395616917344
False,0.01,0.01,1.01,48.01,0.3103909984770476
False,0.01,0.01,2.01,34.01,0.9739267176404225
False,0.01,0.01,0.01,37.01,1.187444258198188
True,0.01,0.01,0.01,50.01,0.9831575649264257
False,0.01,0.01,0.01,34.01,1.1640540704754307
False,0.01,0.01,1.01,29.009999999999998,1.3691860128763274
False,0.01,0.01,0.01,44.01,1.0178407957938724
False,0.01,0.01,0.01,44.01,0.7777306894364285
False,0.01,0.01,1.01,39.01,0.6850881027090059
False,1.01,1.01,1.01,44.01,0.9220983027321321
True,0.01,0.01,2.01,42.01,0.7280875251531712
True,0.01,0.01,2.01,35.01,1.115512424759317
True,0.01,1.01,0.01,35.01,1.6781695823725666
True,0.01,2.01,2.01,37.01,1.0219427320364205
False,1.01,1.01,3.01,38.01,1.6018261317380138
True,1.01,0.01,1.01,30.009999999999998,1.169738507753025
False,2.01,0.01,0.01,34.01,1.0643302588482793
True,1.01,3.01,4.01,42.01,1.1615552413576842
True,2.01,2.01,1.01,42.01,0.6587432611374217
False,1.01,0.01,1.01,29.009999999999998,0.9698910150611049
True,0.01,0.01,0.01,40.01,1.1167953247759046
False,0.01,0.01,3.01,27.009999999999998,0.9886348421655926
False,0.01,0.01,0.01,40.01,0.9013516939564186
True,0.01,0.01,0.01,29.009999999999998,1.01782192374264
False,0.01,0.01,0.01,35.01,0.8528716570107031
False,0.01,1.01,0.01,32.01,0.5469900802562092
False,0.01,0.01,0.01,38.01,1.0609330083243127
False,0.01,0.01,1.01,41.01,1.2990607492876278
False,0.01,0.01,2.01,45.01,0.9378301442580379
False,0.01,0.01,1.01,35.01,1.1158782514777186
False,0.01,0.01,0.01,34.01,0.5375155988272367
False,0.01,0.01,0.01,44.01,1.0021958808578078
False,0.01,1.01,0.01,28.009999999999998,1.342700387045173
False,0.01,0.01,0.01,40.01,0.823768984726551
True,0.01,0.01,2.01,33.01,1.037096486328235
True,0.01,0.01,3.01,43.01,1.024599122878334
True,0.01,0.01,0.01,32.01,1.3274586028725086
False,0.01,0.01,0.01,37.01,0.723172964637215
True,1.01,0.01,0.01,56.01,0.7165428780809353
False,0.01,1.01,2.01,34.01,0.95992217283786
True,0.01,1.01,0.01,38.01,0.8089814215734485
True,0.01,2.01,1.01,31.009999999999998,0.7209128139761324
False,0.01,0.01,2.01,38.01,0.6709841371818012
True,2.01,2.01,3.01,38.01,1.1715818450036635
True,0.01,1.01,1.01,36.01,1.457837578621185
False,0.01,0.01,0.01,38.01,1.2070794497294055
True,2.01,0.01,2.01,39.01,0.5063075120216313
False,0.01,0.01,2.01,46.01,1.3364394377151794
False,1.01,1.01,2.01,39.01,0.6496888345247633
False,0.01,2.01,4.01,34.01,1.1396462920541504
True,1.01,0.01,2.01,40.01,0.8310323180045343
False,2.01,0.01,1.01,39.01,0.9356970649382579
False,1.01,2.01,3.01,26.009999999999998,1.1168086445853902
False,0.01,0.01,0.01,46.01,1.0811332383589873
False,0.01,0.01,0.01,31.009999999999998,1.1961963509663671
False,0.01,0.01,0.01,39.01,1.3117240844290394
True,0.01,1.01,1.01,45.01,1.5135793881721686
True,0.01,0.01,1.01,51.01,0.8006105171855005
False,0.01,0.01,0.01,32.01,0.7971664610731279
False,0.01,1.01,1.01,53.01,0.9699015180208093
True,0.01,0.01,0.01,37.01,0.7569800082195041
False,0.01,0.01,1.01,34.01,1.1801239439714621
False,0.01,0.01,0.01,36.01,1.719986831579312
True,0.01,2.01,1.01,39.01,1.0316145952558995
False,0.01,0.01,0.01,37.01,0.9144572270858912
False,0.01,1.01,1.01,38.01,0.8022706091610264
True,0.01,0.01,1.01,34.01,1.3804156228030569
False,0.01,0.01,0.01,40.01,0.995607146456783
True,0.01,0.01,0.01,60.01,1.096826936238493
True,0.01,0.01,0.01,36.01,1.014413718300273
False,1.01,2.01,0.01,39.01,0.6746829941168224
True,0.01,0.01,1.01,42.01,1.255343839330933
False,0.01,0.01,0.01,41.01,0.7715248314855789
True,0.01,0.01,2.01,43.01,1.1168013434167188
False,0.01,0.01,0.01,34.01,1.1945303471541107
False,2.01,1.01,2.01,41.01,1.0126494171085332
True,0.01,1.01,0.01,51.01,1.2258937853797323
True,0.01,0.01,0.01,52.01,1.32887821469718
True,0.01,1.01,4.01,29.009999999999998,1.3521103125779577
False,0.01,4.01,0.01,38.01,1.2303886670948703
False,2.01,0.01,1.01,44.01,1.2483600752325317
False,2.01,0.01,1.01,30.009999999999998,1.35942542979331
False,0.01,2.01,3.01,41.01,1.6097571099732766
True,0.01,0.01,2.01,35.01,0.674852907853819
False,2.01,1.01,1.01,47.01,1.1746763850986097
False,1.01,0.01,1.01,40.01,0.7285445529681887
False,1.01,0.01,0.01,43.01,0.7579054921087512
True,0.01,0.01,1.01,45.01,0.4629035898114845
False,0.01,2.01,0.01,41.01,0.9410536283852102
True,0.01,0.01,1.01,41.01,0.9416707122434836
True,0.01,0.01,0.01,40.01,1.118013743954551
False,0.01,0.01,0.01,43.01,0.9914109550939788
True,0.01,0.01,2.01,45.01,0.4774199358654981
False,1.01,0.01,1.01,44.01,0.6352373932703914
False,0.01,0.01,2.01,41.01,0.7438396290787097
True,0.01,0.01,0.01,38.01,0.6147969612832452
False,0.01,0.01,0.01,39.01,0.8774799439020304
False,0.01,0.01,0.01,49.01,0.2546339146188394
True,0.01,0.01,1.01,36.01,0.5325187890923365
False,1.01,0.01,2.01,43.01,0.9301079250567709
False,0.01,2.01,2.01,46.01,1.408387934495631
False,0.01,0.01,0.01,55.01,1.423896023080705
True,0.01,0.01,0.01,44.01,0.8501232230855024
False,0.01,1.01,0.01,51.01,0.8507266218328667
True,0.01,0.01,3.01,33.01,0.48634066543271703
False,1.01,0.01,0.01,47.01,0.6359911324194264
True,0.01,1.01,0.01,42.01,1.2232013530065007
True,1.01,0.01,1.01,37.01,1.2954870024712333
False,2.01,1.01,1.01,36.01,0.6401116725751862
False,3.01,0.01,1.01,33.01,1.1817406895441336
False,0.01,0.01,2.01,34.01,0.7762211157479295
True,0.01,0.01,1.01,36.01,1.0021254830273076
False,0.01,1.01,1.01,44.01,0.8494055290534653
True,2.01,2.01,1.01,38.01,0.5898703499747143
True,0.01,5.01,1.01,42.01,0.9260859397879239
False,2.01,0.01,1.01,35.01,0.7185595408487323
False,0.01,0.01,0.01,38.01,0.9187291522991319
False,3.01,1.01,3.01,36.01,0.7820360158208167
False,1.01,3.01,1.01,51.01,0.8001130968514583
True,0.01,1.01,0.01,45.01,0.9768953574357659
False,0.01,0.01,1.01,37.01,0.795021721866489
False,1.01,0.01,0.01,37.01,1.1379804109097698
False,0.01,0.01,1.01,46.01,1.3947932266657628
False,0.01,0.01,0.01,41.01,1.2162634983724339
True,0.01,0.01,1.01,44.01,0.6433496134369479
False,0.01,1.01,0.01,44.01,1.3233308312324559
False,0.01,0.01,1.01,52.01,1.3755929898651098
False,1.01,0.01,0.01,36.01,1.1114420520685993
True,0.01,0.01,3.01,41.01,1.4321786309052595
False,0.01,0.01,1.01,51.01,1.148244318950991
False,1.01,0.01,0.01,44.01,1.1760261674594599
False,1.01,0.01,0.01,33.01,0.9892037439061437
True,0.01,0.01,0.01,37.01,1.4260245023266842
False,0.01,0.01,0.01,32.01,1.082985980296468
True,2.01,1.01,1.01,35.01,0.7473557442163374
False,0.01,0.01,0.01,35.01,1.1937810853686033
True,3.01,2.01,2.01,32.01,1.3191433843278706
False,2.01,3.01,1.01,41.01,1.058290312522414
True,0.01,0.01,2.01,43.01,0.864520992783188
False,0.01,0.01,0.01,44.01,1.1967172813345597
True,0.01,2.01,3.01,34.01,0.8024287000254253
False,0.01,0.01,0.01,39.01,0.8144667482501783
False,1.01,0.01,1.01,43.01,0.6937613024573206
True,1.01,2.01,1.01,40.01,1.2195075132036701
True,1.01,0.01,2.01,35.01,1.2460515160607921
False,2.01,0.01,0.01,43.01,0.7515833324432484
True,2.01,1.01,1.01,33.01,0.8394203424300943
True,0.01,2.01,1.01,44.01,0.8852195944069009
False,3.01,3.01,2.01,40.01,1.115991734046365
True,2.01,3.01,2.01,52.01,1.1530114989235412
True,3.01,7.01,1.01,36.01,0.9116953481881853
False,4.01,5.01,2.01,31.009999999999998,0.8189608921988134
False,0.01,0.01,1.01,47.01,0.3548817746902112
True,0.01,0.01,0.01,44.01,0.8669223215624579
False,0.01,0.01,1.01,35.01,0.567455353034768
True,0.01,0.01,2.01,35.01,1.0148096230661032
False,0.01,0.01,1.01,35.01,0.6276714020477954
False,0.01,0.01,0.01,36.01,0.931215969979194
False,0.01,0.01,0.01,49.01,0.6080903834595666
False,0.01,0.01,2.01,38.01,1.2771637057880287
False,0.01,1.01,0.01,38.01,0.894288663236733
True,0.01,0.01,0.01,41.01,1.20313230252917
False,0.01,1.01,1.01,43.01,1.6098277598535142
False,0.01,0.01,2.01,41.01,0.6559308503208103
True,2.01,1.01,0.01,36.01,0.6166482659566453
True,0.01,0.01,1.01,49.01,0.9380175805762276
False,1.01,0.01,2.01,37.01,1.039553388449286
True,1.01,0.01,4.01,40.01,0.6122698551026363
False,1.01,0.01,1.01,55.01,0.8325987638104688
False,0.01,1.01,1.01,37.01,0.8850193287369778
False,1.01,0.01,1.01,50.01,0.8708567533796818
False,2.01,0.01,0.01,46.01,0.6792364080107053
False,1.01,0.01,0.01,44.01,0.8655814385656698
False,0.01,0.01,2.01,39.01,0.7563911537266694
True,0.01,0.01,0.01,44.01,0.5058859390108551
False,2.01,2.01,1.01,41.01,0.7179266701517342
True,3.01,1.01,1.01,39.01,0.9282476512039546
True,2.01,0.01,1.01,42.01,1.2035807426014722
False,2.01,0.01,0.01,43.01,0.9853416608807088
True,1.01,1.01,1.01,44.01,1.0289084761994354
False,0.01,0.01,2.01,39.01,1.3661071936357958
True,0.01,4.01,2.01,37.01,0.9302333354185495
True,2.01,0.01,1.01,52.01,0.9232241602579081
True,1.01,4.01,3.01,33.01,1.0804304818489094
True,8.01,5.01,3.01,32.01,0.9591757307580827
True,1.01,1.01,1.01,41.01,0.45882929555717006
False,0.01,0.01,1.01,45.01,0.8995732332068135
False,0.01,1.01,0.01,41.01,0.4776889476563272
False,0.01,0.01,0.01,40.01,1.0795707632318345
True,0.01,0.01,2.01,54.01,1.5663269975083531
False,0.01,0.01,2.01,51.01,0.6892443195002012
False,0.01,0.01,2.01,46.01,1.0271530985536907
False,1.01,0.01,0.01,33.01,1.1213208294870847
False,0.01,1.01,0.01,40.01,1.1964364521874211
False,0.01,0.01,0.01,36.01,1.3797087984183751
True,0.01,0.01,0.01,45.01,1.4218931090918934
True,1.01,0.01,1.01,54.01,1.086298160294586
True,0.01,0.01,1.01,41.01,0.5703167779640035
False,0.01,1.01,0.01,38.01,1.5267539262174783
False,0.01,1.01,1.01,41.01,1.2118107495840875
False,1.01,0.01,1.01,27.009999999999998,0.7918737385500456
False,1.01,0.01,1.01,38.01,0.7615260194139504
True,1.01,0.01,2.01,42.01,0.8316467814724455
False,0.01,0.01,0.01,39.01,1.7259890270427385
False,0.01,0.01,1.01,31.009999999999998,0.8192216325197623
True,2.01,1.01,0.01,52.01,0.7729615511194458
True,1.01,0.01,1.01,39.01,0.8036041737372894
False,0.01,2.01,1.01,35.01,1.582389478078246
True,3.01,1.01,0.01,42.01,0.7651107574789898
False,1.01,5.01,1.01,46.01,0.9715463298540903
False,1.01,2.01,2.01,45.01,0.692923184340527
False,0.01,1.01,0.01,36.01,0.8402566243286009
False,3.01,2.01,2.01,41.01,0.7778193025314089
True,2.01,2.01,0.01,47.01,0.7787145021187376
True,1.01,2.01,3.01,42.01,1.4995608881508842
True,1.01,1.01,1.01,41.01,1.3165741708485603
True,1.01,9.01,0.01,47.01,1.0845021319592807
True,2.01,3.01,1.01,33.01,0.600660742766006
False,0.01,0.01,2.01,41.01,0.5453485293111697
True,0.01,0.01,0.01,38.01,1.8706991938670896
False,0.01,0.01,1.01,45.01,0.4449236477536751
False,0.01,0.01,0.01,42.01,0.44864036341838787
False,0.01,0.01,1.01,40.01,1.1943128657834539
True,0.01,0.01,2.01,40.01,1.0486300024028858
False,0.01,0.01,2.01,35.01,0.7661176039420384
True,1.01,0.01,1.01,34.01,1.3284311662612807
False,0.01,0.01,2.01,42.01,1.1007074990530117
False,0.01,0.01,0.01,32.01,0.7313878356653293
False,0.01,0.01,0.01,49.01,1.8149481363100286
False,0.01,0.01,0.01,36.01,1.0441983615982091
False,0.01,0.01,0.01,47.01,1.064812028486789
False,0.01,1.01,1.01,42.01,1.2903978771035367
False,1.01,0.01,0.01,49.01,1.1735383366146237
False,0.01,0.01,0.01,30.009999999999998,1.4358830648577372
True,0.01,1.01,1.01,34.01,2.6282842659534182
True,0.01,0.01,0.01,40.01,0.43321662673166433
True,0.01,0.01,1.01,37.01,1.8045793839139832
False,0.01,0.01,0.01,38.01,0.9360602970551241
True,0.01,0.01,0.01,39.01,0.8947595450972174
False,2.01,1.01,5.01,51.01,0.9978010327507751
True,0.01,0.01,2.01,43.01,1.5801927432941598
False,1.01,0.01,2.01,32.01,1.1921922984565243
False,2.01,1.01,3.01,45.01,1.1619721212438536
True,0.01,0.01,0.01,39.01,1.0239444705621177
False,0.01,1.01,1.01,30.009999999999998,1.0353982018219694
False,3.01,0.01,2.01,40.01,0.980858769996701
True,1.01,1.01,2.01,45.01,0.6059713515976446
True,2.01,0.01,1.01,50.01,0.8307754906124472
True,0.01,1.01,0.01,56.01,1.013304707925856
True,2.01,0.01,5.01,42.01,0.9305788982259571
False,3.01,0.01,1.01,50.01,1.2927417167490693
True,2.01,0.01,0.01,38.01,1.1686620112245842
True,0.01,0.01,1.01,40.01,0.8153008914233731
False,0.01,0.01,1.01,44.01,0.47942227141230936
True,0.01,0.01,3.01,32.01,1.3796530132928957
False,1.01,0.01,1.01,38.01,0.7698408275156842
False,0.01,0.01,1.01,45.01,0.9844568028745434
False,0.01,0.01,1.01,45.01,0.7922811739994488
True,0.01,0.01,1.01,35.01,1.0836628736799743
False,0.01,1.01,0.01,32.01,0.9303499523699282
True,1.01,1.01,0.01,30.009999999999998,1.0856235515249406
False,0.01,1.01,0.01,44.01,0.9864862658059049
True,0.01,1.01,0.01,35.01,0.6194088394010995
False,0.01,0.01,1.01,45.01,0.969213697531818
False,0.01,0.01,1.01,45.01,1.3691467639269346
False,0.01,1.01,1.01,48.01,1.1927631200238358
False,0.01,2.01,0.01,43.01,0.4969074035138453
True,0.01,0.01,0.01,44.01,0.4134259826591054
False,1.01,0.01,0.01,39.01,0.7138786285221849
True,0.01,1.01,1.01,41.01,0.6993389219162593
True,0.01,0.01,0.01,45.01,0.6244038530598727
False,0.01,0.01,0.01,50.01,0.982286137428169
False,2.01,0.01,3.01,37.01,0.8717345458447465
False,0.01,2.01,0.01,33.01,0.6513029991057941
False,0.01,2.01,2.01,33.01,0.5105507528684997
True,2.01,0.01,1.01,28.009999999999998,1.0457456281244824
False,3.01,0.01,2.01,37.01,0.9042322811168287
True,1.01,1.01,0.01,40.01,0.45556991211402975
False,1.01,1.01,2.01,34.01,0.8429684140851508
True,3.01,0.01,1.01,36.01,0.953264519404865
True,5.01,3.01,2.01,32.01,1.2812430380753925
False,0.01,1.01,0.01,37.01,0.5650020079690278
True,0.01,4.01,1.01,44.01,1.3147182185330695
False,4.01,5.01,1.01,37.01,1.1579849859645257
True,0.01,0.01,0.01,42.01,1.1630588528327455
False,0.01,0.01,1.01,44.01,0.5486148610225623
False,0.01,0.01,1.01,43.01,1.1929586905365193
True,1.01,0.01,0.01,39.01,0.8022854614031084
False,0.01,1.01,0.01,39.01,1.2128994504482167
False,0.01,0.01,0.01,62.01,0.7614171940200469
True,0.01,0.01,2.01,31.009999999999998,0.8823670612387338
True,0.01,0.01,1.01,56.01,1.069016368862116
True,0.01,0.01,2.01,37.01,0.7677540715561667
False,0.01,0.01,1.01,44.01,1.2525672441580198
True,0.01,0.01,0.01,37.01,0.837231753226299
False,1.01,1.01,0.01,41.01,1.1696488238657188
False,0.01,0.01,0.01,38.01,1.0903627617455323
True,1.01,1.01,0.01,44.01,0.9804144702436868
False,0.01,1.01,0.01,43.01,0.9708375868584671
True,1.01,0.01,0.01,40.01,1.3664375361967012
True,0.01,0.01,2.01,33.01,0.8236561320438908
True,0.01,0.01,1.01,45.01,0.7486673800311493
False,0.01,1.01,1.01,34.01,0.6326485953925426
True,0.01,0.01,1.01,33.01,0.44729426009622464
False,0.01,0.01,0.01,31.009999999999998,1.143862339711851
False,1.01,2.01,0.01,27.009999999999998,0.649609344359814
False,0.01,0.01,0.01,41.01,1.0443371684913483
False,0.01,1.01,2.01,43.01,0.8954583521790649
False,0.01,0.01,2.01,34.01,0.46679937422548257
True,0.01,1.01,4.01,36.01,1.1806145868573825
False,1.01,1.01,1.01,49.01,1.252188262456169
False,2.01,0.01,1.01,39.01,0.84622138021115
False,1.01,1.01,0.01,38.01,0.7260955786440837
False,3.01,0.01,0.01,39.01,0.9872574171199026
False,1.01,1.01,1.01,48.01,0.8792233946123174
False,5.01,4.01,2.01,51.01,0.6173493173493174
True,1.01,4.01,1.01,38.01,1.5570352125545828
False,0.01,0.01,1.01,44.01,0.940873461224548
True,0.01,0.01,1.01,48.01,1.7304208532096788
False,0.01,0.01,0.01,48.01,0.9596397302976248
False,1.01,1.01,0.01,39.01,1.1618478761470754
False,0.01,0.01,0.01,45.01,1.252749609816379
True,1.01,0.01,0.01,44.01,1.0506530413385873
False,0.01,0.01,0.01,38.01,0.6725682908932388
True,1.01,1.01,0.01,41.01,1.0917353111374113
True,0.01,1.01,1.01,44.01,1.1343615655438584
True,1.01,0.01,1.01,55.01,0.8340376850884743
True,1.01,0.01,1.01,42.01,1.0213733908449119
True,0.01,0.01,2.01,51.01,0.9074836227123179
True,0.01,1.01,1.01,26.009999999999998,1.1213545217319485
False,0.01,1.01,0.01,51.01,1.2156009747531442
False,0.01,0.01,1.01,57.01,0.9726248414491151
True,1.01,0.01,0.01,31.009999999999998,1.4705598690329842
False,0.01,0.01,0.01,41.01,1.087398473293972
False,1.01,0.01,0.01,34.01,1.019699287201988
False,1.01,1.01,0.01,57.01,1.4988549435091785
False,0.01,0.01,1.01,34.01,1.2568386125123538
True,2.01,1.01,0.01,39.01,0.9857854641792383
False,1.01,1.01,1.01,33.01,1.4809909593160613
True,0.01,0.01,0.01,42.01,0.7700303831344953
False,3.01,2.01,0.01,56.01,0.9726551518364447
False,0.01,3.01,0.01,30.009999999999998,1.068074227517038
True,1.01,0.01,2.01,33.01,1.1935713417341893
True,2.01,0.01,2.01,46.01,0.6502900232272049
False,4.01,0.01,2.01,39.01,1.0798002107609739
False,0.01,1.01,0.01,35.01,1.7053635812509187
False,1.01,2.01,3.01,51.01,0.9036091454841455
False,1.01,1.01,2.01,46.01,1.439521701101826
False,1.01,5.01,1.01,30.009999999999998,0.9463054247014554
False,1.01,1.01,0.01,41.01,1.6798883976825152
True,0.01,0.01,1.01,36.01,1.3352161778344178
True,0.01,0.01,1.01,44.01,0.6706290997784723
False,0.01,1.01,0.01,56.01,1.7427400025155442
False,0.01,2.01,0.01,46.01,0.7774760781166379
False,1.01,1.01,1.01,33.01,0.8748567597369341
False,0.01,0.01,2.01,49.01,0.7467062621350878
True,1.01,0.01,0.01,39.01,1.0083758362361315
True,3.01,0.01,0.01,52.01,0.9987764491438883
True,0.01,1.01,3.01,39.01,1.6771953981683292
False,0.01,0.01,0.01,42.01,1.1659148058161342
False,0.01,1.01,2.01,45.01,1.1449333411253595
True,0.01,0.01,0.01,41.01,0.7828019890830005
False,0.01,1.01,1.01,41.01,0.625739985064453
False,1.01,2.01,0.01,44.01,1.05058483433173
True,1.01,1.01,1.01,39.01,1.0231658141111921
False,0.01,0.01,2.01,41.01,0.7514599264494223
False,0.01,0.01,2.01,36.01,1.1200897014330737
True,2.01,1.01,1.01,39.01,1.2760060100285724
True,1.01,1.01,1.01,40.01,0.6109303105050076
False,1.01,0.01,0.01,44.01,1.2893498168498165
False,2.01,1.01,1.01,53.01,1.3637931114829849
False,2.01,1.01,0.01,40.01,0.8191038796541588
True,0.01,0.01,2.01,39.01,1.2986881597620137
False,1.01,2.01,1.01,30.009999999999998,0.7996648554247454
False,0.01,1.01,0.01,38.01,0.5400567676020652
False,3.01,3.01,1.01,42.01,0.9351782498780967
False,2.01,0.01,1.01,42.01,0.802759494182644
False,1.01,0.01,0.01,41.01,0.987389022670306
True,0.01,2.01,0.01,46.01,0.7243963400018595
False,1.01,3.01,2.01,40.01,0.8495581148975072
True,3.01,2.01,2.01,38.01,0.4996972852855206
False,3.01,3.01,4.01,30.009999999999998,0.8700181062426872
True,1.01,2.01,1.01,30.009999999999998,0.7937030562030561
True,0.01,1.01,1.01,26.009999999999998,0.8674036774608447
True,0.01,0.01,0.01,29.009999999999998,1.141192679139637
False,0.01,0.01,0.01,44.01,0.9303661442205019
False,1.01,0.01,2.01,34.01,0.5881179702886865
True,2.01,2.01,1.01,44.01,1.487504310858407
False,0.01,0.01,2.01,37.01,0.5420115603908252
True,0.01,0.01,0.01,36.01,0.9931883833095393
True,0.01,0.01,3.01,31.009999999999998,1.1074556119988952
True,0.01,0.01,2.01,31.009999999999998,0.8803903080612467
True,0.01,0.01,2.01,46.01,0.8407180657427695
False,0.01,0.01,0.01,40.01,0.8736514552677467
False,0.01,0.01,1.01,51.01,1.2122052818104805
False,1.01,0.01,0.01,34.01,0.8126206781402939
False,0.01,0.01,1.01,37.01,1.0436725802532971
False,0.01,0.01,0.01,31.009999999999998,0.8758031450788064
False,0.01,2.01,1.01,32.01,0.3252390895951191
False,0.01,2.01,1.01,36.01,0.9671885893228581
False,3.01,1.01,1.01,43.01,1.0455181041374422
True,2.01,0.01,0.01,39.01,0.8625228260308906
True,1.01,0.01,0.01,44.01,1.3646782459351474
False,0.01,1.01,0.01,34.01,1.3677507692688753
True,1.01,1.01,0.01,38.01,1.6347579759848287
False,1.01,1.01,0.01,43.01,1.0350169828505662
False,1.01,4.01,2.01,47.01,1.2084106198276037
True,0.01,1.01,2.01,32.01,1.5436372925021333
True,1.01,2.01,1.01,35.01,1.1785218842111302
False,4.01,0.01,0.01,40.01,1.2195868765806335
False,3.01,2.01,1.01,38.01,0.775103485218312
True,1.01,1.01,1.01,40.01,0.9559425646332347
False,0.01,0.01,0.01,44.01,0.9712507917666756
True,3.01,4.01,2.01,40.01,0.9666653157616156
True,2.01,2.01,2.01,30.009999999999998,0.2970692453275705
True,5.01,0.01,2.01,29.009999999999998,1.0454705829301594
False,0.01,0.01,1.01,41.01,0.7216619924660388
True,0.01,0.01,0.01,46.01,1.2025382055710219
False,0.01,1.01,0.01,53.01,0.7110706587380017
False,0.01,1.01,0.01,41.01,1.1464920731562904
True,0.01,1.01,0.01,39.01,0.8426271358296613
True,0.01,0.01,1.01,39.01,1.0530532883320567
True,0.01,0.01,0.01,38.01,0.768179326905089
True,0.01,0.01,0.01,44.01,1.0808492828729592
True,0.01,1.01,0.01,44.01,1.3489547623534626
False,1.01,1.01,3.01,42.01,1.1593560920323867
False,0.01,0.01,2.01,50.01,0.9167988357145979
False,0.01,0.01,0.01,47.01,1.467447297856468
True,0.01,1.01,0.01,39.01,0.8876773112412556
False,1.01,0.01,0.01,40.01,0.9208398896581618
False,0.01,0.01,1.01,52.01,0.878946891819499
False,0.01,0.01,0.01,43.01,1.3002191440310635
False,0.01,0.01,0.01,37.01,0.818312240454836
True,0.01,1.01,0.01,41.01,1.0131989523291212
False,0.01,0.01,2.01,47.01,0.5899556467507786
False,0.01,0.01,1.01,40.01,0.8816523498555423
False,2.01,0.01,0.01,41.01,0.6103225008116057
True,1.01,1.01,1.01,50.01,1.127443985835016
False,0.01,1.01,0.01,38.01,0.803123646085525
False,2.01,0.01,0.01,51.01,1.02677957979477
False,0.01,3.01,1.01,47.01,0.9890278819072692
False,2.01,2.01,2.01,36.01,1.0708925909391611
True,2.01,3.01,1.01,32.01,1.0989164988531113
True,3.01,1.01,2.01,37.01,0.8038303119192907
True,4.01,3.01,0.01,42.01,1.130125591650751
False,3.01,1.01,0.01,43.01,1.37765971980865
False,3.01,5.01,2.01,41.01,1.2976890428988552
True,4.01,1.01,3.01,39.01,0.986411754433386
True,6.01,2.01,2.01,40.01,1.5269715610686705
False,1.01,0.01,1.01,36.01,0.9500146819987714
False,0.01,0.01,0.01,43.01,1.416559663339517
True,0.01,0.01,1.01,37.01,1.4749711082176185
False,0.01,0.01,0.01,39.01,0.8066584090871607
True,0.01,0.01,1.01,32.01,1.6128580870551579
True,0.01,0.01,0.01,39.01,1.381407932455785
True,0.01,1.01,1.01,41.01,0.8018625400750996
True,0.01,1.01,0.01,33.01,1.7449382147025947
False,0.01,2.01,3.01,30.009999999999998,1.2618784589621799
True,0.01,0.01,6.01,37.01,0.9983714069144904
False,0.01,0.01,1.01,48.01,1.127426858210937
False,1.01,0.01,1.01,35.01,0.5134200787807165
False,2.01,1.01,1.01,39.01,1.1581010632156707
False,0.01,3.01,0.01,35.01,0.9070998073395772
True,1.01,0.01,3.01,43.01,1.1052512179947078
False,0.01,1.01,0.01,37.01,0.9730807775410475
False,0.01,1.01,2.01,34.01,1.3643682581966023
True,0.01,0.01,3.01,41.01,1.225032138554487
False,1.01,1.01,1.01,47.01,0.9013595240428747
False,0.01,0.01,1.01,42.01,0.9937373549378146
True,1.01,0.01,1.01,35.01,1.027814885539773
True,2.01,1.01,4.01,42.01,1.4532845588977565
False,1.01,2.01,2.01,49.01,1.4156933296612713
False,4.01,0.01,0.01,27.009999999999998,0.5628862737231357
True,1.01,1.01,2.01,40.01,0.7877914004712667
False,0.01,1.01,2.01,51.01,1.256072605830853
True,3.01,0.01,2.01,39.01,0.8436977635890679
False,0.01,0.01,0.01,40.01,0.9571416537017386
False,3.01,6.01,3.01,38.01,1.3922905453557963
True,6.01,5.01,0.01,42.01,1.6938823934653833
False,4.01,2.01,1.01,44.01,1.6830167555136293
False,3.01,4.01,3.01,51.01,0.7920074045107137
False,5.01,2.01,2.01,47.01,1.1399919297139731
False,0.01,0.01,0.01,36.01,0.9475346404668485
True,0.01,0.01,0.01,36.01,0.9643276472738714
True,0.01,0.01,1.01,50.01,0.9011723059455189
False,0.01,0.01,0.01,41.01,1.028466288132902
False,0.01,0.01,0.01,39.01,0.6779298449693187
False,0.01,0.01,2.01,42.01,1.0152329471513097
False,0.01,1.01,0.01,49.01,0.8139028488631521
False,0.01,0.01,0.01,37.01,0.753846190349106
False,1.01,1.01,0.01,34.01,1.2431924959939329
False,0.01,0.01,0.01,51.01,0.9549211812438088
True,1.01,0.01,1.01,46.01,0.9832669695987177
False,1.01,0.01,2.01,42.01,0.8213898091924229
True,2.01,1.01,0.01,41.01,0.6377827924580411
False,2.01,1.01,2.01,50.01,0.9075665258248509
False,1.01,2.01,0.01,49.01,1.3711617760543189
False,0.01,2.01,0.01,36.01,0.9080472318325836
False,1.01,1.01,2.01,47.01,1.6721238170565789
True,2.01,0.01,2.01,46.01,0.9369708057136532
False,0.01,1.01,0.01,44.01,1.0463214148174014
False,2.01,0.01,0.01,50.01,1.186951836872214
False,0.01,2.01,1.01,47.01,0.6710470248143496
True,0.01,2.01,1.01,39.01,0.5838326769603778
True,1.01,0.01,1.01,37.01,0.9530440718941865
True,2.01,0.01,1.01,40.01,0.30844430788509736
True,2.01,2.01,1.01,42.01,0.5073730989921558
True,1.01,1.01,0.01,41.01,1.2917121188391338
False,1.01,2.01,1.01,48.01,0.5732871113209987
False,3.01,1.01,1.01,32.01,1.174118308283947
False,1.01,4.01,0.01,49.01,0.9887214363633106
True,1.01,2.01,0.01,35.01,0.9434192744214014
False,1.01,3.01,0.01,34.01,0.7082716007368655
False,1.01,5.01,0.01,43.01,0.6543078548296594
False,6.01,6.01,2.01,31.009999999999998,0.9611260162408612
False,0.01,2.01,2.01,43.01,0.6134418828687909
False,0.01,0.01,1.01,34.01,0.4062171049578094
True,0.01,1.01,1.01,51.01,0.7376997392800217
False,1.01,0.01,1.01,41.01,0.8938342649196621
False,1.01,0.01,2.01,38.01,0.8241401579793831
True,0.01,0.01,1.01,49.01,1.021646731404796
False,1.01,1.01,1.01,41.01,0.8286866877419786
True,0.01,0.01,0.01,34.01,1.4792158729193083
True,1.01,0.01,1.01,44.01,0.8844830431110646
False,0.01,0.01,1.01,38.01,1.340183224725181
False,3.01,1.01,1.01,43.01,0.7517396266831131
False,0.01,1.01,0.01,46.01,0.9666852131656278
False,0.01,0.01,1.01,34.01,0.8313325813580881
True,0.01,3.01,0.01,40.01,0.8482880137168395
False,0.01,0.01,2.01,40.01,0.8513967766760121
True,0.01,0.01,1.01,49.01,0.6113948617691433
False,0.01,1.01,1.01,54.01,1.2527937713852948
True,1.01,1.01,1.01,38.01,1.0914444195989286
True,2.01,1.01,1.01,40.01,1.1917589799698955
True,1.01,0.01,0.01,53.01,0.6226737467982245
True,5.01,1.01,3.01,37.01,1.0315797199253263
False,1.01,3.01,0.01,38.01,0.8441339849507848
True,3.01,6.01,2.01,40.01,0.9486131694240328
True,2.01,7.01,1.01,39.01,0.5877520221170107
False,5.01,1.01,1.01,36.01,0.6111912976661851
False,3.01,1.01,2.01,35.01,0.8849875107778962
False,1.01,1.01,0.01,47.01,1.0840058927044711
True,3.01,2.01,1.01,36.01,1.2068737386685338
False,3.01,7.01,3.01,44.01,1.0903937654946474
False,6.01,7.01,2.01,42.01,1.675657214604987
False,3.01,3.01,0.01,42.01,0.9750845505168177
False,4.01,7.01,0.01,48.01,0.42702337136547663
False,0.01,1.01,0.01,31.009999999999998,0.6367436665778349
True,0.01,2.01,2.01,46.01,1.0396039616397281
True,0.01,1.01,0.01,37.01,0.8391222942908759
False,0.01,0.01,0.01,56.01,1.0065544068059715
False,1.01,1.01,0.01,39.01,1.3010007095261227
False,0.01,0.01,3.01,48.01,0.9809260551949779
False,1.01,0.01,0.01,35.01,1.3813436114398747
False,0.01,0.01,0.01,41.01,1.1409360278153329
False,1.01,1.01,1.01,33.01,1.2421569763512281
False,1.01,1.01,0.01,43.01,0.6639731852878944
False,4.01,1.01,1.01,33.01,1.2293401551598475
False,0.01,0.01,1.01,41.01,0.899092739222391
False,3.01,0.01,1.01,44.01,1.241832091159491
True,2.01,1.01,2.01,50.01,0.8700546457251171
False,0.01,3.01,2.01,37.01,0.7660452816287252
True,1.01,1.01,1.01,54.01,1.720220894319831
True,3.01,0.01,1.01,41.01,0.8184836091810516
False,1.01,2.01,3.01,43.01,0.7299073602514738
False,1.01,3.01,1.01,47.01,0.9958480362660036
True,1.01,0.01,5.01,33.01,1.4633434248597486
True,2.01,0.01,0.01,45.01,1.2985350759954846
True,2.01,0.01,0.01,31.009999999999998,1.09207046324701
True,5.01,2.01,1.01,43.01,0.4807306767897785
False,1.01,3.01,3.01,48.01,1.2975394089319043
False,4.01,1.01,0.01,40.01,0.945088592997918
True,1.01,5.01,0.01,46.01,1.6238742294932873
True,2.01,3.01,0.01,38.01,0.8174528994316116
False,2.01,2.01,0.01,40.01,0.598439592347808
True,5.01,2.01,0.01,53.01,1.4158671396140134
True,6.01,5.01,3.01,41.01,0.7203030327895796
False,9.01,4.01,0.01,51.01,0.7891435483486274
False,9.01,4.01,0.01,37.01,0.9803262208763379
False,0.01,0.01,1.01,35.01,1.0495695410211285
False,0.01,0.01,0.01,42.01,0.7713508354003177
True,4.01,3.01,2.01,35.01,1.0641732103548505
False,1.01,1.01,0.01,35.01,0.74934887818589
False,0.01,0.01,0.01,38.01,0.8693062051341897
False,0.01,0.01,1.01,41.01,0.9433749270691918
True,0.01,1.01,1.01,37.01,0.7976530083401786
False,0.01,2.01,0.01,32.01,0.9554066790908895
True,1.01,1.01,0.01,48.01,0.9457977766167421
True,0.01,0.01,0.01,35.01,0.7695842919836728
True,0.01,1.01,2.01,42.01,1.743575569804808
True,0.01,0.01,2.01,50.01,1.1498718509462758
False,1.01,1.01,0.01,37.01,0.7770678762365867
False,1.01,0.01,0.01,43.01,1.331176953146242
False,1.01,0.01,0.01,56.01,0.6597617618371554
True,1.01,0.01,0.01,44.01,0.8289270976962793
True,2.01,3.01,0.01,36.01,0.5688825701847523
False,3.01,1.01,1.01,44.01,1.1838984264093704
False,1.01,2.01,1.01,38.01,0.9450521997605547
True,1.01,3.01,3.01,44.01,1.1965830012365084
False,0.01,0.01,0.01,44.01,0.6557810245310245
True,0.01,3.01,2.01,41.01,1.2858110812342916
True,2.01,3.01,0.01,37.01,1.040223436642501
False,2.01,5.01,2.01,48.01,0.6951232453233369
True,3.01,4.01,1.01,50.01,1.557590929998009
True,3.01,3.01,3.01,45.01,0.6585875262300419
False,2.01,3.01,0.01,50.01,1.3157066493018503
False,4.01,3.01,2.01,41.01,1.2733684992881313
False,3.01,5.01,0.01,42.01,0.869207747006672
True,9.01,7.01,2.01,42.01,1.0822602995889608
False,13.01,6.01,2.01,48.01,0.9841542040998305
True,16.009999999999998,13.01,3.01,44.01,1.6121503507269457
False,0.01,0.01,2.01,36.01,0.605005615461919
True,1.01,1.01,0.01,35.01,0.708463707559765
False,1.01,0.01,0.01,41.01,0.873515563027758
True,0.01,3.01,0.01,38.01,1.029947677226921
False,0.01,1.01,2.01,34.01,1.265564579731477
True,1.01,0.01,1.01,29.009999999999998,1.1284646442804833
False,0.01,1.01,1.01,40.01,1.1247829269200966
False,1.01,1.01,1.01,34.01,0.7543204655599614
True,0.01,0.01,1.01,29.009999999999998,1.5537781917262035
True,2.01,4.01,2.01,28.009999999999998,0.774708236002509
False,0.01,0.01,3.01,46.01,0.7571609785563274
False,0.01,0.01,0.01,34.01,0.5741076185719043
False,0.01,1.01,1.01,34.01,1.6723587599945968
False,0.01,0.01,0.01,22.009999999999998,1.1237993529297876
True,2.01,2.01,2.01,34.01,1.462026458014651
True,3.01,4.01,1.01,34.01,0.7614803086923245
False,6.01,0.01,1.01,34.01,1.0842429300354477
False,0.01,3.01,0.01,34.01,0.5212731945882901
False,4.01,2.01,3.01,37.01,1.2262325196622064
True,3.01,2.01,3.01,37.01,1.3991780924371606
False,0.01,2.01,1.01,39.01,2.197255059413561
False,1.01,2.01,2.01,36.01,0.5791042760804429
True,2.01,1.01,0.01,23.009999999999998,1.0107431361832495
False,4.01,3.01,1.01,38.01,0.7754043144993394
False,1.01,6.01,1.01,45.01,1.3894600742601484
True,1.01,1.01,1.01,38.01,0.8022210195093491
True,2.01,2.01,4.01,38.01,1.278624001925347
True,4.01,1.01,1.01,37.01,1.3088815146868686
False,3.01,1.01,2.01,36.01,0.7768792263711717
False,4.01,7.01,1.01,39.01,0.840731476350335
False,1.01,10.01,4.01,37.01,1.4984174282656137
False,11.01,12.01,1.01,46.01,1.0088179309453336
True,0.01,0.01,0.01,37.01,1.013950135789438
False,2.01,0.01,0.01,42.01,1.2842513964619262
True,1.01,0.01,0.01,46.01,0.3075494349585121
False,0.01,0.01,1.01,42.01,1.309806713371098
False,0.01,0.01,1.01,47.01,1.0432392916386206
True,2.01,1.01,0.01,38.01,0.7322262886534368
True,3.01,1.01,0.01,43.01,0.6383046251779271
False,0.01,0.01,1.01,48.01,0.8867586630680788
False,1.01,2.01,0.01,37.01,1.1230989108930285
False,0.01,1.01,0.01,36.01,0.6433957666935123
False,0.01,4.01,2.01,45.01,0.5329806081897299
False,0.01,1.01,2.01,49.01,0.6712674623659822
False,1.01,1.01,0.01,44.01,1.3840842557879764
True,2.01,1.01,0.01,49.01,0.9683021437476071
False,2.01,3.01,1.01,44.01,1.1517115119572034
True,0.01,4.01,0.01,30.009999999999998,1.1543806686874396
False,1.01,1.01,1.01,35.01,1.6156436132001697
False,1.01,1.01,0.01,44.01,1.0726321784534212
False,7.01,2.01,2.01,32.01,0.618029395083124
True,4.01,3.01,0.01,47.01,0.803995637676105
False,2.01,3.01,1.01,39.01,1.1844724912301705
False,2.01,4.01,1.01,50.01,1.3711679327308162
False,3.01,3.01,0.01,31.009999999999998,0.8214613216489396
False,3.01,3.01,3.01,38.01,1.1419370378303073
True,3.01,4.01,0.01,40.01,1.2149094994316434
False,7.01,4.01,2.01,42.01,1.0344452821635473
False,7.01,4.01,1.01,46.01,1.376709675413506
True,3.01,5.01,1.01,37.01,0.95454244955186
False,7.01,10.01,1.01,33.01,1.199871357799537
True,6.01,5.01,2.01,41.01,1.0234385478862222
True,11.01,5.01,2.01,44.01,1.096300650405701
True,12.01,9.01,3.01,37.01,1.660498903708644
False,1.01,3.01,1.01,38.01,0.7560487423678822
False,0.01,0.01,1.01,36.01,1.1499886314874799
False,1.01,1.01,2.01,36.01,1.308051906694033
True,1.01,0.01,1.01,41.01,0.9826965528613297
True,1.01,2.01,1.01,35.01,0.9097052139828966
False,1.01,1.01,0.01,46.01,0.6934070179808
False,0.01,0.01,1.01,35.01,0.8121947394793207
True,0.01,0.01,1.01,46.01,0.9612700906466377
True,0.01,0.01,0.01,43.01,0.9340593374550585
False,0.01,2.01,2.01,41.01,1.0956964654595303
True,2.01,0.01,1.01,51.01,1.3117361843201045
True,2.01,2.01,0.01,31.009999999999998,1.1087300722783808
False,1.01,1.01,0.01,40.01,0.8161513943505344
False,1.01,2.01,1.01,36.01,0.8315793978233117
False,3.01,0.01,0.01,35.01,0.9013619568136721
False,1.01,1.01,0.01,41.01,0.7958183626115775
False,4.01,1.01,0.01,37.01,1.9463626122022641
True,1.01,1.01,1.01,43.01,1.1889071888429221
True,3.01,3.01,1.01,42.01,1.5082909292403253
False,1.01,2.01,4.01,53.01,0.666415787751861
False,5.01,2.01,1.01,42.01,0.6346066760461473
True,3.01,7.01,1.01,36.01,0.75521597694402
False,3.01,3.01,0.01,40.01,1.2230863780371908
True,2.01,2.01,3.01,38.01,1.3823234792210535
False,2.01,5.01,2.01,41.01,1.1352343793533206
True,2.01,2.01,0.01,40.01,0.8148513495831656
False,3.01,1.01,5.01,40.01,1.2980224235248463
True,6.01,2.01,4.01,39.01,0.6871988417005498
True,8.01,2.01,1.01,41.01,1.3919257012782207
False,4.01,0.01,1.01,32.01,1.496658229254215
False,5.01,5.01,1.01,41.01,1.356165891634076
False,7.01,6.01,0.01,35.01,0.8991168460165262
True,2.01,1.01,2.01,46.01,1.1329630727100841
True,2.01,0.01,0.01,35.01,0.8294761789388154
False,2.01,0.01,0.01,33.01,1.1108748853503159
False,0.01,2.01,0.01,37.01,0.6863691422008782
True,0.01,1.01,1.01,32.01,0.3618324757765752
True,1.01,1.01,1.01,40.01,0.8822271282486159
False,1.01,1.01,1.01,28.009999999999998,1.0793718819694862
False,0.01,1.01,1.01,48.01,0.8381640062615391
False,4.01,1.01,1.01,34.01,1.3582197318293456
True,2.01,2.01,1.01,44.01,1.0222419922572834
True,2.01,2.01,2.01,42.01,1.2578500215815667
False,0.01,3.01,1.01,46.01,1.024683890672617
True,1.01,2.01,1.01,48.01,0.779400304324857
True,2.01,0.01,2.01,32.01,0.740477316981033
False,0.01,0.01,3.01,40.01,1.0644438167171726
False,1.01,0.01,3.01,44.01,0.9901559256706585
True,0.01,0.01,1.01,49.01,0.8544277484259836
True,1.01,1.01,1.01,48.01,0.988902956550042
False,2.01,3.01,0.01,36.01,0.9127862378753541
False,1.01,2.01,5.01,43.01,1.2948286986802442
False,1.01,2.01,3.01,33.01,0.7553144087530821
False,4.01,3.01,0.01,37.01,1.2519243701880938
False,2.01,0.01,3.01,48.01,0.9702924587944237
True,6.01,2.01,1.01,41.01,1.1378788821626828
False,2.01,4.01,0.01,32.01,1.8759086151589472
False,5.01,3.01,1.01,40.01,1.2297545579649014
False,3.01,0.01,1.01,37.01,1.1356777109579472
True,7.01,6.01,1.01,38.01,1.4295515320827752
True,1.01,5.01,3.01,42.01,1.1013412007155725
False,7.01,5.01,2.01,51.01,1.0059513897771393
False,7.01,4.01,1.01,48.01,0.7234821365790287
False,7.01,10.01,4.01,29.009999999999998,1.3430900981535356
False,1.01,0.01,1.01,34.01,1.1006735098772302
True,0.01,1.01,0.01,30.009999999999998,0.576211841617306
True,2.01,3.01,0.01,36.01,1.5645160314297688
False,1.01,0.01,0.01,38.01,0.8176879620243913
True,3.01,0.01,3.01,34.01,0.6257137698048837
False,0.01,1.01,1.01,37.01,0.8866150770842965
False,1.01,0.01,4.01,40.01,1.3421605442173703
False,2.01,2.01,0.01,36.01,0.9302760520564988
True,2.01,4.01,1.01,39.01,2.804487790773168
False,0.01,3.01,1.01,41.01,0.8736879416972643
True,1.01,0.01,0.01,33.01,1.1550968208778167
False,4.01,4.01,0.01,40.01,1.7640623698784517
False,3.01,0.01,2.01,34.01,1.3283958989052218
True,2.01,2.01,0.01,33.01,1.099204016595321
True,2.01,1.01,1.01,47.01,1.330033843290042
True,4.01,5.01,4.01,41.01,1.2911863020514462
False,2.01,6.01,1.01,38.01,0.7615231861544636
True,5.01,7.01,1.01,46.01,1.2299029369333883
False,3.01,4.01,3.01,42.01,1.0375983336695203
False,3.01,3.01,2.01,32.01,0.6942211241377311
False,5.01,3.01,4.01,40.01,0.5389916584597435
False,6.01,2.01,0.01,41.01,0.5514088360795522
True,2.01,6.01,1.01,41.01,0.8382254584240262
False,7.01,5.01,5.01,29.009999999999998,1.5894455714692286
False,8.01,2.01,3.01,29.009999999999998,0.853398831453873
False,4.01,8.01,2.01,37.01,1.2252794503517592
True,5.01,5.01,3.01,36.01,1.558324035330614
False,4.01,3.01,0.01,44.01,0.7331857113480326
False,9.01,5.01,0.01,30.009999999999998,0.522402870976725
False,11.01,14.01,2.01,38.01,1.2017501454812005
False,13.01,14.01,2.01,33.01,0.9184167168687292
False,14.01,11.01,3.01,42.01,1.1825431219011118
True,0.01,4.01,1.01,46.01,1.2450673387869313
False,0.01,1.01,0.01,34.01,0.9774738272087375
True,3.01,5.01,4.01,51.01,1.2456574223634183
False,0.01,0.01,1.01,42.01,1.056109361352837
True,2.01,3.01,2.01,44.01,1.221308011460624
True,0.01,4.01,2.01,30.009999999999998,0.931089445424022
False,4.01,5.01,4.01,35.01,0.8289927647214719
False,1.01,4.01,0.01,48.01,1.1378519591487992
False,1.01,2.01,2.01,35.01,1.8626791058507592
False,1.01,1.01,0.01,40.01,0.6290555144793553
False,5.01,5.01,2.01,33.01,1.6376809610472778
True,6.01,8.01,3.01,27.009999999999998,0.880850097797772
False,3.01,4.01,2.01,41.01,0.9313449403242452
True,5.01,1.01,4.01,40.01,2.0820168411167974
False,4.01,2.01,1.01,38.01,1.2920622221945446
False,8.01,4.01,1.01,37.01,0.7885968941042927
False,7.01,6.01,1.01,49.01,1.830918838341055
False,5.01,2.01,1.01,32.01,1.7807989217442999
False,7.01,6.01,3.01,48.01,1.2204516319701917
True,6.01,10.01,1.01,35.01,1.393500091170181
True,5.01,17.009999999999998,1.01,32.01,1.767018308396644
True,12.01,18.009999999999998,1.01,43.01,0.9923885459224802
True,12.01,10.01,1.01,30.009999999999998,1.4838052930090238
True,18.009999999999998,14.01,1.01,42.01,1.133157569503785
False,14.01,20.009999999999998,3.01,30.009999999999998,1.1988080403092514
False,9.01,13.01,4.01,41.01,1.475281814094846
False,11.01,19.009999999999998,3.01,40.01,1.0249838002781781
False,11.01,18.009999999999998,2.01,44.01,1.0977021130017846
True,28.009999999999998,19.009999999999998,4.01,37.01,2.1196453994068896
False,29.009999999999998,32.01,4.01,31.009999999999998,1.4769756964798872
True,30.009999999999998,27.009999999999998,2.01,36.01,0.9418651253502437
True,42.01,23.009999999999998,2.01,39.01,0.8975635563818285
True,2.01,0.01,1.01,42.01,1.2096908090219771
False,2.01,4.01,2.01,35.01,1.2596299608242505
False,2.01,2.01,3.01,43.01,0.8933525241916447
True,0.01,1.01,0.01,42.01,0.856224669998812
True,0.01,1.01,4.01,39.01,1.8571126820373052
False,0.01,2.01,0.01,51.01,1.5310285964412753
False,0.01,3.01,3.01,44.01,0.5465030582421887
True,3.01,0.01,3.01,32.01,1.371508045459849
False,2.01,2.01,2.01,31.009999999999998,1.0581792668639973
False,4.01,3.01,2.01,38.01,0.7217909242533682
False,2.01,3.01,1.01,42.01,0.9970751049459489
False,2.01,3.01,2.01,36.01,0.7845109286331379
False,4.01,4.01,1.01,40.01,1.1478398863993902
False,1.01,3.01,1.01,43.01,1.1358211118008754
True,0.01,2.01,3.01,40.01,0.9039795566673197
True,2.01,2.01,1.01,34.01,1.704885148948487
True,2.01,2.01,3.01,39.01,1.161510761910229
True,4.01,2.01,4.01,40.01,0.5718061252269563
False,4.01,0.01,4.01,35.01,1.1790698966987114
False,6.01,2.01,0.01,36.01,1.2792908765265383
False,2.01,4.01,4.01,42.01,2.315082241647577
False,2.01,3.01,0.01,34.01,1.8998910713967427
True,3.01,4.01,1.01,45.01,0.9739088492630193
False,7.01,3.01,1.01,36.01,0.6434882708608493
False,4.01,6.01,0.01,50.01,0.7893008268258752
True,13.01,9.01,0.01,37.01,1.2888751450265399
True,14.01,8.01,1.01,43.01,0.8946346218383422
False,15.01,6.01,4.01,42.01,1.203400488421216
False,17.009999999999998,12.01,3.01,46.01,1.4120590078869926
False,19.009999999999998,21.009999999999998,2.01,41.01,1.0683811893639725
False,28.009999999999998,16.009999999999998,5.01,50.01,0.986962976962977
False,24.009999999999998,26.009999999999998,1.01,39.01,1.8068609963723816
True,0.01,0.01,0.01,39.01,1.7286692188019037
False,0.01,0.01,0.01,42.01,1.3014842716880928
False,0.01,0.01,0.01,31.009999999999998,1.4777562199632441
False,0.01,1.01,0.01,36.01,0.6002654638382238
False,0.01,0.01,0.01,40.01,1.521900386458662
False,0.01,1.01,0.01,37.01,0.8223867302811306
True,1.01,0.01,0.01,28.009999999999998,0.9103524546851496
False,1.01,0.01,0.01,32.01,0.7013053116682426
True,1.01,0.01,0.01,40.01,0.7817921312011411
True,0.01,0.01,0.01,38.01,1.3903884507970423
False,0.01,0.01,1.01,36.01,1.7283387968283421
False,1.01,0.01,1.01,35.01,0.8047276515510047
True,0.01,0.01,0.01,47.01,0.917775349242279
True,0.01,1.01,0.01,40.01,1.4012420399104941
False,1.01,1.01,1.01,40.01,1.2060887530755735
False,0.01,0.01,1.01,42.01,0.3897530133615017
False,0.01,0.01,1.01,37.01,1.073740388044766
False,1.01,1.01,2.01,32.01,1.1532550191291069
False,0.01,0.01,1.01,38.01,0.4043552077340848
True,0.01,0.01,2.01,48.01,1.4350280776938371
True,0.01,0.01,0.01,34.01,0.8976159401493293
False,3.01,2.01,0.01,53.01,1.3377354631414324
True,1.01,0.01,0.01,53.01,0.6971548218444346
True,2.01,1.01,0.01,38.01,2.400620768638003
True,3.01,0.01,1.01,36.01,1.5075274115360855
True,1.01,1.01,2.01,37.01,1.5505458452252356
True,2.01,2.01,1.01,27.009999999999998,1.5338418629330182
True,1.01,6.01,2.01,35.01,0.9258119975183566
True,3.01,3.01,3.01,46.01,1.4491597475194782
False,2.01,2.01,2.01,29.009999999999998,0.9723921123840102
False,2.01,1.01,1.01,42.01,0.4473307871300328
False,3.01,2.01,2.01,44.01,0.8874286261757195
True,3.01,4.01,2.01,30.009999999999998,1.8088651827665203
False,0.01,0.01,0.01,40.01,0.8005385372588797
True,0.01,0.01,0.01,40.01,1.1060669718872165
True,0.01,0.01,0.01,40.01,0.9523505138123197
True,0.01,0.01,1.01,31.009999999999998,1.4732566701434107
True,0.01,0.01,0.01,35.01,0.8201239600649809
False,0.01,0.01,0.01,30.009999999999998,1.1535260086290688
True,0.01,1.01,0.01,34.01,0.6176533189033189
False,0.01,0.01,0.01,47.01,0.8540372195697513
True,0.01,0.01,0.01,27.009999999999998,0.6511406517390291
False,1.01,0.01,0.01,43.01,1.1826467843395594
False,0.01,0.01,0.01,35.01,0.7773143751902042
True,0.01,1.01,0.01,40.01,0.8311779886779886
True,0.01,0.01,1.01,38.01,0.95597373684693
True,0.01,1.01,0.01,24.009999999999998,1.2503358721094078
False,1.01,1.01,0.01,40.01,0.6646016990254906
True,0.01,0.01,0.01,43.01,1.0235646392050566
False,0.01,0.01,1.01,36.01,1.0673610820548292
False,1.01,1.01,1.01,31.009999999999998,0.8743223404092969
True,0.01,0.01,2.01,42.01,0.9675800947211217
False,1.01,0.01,1.01,46.01,0.7746557977490179
False,0.01,0.01,3.01,39.01,0.5081730994524025
False,1.01,0.01,1.01,46.01,0.8778092181934353
True,1.01,0.01,1.01,38.01,0.24470711946932225
False,0.01,0.01,0.01,46.01,0.8433096333096334
True,1.01,2.01,1.01,59.01,0.9164992405433582
True,1.01,0.01,4.01,31.009999999999998,0.6420449940130791
False,1.01,1.01,3.01,40.01,0.7429587768014879
False,0.01,1.01,1.01,43.01,0.8488412260207638
True,0.01,2.01,1.01,39.01,0.8302253463123028
True,0.01,0.01,3.01,37.01,1.3248508972076656
False,0.01,0.01,2.01,44.01,1.2384062400410445
False,2.01,0.01,4.01,34.01,0.588583153884963
True,5.01,1.01,2.01,49.01,1.3449600343058208
True,0.01,0.01,0.01,37.01,0.8958205601587954
False,0.01,0.01,0.01,41.01,0.578922129606212
False,0.01,2.01,1.01,37.01,0.8811629026999536
False,0.01,0.01,1.01,39.01,0.6304358898767586
True,0.01,0.01,1.01,38.01,0.9530865939216253
False,0.01,0.01,1.01,27.009999999999998,1.099067651775723
False,0.01,0.01,1.01,41.01,0.7251571473962027
True,0.01,2.01,2.01,38.01,1.0464124258617586
True,0.01,0.01,0.01,46.01,0.5854196590928725
False,1.01,1.01,1.01,41.01,1.7848051517719872
False,0.01,0.01,0.01,35.01,1.0454446553798031
False,0.01,0.01,1.01,35.01,0.9939788604406454
False,0.01,0.01,1.01,47.01,0.7456234009833081
True,0.01,0.01,1.01,36.01,1.1702727788445606
False,0.01,0.01,0.01,38.01,0.537350656071899
True,0.01,0.01,1.01,62.01,0.748227530286916
False,0.01,0.01,0.01,42.01,1.233540868103976
False,0.01,1.01,0.01,28.009999999999998,1.1352378646421142
True,0.01,0.01,2.01,41.01,0.9902037241020885
False,0.01,0.01,0.01,53.01,0.9424238106427073
False,1.01,0.01,2.01,59.01,0.6935937964724046
True,0.01,0.01,3.01,42.01,0.6719915259812956
False,0.01,0.01,0.01,39.01,1.0243105657235314
False,1.01,0.01,1.01,41.01,1.1298161509410238
True,0.01,0.01,1.01,38.01,1.072818860682916
True,1.01,1.01,0.01,38.01,1.415051686226485
False,0.01,0.01,2.01,45.01,0.5955071829975975
False,0.01,1.01,2.01,47.01,1.369938235800522
True,1.01,1.01,0.01,39.01,0.9984488514753831
False,1.01,0.01,1.01,40.01,0.4568656660341079
False,1.01,0.01,3.01,41.01,0.624616109192568
True,3.01,0.01,4.01,54.01,1.012122270443855
False,1.01,0.01,4.01,37.01,1.2560008865580858
True,0.01,0.01,1.01,43.01,1.1357727699319997
False,1.01,0.01,1.01,42.01,1.257959920722445
False,0.01,0.01,0.01,44.01,1.117578514700677
False,0.01,0.01,1.01,36.01,0.8458093209173561
False,0.01,0.01,0.01,40.01,0.5314731932166934
True,0.01,0.01,1.01,47.01,1.2802923905325239
True,0.01,0.01,0.01,41.01,0.7291322093907109
False,1.01,0.01,0.01,41.01,0.8636388930317617
False,0.01,1.01,1.01,45.01,1.0197874541512384
False,0.01,0.01,0.01,39.01,0.6945490267768566
False,2.01,0.01,1.01,40.01,1.21459614327798
True,0.01,0.01,0.01,38.01,0.9471302473447831
True,0.01,0.01,0.01,43.01,1.5831749057376583
True,1.01,1.01,1.01,49.01,1.4242153769785464
False,0.01,1.01,0.01,32.01,1.1308772511897969
True,0.01,1.01,3.01,64.00999999999999,1.4147094351187601
False,0.01,0.01,0.01,38.01,1.1897864204885884
False,0.01,0.01,1.01,46.01,1.0052329326094696
True,0.01,0.01,1.01,52.01,1.579081671905608
False,0.01,1.01,0.01,33.01,1.638227827860181
False,0.01,0.01,0.01,55.01,0.606856994292139
True,0.01,0.01,1.01,41.01,1.2000168175192873
True,0.01,1.01,1.01,29.009999999999998,0.8643962169454655
True,0.01,0.01,1.01,39.01,1.2051973376047158
False,0.01,0.01,1.01,36.01,1.2719243640299962
True,0.01,2.01,0.01,47.01,1.0019029704256428
False,1.01,0.01,1.01,35.01,0.7809280019738276
False,0.01,0.01,2.01,42.01,0.7623325553099088
False,2.01,0.01,5.01,32.01,1.1126856227831379
False,1.01,0.01,2.01,40.01,1.5413202108294695
True,3.01,3.01,2.01,33.01,0.7443505079419463
False,1.01,0.01,0.01,43.01,1.0421422405651615
False,0.01,1.01,3.01,39.01,1.8401199683655358
True,0.01,1.01,2.01,34.01,1.374453413721114
True,0.01,0.01,0.01,35.01,1.036727795110479
True,2.01,0.01,1.01,45.01,1.1264879918671864
False,0.01,0.01,1.01,31.009999999999998,1.0088633835503207
False,0.01,1.01,1.01,42.01,0.8149848815005849
False,1.01,0.01,0.01,49.01,0.34141320160871413
False,0.01,0.01,3.01,36.01,1.616476631762463
False,0.01,1.01,1.01,34.01,0.7384686034898259
False,0.01,1.01,0.01,50.01,1.3093299297329852
True,1.01,0.01,0.01,34.01,0.8099183344599212
False,0.01,0.01,0.01,34.01,0.952001884349314
False,0.01,0.01,0.01,41.01,0.9720193824549818
False,0.01,0.01,1.01,34.01,0.9731345673042077
True,1.01,1.01,2.01,46.01,1.0250277353961126
True,1.01,0.01,2.01,29.009999999999998,1.138594408938742
False,0.01,0.01,0.01,34.01,0.3971127838072639
False,0.01,0.01,0.01,30.009999999999998,0.9327177607450465
True,0.01,0.01,0.01,39.01,0.7376510360520114
False,0.01,0.01,2.01,34.01,0.5300408335137319
True,0.01,0.01,1.01,34.01,1.1032342866634237
False,0.01,0.01,1.01,29.009999999999998,0.9396955064925833
False,0.01,0.01,1.01,20.009999999999998,0.5726611767321242
False,0.01,0.01,1.01,40.01,0.6808823358564875
False,2.01,1.01,1.01,36.01,0.6948325270021797
False,0.01,1.01,0.01,44.01,1.1562845346663793
True,0.01,1.01,1.01,40.01,0.8861949342612904
True,2.01,0.01,1.01,48.01,1.2787850125860756
False,1.01,0.01,0.01,35.01,0.801792404299298
True,1.01,0.01,0.01,33.01,1.5102736793284222
True,1.01,4.01,3.01,35.01,1.4927296976460296
False,2.01,1.01,3.01,38.01,1.440315535305031
False,3.01,0.01,1.01,41.01,0.6593279998802365
False,1.01,1.01,6.01,39.01,1.255432350823971
False,0.01,0.01,1.01,41.01,1.0331371361824655
True,0.01,0.01,1.01,43.01,1.3630509639959094
False,0.01,0.01,0.01,55.01,0.9217852994425003
True,0.01,0.01,0.01,41.01,0.7446551002803785
True,0.01,0.01,0.01,31.009999999999998,0.801592015673705
True,0.01,0.01,0.01,40.01,1.1797088799153341
False,0.01,0.01,1.01,47.01,1.0828168956738498
False,0.01,0.01,0.01,33.01,0.9133920392096173
False,0.01,0.01,1.01,54.01,0.7599944830034215
True,0.01,0.01,0.01,28.009999999999998,0.8609181277414808
False,0.01,0.01,1.01,42.01,0.8480312436592845
False,0.01,0.01,0.01,50.01,1.144406379165299
False,0.01,0.01,1.01,46.01,1.0865672665204904
True,0.01,0.01,1.01,37.01,1.4466014731870291
False,1.01,0.01,0.01,50.01,1.5273649373515956
True,1.01,0.01,0.01,35.01,1.2120359560296907
True,0.01,0.01,0.01,48.01,1.189330690155315
True,0.01,0.01,0.01,47.01,0.7874058556090481
False,0.01,0.01,0.01,42.01,1.2486980292855918
True,0.01,0.01,0.01,42.01,1.2523142245403909
False,0.01,0.01,0.01,38.01,0.6926460386216539
False,0.01,0.01,1.01,31.009999999999998,0.6039823004109165
True,1.01,1.01,4.01,34.01,1.2996906998790558
True,0.01,0.01,0.01,50.01,0.8475136975059576
False,0.01,0.01,0.01,40.01,0.7520164695576156
True,1.01,0.01,2.01,28.009999999999998,0.3935703719904489
False,0.01,0.01,1.01,36.01,1.1592965214963433
False,0.01,2.01,0.01,33.01,0.8033572844342416
False,1.01,0.01,0.01,43.01,0.5052087727954233
False,1.01,1.01,4.01,46.01,1.1252945287426712
False,1.01,1.01,0.01,48.01,0.7288128080689638
False,0.01,2.01,2.01,45.01,0.742540288284634
False,1.01,0.01,0.01,44.01,0.7205519480519481
False,1.01,0.01,0.01,39.01,0.5655016180016179
True,0.01,0.01,0.01,43.01,0.8773446573091713
False,0.01,0.01,0.01,42.01,0.6361515654468947
True,0.01,2.01,0.01,39.01,0.8597171520841239
False,0.01,0.01,1.01,34.01,0.7877220786366531
True,0.01,0.01,1.01,42.01,1.045605521633747
False,1.01,1.01,0.01,34.01,1.912123365230637
False,1.01,0.01,0.01,42.01,0.7907643355556475
False,0.01,1.01,1.01,33.01,0.9439770571012814
False,0.01,0.01,1.01,36.01,0.5674366271370634
True,0.01,1.01,0.01,33.01,0.5933290105094959
True,0.01,1.01,0.01,41.01,1.2927177276383348
False,0.01,1.01,0.01,54.01,0.9579833663141908
False,0.01,0.01,1.01,41.01,0.5952444115099985
False,0.01,0.01,0.01,60.01,0.9372952361873615
False,0.01,0.01,1.01,35.01,0.9016967283915207
False,0.01,2.01,0.01,44.01,1.1174280855308165
False,1.01,1.01,1.01,40.01,1.0409525992732103
False,0.01,0.01,0.01,42.01,1.2318757865314718
True,0.01,0.01,1.01,31.009999999999998,1.3427987749742083
True,0.01,1.01,2.01,46.01,0.9989794716097156
False,0.01,2.01,1.01,34.01,0.7931744288792053
True,1.01,0.01,1.01,52.01,0.8167259216443084
True,3.01,0.01,0.01,41.01,0.479207161234175
False,0.01,0.01,1.01,45.01,0.47119063860757776
True,3.01,0.01,0.01,34.01,0.4540450758771697
True,1.01,0.01,0.01,41.01,1.4413842547933406
False,0.01,0.01,1.01,46.01,1.0255690808115516
False,0.01,0.01,1.01,32.01,0.9849559870100334
True,0.01,0.01,0.01,45.01,0.775157979164556
False,1.01,4.01,1.01,45.01,0.7305227876281658
False,1.01,3.01,1.01,46.01,0.8706311709115943
False,1.01,2.01,2.01,36.01,1.0752752966102204
True,0.01,0.01,0.01,38.01,1.2812335073845718
False,1.01,0.01,0.01,44.01,0.8591711626038974
False,0.01,0.01,0.01,33.01,0.999185651961579
False,0.01,0.01,1.01,23.009999999999998,0.7101242489556616
False,0.01,0.01,1.01,36.01,0.9454044199436964
True,0.01,1.01,0.01,42.01,0.7971469019442486
False,0.01,0.01,0.01,45.01,0.7891763464014104
False,1.01,1.01,0.01,48.01,0.7684901764351608
True,0.01,0.01,2.01,39.01,0.7855298237319915
False,0.01,0.01,2.01,38.01,1.2015308036051708
False,0.01,0.01,0.01,44.01,1.0272723976351694
True,0.01,0.01,1.01,37.01,0.4694875138675052
True,0.01,0.01,1.01,42.01,0.8648592337143415
False,0.01,0.01,1.01,31.009999999999998,1.0967340887699082
True,1.01,0.01,0.01,30.009999999999998,0.6143583379776932
True,0.01,0.01,0.01,27.009999999999998,0.8366410611140628
False,1.01,0.01,0.01,39.01,0.5657549861593979
False,0.01,0.01,0.01,35.01,0.8933339498610171
True,1.01,0.01,1.01,50.01,0.7460195620926765
True,0.01,0.01,1.01,46.01,1.3200589498625508
True,2.01,1.01,2.01,40.01,1.3942419703895468
False,1.01,0.01,3.01,31.009999999999998,0.64784312504762
False,1.01,1.01,1.01,51.01,0.9520341125471506
False,1.01,0.01,3.01,33.01,1.0851466274730506
False,2.01,0.01,1.01,35.01,1.243888996717448
False,0.01,1.01,1.01,50.01,0.9953292379375915
False,0.01,0.01,1.01,37.01,1.5500717617615387
False,1.01,0.01,2.01,34.01,1.0751839028102619
False,0.01,0.01,1.01,41.01,1.0243383083283855
True,2.01,1.01,1.01,34.01,1.0099436966875488
True,2.01,0.01,3.01,34.01,1.7203257993584955
True,2.01,3.01,0.01,37.01,1.1193615007981705
True,2.01,1.01,2.01,43.01,1.414808923490379
True,0.01,0.01,4.01,47.01,0.8999832643140797
False,1.01,0.01,2.01,42.01,1.2852351636631183
False,0.01,0.01,1.01,49.01,0.42276010795043667
True,0.01,0.01,0.01,41.01,0.9772219647554071
False,0.01,0.01,0.01,52.01,0.7415627297231071
True,0.01,1.01,0.01,39.01,0.9516015694312827
False,0.01,0.01,1.01,30.009999999999998,0.8784934167009483
True,1.01,0.01,0.01,40.01,1.2176946665811954
False,0.01,0.01,0.01,40.01,0.9750119783137349
True,0.01,0.01,0.01,44.01,1.5884318835219828
True,0.01,0.01,1.01,33.01,0.9443619567409889
False,0.01,0.01,0.01,40.01,0.7441169686135363
False,1.01,0.01,0.01,45.01,1.5322604559940483
False,0.01,0.01,0.01,40.01,0.6446822849181849
True,1.01,0.01,0.01,51.01,1.0443053738828973
True,1.01,0.01,0.01,34.01,1.0560803782510944
True,1.01,1.01,0.01,40.01,0.7481342246018655
False,1.01,1.01,0.01,45.01,0.7144597813191708
False,0.01,0.01,1.01,31.009999999999998,0.8653099706243723
False,0.01,0.01,1.01,32.01,1.016333369891071
False,1.01,0.01,0.01,47.01,0.7180552543696566
False,2.01,1.01,0.01,46.01,1.2875196150832386
True,0.01,2.01,1.01,26.009999999999998,0.6458671431622798
False,0.01,0.01,1.01,44.01,1.5840729038552253
False,0.01,0.01,1.01,40.01,0.6580148462696407
False,0.01,0.01,2.01,41.01,1.4211059774172181
True,1.01,2.01,0.01,29.009999999999998,1.0051379422733702
False,2.01,0.01,1.01,41.01,1.5212395721138228
True,3.01,2.01,3.01,44.01,0.5910895684654742
True,2.01,2.01,1.01,31.009999999999998,1.1902685265502315
False,1.01,3.01,4.01,39.01,1.3050846444439723
True,7.01,3.01,1.01,40.01,1.2140955205712323
True,3.01,3.01,1.01,40.01,1.3743960920823317
True,0.01,0.01,2.01,37.01,1.7806047460718704
False,0.01,0.01,0.01,34.01,0.6285624427406582
True,0.01,0.01,0.01,37.01,1.3132916692464915
False,0.01,0.01,0.01,37.01,0.8032324939304918
False,0.01,0.01,1.01,37.01,0.8939105098756681
False,0.01,0.01,1.01,45.01,0.8517830822052814
True,0.01,0.01,0.01,45.01,1.180020402259198
True,1.01,0.01,0.01,36.01,0.8768020992034942
False,0.01,0.01,0.01,41.01,0.8952059170651179
True,0.01,0.01,0.01,34.01,0.35860607142644957
False,0.01,1.01,0.01,46.01,1.081816873806964
False,0.01,3.01,1.01,33.01,1.8194241960146327
True,0.01,0.01,0.01,50.01,1.034899034657099
True,0.01,2.01,2.01,35.01,0.9002748363290021
False,0.01,0.01,0.01,31.009999999999998,0.79676572006661
False,0.01,0.01,0.01,40.01,0.9854750035719163
False,0.01,0.01,1.01,38.01,0.717161003529834
False,0.01,1.01,0.01,39.01,0.9929772584839914
False,0.01,1.01,2.01,36.01,0.8500751894855669
True,1.01,0.01,0.01,47.01,0.4274110494200293
False,0.01,0.01,0.01,34.01,1.1703700954845198
True,1.01,0.01,0.01,52.01,0.5310474026576659
True,0.01,2.01,5.01,48.01,0.9737006613724539
False,0.01,0.01,1.01,36.01,0.8685784014296862
True,0.01,1.01,1.01,37.01,0.6608563431626561
False,0.01,1.01,1.01,39.01,0.8204967180758446
True,3.01,0.01,3.01,39.01,1.0316286683368607
True,0.01,1.01,0.01,44.01,1.0165532821217687
False,0.01,0.01,1.01,52.01,0.7326039846990058
False,0.01,1.01,2.01,20.009999999999998,0.4773467656913101
True,2.01,0.01,0.01,37.01,1.1615825595773854
True,1.01,4.01,2.01,37.01,1.2853063621830123
True,0.01,2.01,2.01,32.01,0.6781143786185803
False,0.01,0.01,0.01,43.01,1.1189147712715297
False,0.01,0.01,0.01,42.01,0.7895789858997406
False,0.01,0.01,0.01,54.01,0.859265626363687
True,0.01,0.01,0.01,34.01,0.8842275572951085
False,0.01,0.01,1.01,38.01,0.8009292187663064
True,0.01,0.01,1.01,40.01,1.3798153930879749
False,1.01,0.01,1.01,47.01,1.4625108442335781
True,2.01,0.01,2.01,35.01,1.4672139973056448
False,0.01,0.01,1.01,35.01,0.6751534781221571
True,0.01,0.01,0.01,42.01,1.3007262895108884
False,0.01,0.01,1.01,41.01,0.8389646519522885
False,0.01,0.01,0.01,48.01,0.7857749492924695
False,0.01,0.01,1.01,41.01,0.8042362872204274
True,0.01,0.01,0.01,44.01,1.3592219927772482
False,1.01,0.01,1.01,46.01,1.46297015539656
True,0.01,1.01,1.01,37.01,0.726787964601864
True,0.01,0.01,1.01,33.01,0.721695173888921
False,0.01,0.01,0.01,36.01,0.6010668838224451
True,2.01,0.01,1.01,38.01,1.1414501341406598
True,0.01,1.01,0.01,34.01,1.4387135135036917
True,2.01,0.01,0.01,41.01,1.021582984140786
False,4.01,0.01,0.01,35.01,0.9411002780043027
True,1.01,2.01,0.01,43.01,0.700204687058551
True,1.01,1.01,2.01,46.01,1.144163623983608
False,1.01,0.01,0.01,29.009999999999998,0.6755889533555934
False,0.01,1.01,0.01,42.01,0.6597173122490025
False,3.01,4.01,4.01,49.01,0.7588382062262261
True,1.01,3.01,2.01,23.009999999999998,1.3903288195808523
False,1.01,1.01,2.01,39.01,0.8593619080831185
True,0.01,1.01,3.01,36.01,0.9130183349213047
False,3.01,0.01,1.01,44.01,1.1721494691315992
True,6.01,2.01,4.01,32.01,1.7856124976419774
True,3.01,2.01,5.01,28.009999999999998,1.424598386546061
False,0.01,0.01,0.01,49.01,1.2664805074413474
True,0.01,0.01,0.01,49.01,0.9041539909749163
True,0.01,1.01,2.01,41.01,1.331576641402978
False,0.01,0.01,0.01,32.01,0.6512555330646389
False,0.01,0.01,1.01,44.01,1.0601494655088386
False,0.01,0.01,2.01,25.009999999999998,0.7963536984073757
True,0.01,0.01,0.01,28.009999999999998,0.5924787493190239
True,0.01,0.01,0.01,47.01,1.1979980315599974
False,0.01,0.01,2.01,35.01,1.6204716998969015
False,0.01,0.01,1.01,36.01,0.5918579332083637
True,0.01,0.01,1.01,35.01,1.2465766983020654
False,0.01,0.01,0.01,37.01,0.6052552821329829
False,2.01,0.01,3.01,38.01,0.988889677410014
True,0.01,0.01,2.01,35.01,0.9004049055519644
True,1.01,0.01,1.01,58.01,0.9598568962425614
False,0.01,0.01,1.01,24.009999999999998,0.5379583098672999
False,0.01,0.01,1.01,37.01,0.54670884752027
False,3.01,0.01,1.01,38.01,0.8595471231950361
False,0.01,0.01,0.01,52.01,1.0493165945149325
True,0.01,2.01,0.01,41.01,1.0107859408510056
True,0.01,4.01,0.01,52.01,0.692810979211113
True,1.01,0.01,1.01,46.01,0.741769244954971
False,2.01,0.01,1.01,44.01,0.8698947622514364
True,0.01,2.01,0.01,54.01,0.8737820165486566
False,1.01,0.01,1.01,36.01,0.6589504216166415
True,2.01,0.01,2.01,45.01,1.2543639741151682
False,0.01,0.01,0.01,33.01,1.2226643279837146
False,1.01,2.01,0.01,36.01,0.9792176335260838
False,1.01,0.01,2.01,28.009999999999998,1.0021999327945181
False,0.01,2.01,2.01,42.01,0.8794281198563672
True,1.01,1.01,1.01,45.01,0.3824790032529608
False,1.01,1.01,2.01,29.009999999999998,0.8612794942262244
False,1.01,1.01,2.01,32.01,1.0017539480648812
True,0.01,0.01,1.01,46.01,0.9864244650649389
False,0.01,0.01,0.01,40.01,1.4386819394271193
True,0.01,1.01,0.01,40.01,1.1954012679870936
False,0.01,0.01,2.01,50.01,1.2404703261202992
False,1.01,0.01,1.01,60.01,0.781476063219014
False,0.01,1.01,1.01,41.01,1.6787891791707203
False,1.01,0.01,2.01,41.01,0.5574464275236586
False,1.01,0.01,0.01,37.01,1.1412017058725072
False,0.01,0.01,2.01,51.01,1.0721358587892074
False,0.01,1.01,1.01,38.01,0.7680683930709827
True,0.01,0.01,0.01,58.01,2.0221137842817405
True,0.01,1.01,0.01,39.01,1.0101640570293444
False,0.01,0.01,1.01,41.01,0.88225323161096
False,0.01,1.01,1.01,34.01,1.0996483130936914
True,0.01,0.01,1.01,50.01,1.130643357602797
True,0.01,1.01,1.01,45.01,0.4957985393040186
True,1.01,0.01,0.01,37.01,1.1017692457822534
False,1.01,0.01,1.01,41.01,1.1238563686450866
False,0.01,0.01,1.01,48.01,0.85353202965379
True,2.01,0.01,0.01,45.01,1.1146202556120477
True,0.01,0.01,1.01,41.01,1.044092116350181
False,0.01,0.01,1.01,50.01,1.0119505786204084
False,0.01,0.01,1.01,35.01,1.1110095350136704
False,0.01,0.01,1.01,38.01,0.7573703108785427
False,1.01,0.01,0.01,38.01,0.5446353560074659
False,2.01,0.01,2.01,46.01,0.7938920488015361
False,1.01,2.01,2.01,46.01,0.6386356917935864
True,2.01,1.01,2.01,36.01,1.6742570885181158
False,3.01,3.01,0.01,42.01,1.6610167300945713
True,3.01,1.01,3.01,47.01,1.2789970114897165
True,4.01,1.01,2.01,31.009999999999998,1.0434406090985038
True,0.01,1.01,3.01,44.01,1.425501471240489
False,3.01,1.01,0.01,43.01,1.034366439525517
False,0.01,0.01,0.01,57.01,0.7239077777309921
False,0.01,0.01,2.01,34.01,0.9561683239853684
True,0.01,0.01,0.01,47.01,1.3013185167166454
False,0.01,0.01,1.01,38.01,1.6875835706389197
False,0.01,0.01,1.01,38.01,1.3539639626973832
True,1.01,0.01,0.01,25.009999999999998,1.00972377425719
True,0.01,0.01,0.01,30.009999999999998,1.1796183053361824
False,1.01,0.01,0.01,37.01,1.3574268519460684
False,1.01,0.01,0.01,40.01,1.6017775710677296
True,0.01,2.01,2.01,52.01,1.4658442727378365
True,0.01,0.01,1.01,51.01,0.9404739277146823
True,0.01,0.01,0.01,39.01,0.9160522303729298
False,0.01,0.01,3.01,49.01,1.1324182776966016
False,1.01,0.01,1.01,46.01,0.8509810245615679
True,0.01,0.01,2.01,29.009999999999998,0.8505266204221777
True,0.01,1.01,2.01,39.01,0.9145411207843148
False,0.01,1.01,0.01,43.01,0.7081332130749952
False,0.01,0.01,0.01,37.01,0.9472498439012349
True,1.01,2.01,0.01,37.01,0.9440321042349944
True,0.01,0.01,1.01,45.01,1.3165160305158494
False,0.01,0.01,0.01,37.01,0.7432484583592877
False,1.01,0.01,0.01,31.009999999999998,0.9627474954032281
False,0.01,0.01,2.01,39.01,1.127740117526816
True,2.01,0.01,1.01,37.01,1.510607304885132
True,1.01,1.01,2.01,27.009999999999998,1.3432256340151076
False,2.01,0.01,2.01,47.01,0.8151972434582274
True,1.01,0.01,1.01,33.01,0.5328622457986947
False,4.01,1.01,1.01,27.009999999999998,0.7188130317201461
False,2.01,4.01,0.01,41.01,0.8314636450261284
True,1.01,1.01,1.01,52.01,1.199252571517618
True,3.01,1.01,4.01,31.009999999999998,0.8826036087602466
False,3.01,1.01,0.01,50.01,0.6983989098819797
True,10.01,3.01,4.01,51.01,1.1237460233738334
True,0.01,2.01,1.01,31.009999999999998,0.7613605419871404
False,2.01,0.01,0.01,40.01,0.8770096410738777
False,0.01,1.01,0.01,37.01,0.43597589950531135
True,0.01,0.01,0.01,33.01,0.8230385687771458
False,0.01,1.01,0.01,43.01,0.6130285570065126
False,0.01,0.01,0.01,35.01,0.9121192168266026
True,0.01,1.01,2.01,34.01,1.3317334051540601
True,0.01,0.01,0.01,41.01,0.7771333223417755
False,0.01,0.01,0.01,40.01,0.8749974183399643
False,0.01,0.01,0.01,35.01,0.678486463408425
True,0.01,1.01,1.01,34.01,1.004836182337022
False,1.01,0.01,0.01,50.01,1.3296993670412107
True,0.01,0.01,0.01,49.01,0.8708456302765766
False,0.01,1.01,0.01,39.01,0.6074106092970509
False,0.01,0.01,1.01,40.01,1.1468832904671253
False,0.01,0.01,0.01,45.01,1.5135831097934924
False,1.01,0.01,0.01,39.01,0.6232177536550602
False,0.01,0.01,0.01,44.01,0.8640133064387139
True,1.01,0.01,1.01,31.009999999999998,0.8421750727611425
True,1.01,0.01,4.01,41.01,1.101131640765084
False,0.01,0.01,0.01,48.01,1.0236189233685333
True,3.01,0.01,1.01,37.01,0.901513400687537
False,1.01,0.01,0.01,38.01,1.1395817286894696
True,1.01,0.01,1.01,29.009999999999998,1.0695830555184005
True,1.01,0.01,2.01,38.01,1.1213249171950017
True,3.01,1.01,0.01,37.01,0.8322037891898276
True,0.01,0.01,1.01,41.01,1.3352855396237748
False,0.01,2.01,1.01,37.01,1.299548438250002
True,0.01,4.01,0.01,37.01,0.8456114324111115
True,3.01,2.01,4.01,37.01,1.305546951982374
True,6.01,4.01,3.01,35.01,0.8750129144164138
False,3.01,0.01,3.01,42.01,1.1689449784964625
True,0.01,4.01,4.01,36.01,1.4794820881610127
False,0.01,0.01,1.01,42.01,0.9278490226960446
True,0.01,0.01,0.01,35.01,0.49935437411243866
True,0.01,0.01,0.01,47.01,0.7141078353372979
False,0.01,0.01,0.01,49.01,0.5794793188872136
False,1.01,0.01,0.01,42.01,0.9029891793247358
False,0.01,0.01,0.01,38.01,0.7911052870954708
True,0.01,0.01,2.01,44.01,0.7121122362094595
False,2.01,0.01,1.01,41.01,1.349745285398785
False,1.01,1.01,3.01,28.009999999999998,0.6040375084540169
True,0.01,2.01,0.01,44.01,1.1433842511135937
True,0.01,0.01,1.01,32.01,1.0281062515256474
False,0.01,0.01,0.01,36.01,0.6886797659102607
False,0.01,0.01,0.01,42.01,1.155582132918468
True,1.01,0.01,3.01,45.01,0.9486882301200862
False,1.01,0.01,1.01,39.01,0.9904113905079608
False,1.01,0.01,2.01,36.01,0.7712592472886591
False,1.01,0.01,1.01,33.01,0.3808650154278972
True,1.01,0.01,1.01,29.009999999999998,0.7357657349146339
False,0.01,1.01,3.01,42.01,1.5833856606385803
True,0.01,0.01,0.01,43.01,0.7399194227713799
True,1.01,1.01,1.01,40.01,0.6376448197201103
True,3.01,2.01,3.01,42.01,1.095831510963158
False,0.01,1.01,0.01,39.01,0.8106755054192021
False,1.01,1.01,1.01,37.01,0.6259824125836975
False,0.01,0.01,1.01,44.01,0.8958719765322629
True,1.01,2.01,2.01,47.01,0.9634482721882015
False,1.01,2.01,1.01,43.01,0.8735424233134795
False,1.01,5.01,1.01,36.01,0.903130947031055
False,2.01,1.01,1.01,45.01,1.2886292642343224
True,5.01,0.01,3.01,41.01,0.8263373110634773
False,1.01,2.01,1.01,45.01,0.7796455365146748
True,1.01,2.01,1.01,40.01,0.8458793267210205
False,1.01,1.01,3.01,31.009999999999998,1.0305076686723993
False,0.01,1.01,0.01,33.01,1.293156881964615
True,0.01,0.01,0.01,46.01,0.8523568251041213
True,1.01,0.01,0.01,45.01,1.8819724778692757
False,0.01,0.01,2.01,34.01,0.9704023066689883
True,0.01,0.01,1.01,40.01,1.2099302471984612
True,0.01,0.01,1.01,30.009999999999998,1.1311465070234625
False,1.01,0.01,0.01,46.01,1.0514140433590395
False,0.01,0.01,1.01,37.01,1.7899310821226948
False,0.01,0.01,0.01,39.01,0.9271366718357323
True,0.01,0.01,1.01,44.01,0.5330100508588675
False,1.01,1.01,0.01,44.01,0.6853860072110479
False,1.01,0.01,4.01,43.01,1.0218654689916804
False,0.01,0.01,1.01,42.01,0.523334525027674
True,0.01,1.01,2.01,39.01,0.7257400095582817
True,2.01,1.01,1.01,43.01,0.7911625121237962
False,2.01,1.01,2.01,40.01,0.7326683488894323
True,3.01,0.01,2.01,36.01,1.219807642621631
False,1.01,1.01,1.01,38.01,0.6402216585551858
False,0.01,2.01,0.01,25.009999999999998,0.8745211057261341
True,4.01,2.01,0.01,42.01,1.3942770085587304
True,1.01,0.01,1.01,48.01,1.4194856008236936
False,0.01,1.01,1.01,47.01,0.8480679262258211
False,1.01,3.01,1.01,30.009999999999998,0.96134871774032
False,2.01,1.01,1.01,38.01,0.8244391107820217
False,2.01,1.01,1.01,44.01,0.7430241288030733
True,2.01,3.01,2.01,43.01,0.8704329894339491
False,2.01,3.01,2.01,37.01,0.7977159885177132
True,1.01,4.01,3.01,36.01,1.0932156161994537
False,3.01,5.01,1.01,32.01,2.1384882449826006
True,0.01,2.01,2.01,41.01,0.9797731369066414
False,0.01,4.01,2.01,47.01,0.8303481954920254
False,5.01,3.01,2.01,34.01,0.9544634696360297
False,3.01,6.01,1.01,43.01,1.0957622003936776
True,1.01,2.01,1.01,49.01,0.9976923900603579
True,0.01,1.01,1.01,37.01,0.9013391992607442
False,0.01,0.01,2.01,43.01,0.8905028650318147
True,0.01,0.01,0.01,45.01,1.2106823079321072
False,0.01,1.01,1.01,36.01,1.0728395434285223
True,0.01,0.01,1.01,45.01,1.136987636155258
True,1.01,2.01,0.01,47.01,0.5691673783074892
False,1.01,0.01,1.01,46.01,0.6501324355323181
True,0.01,1.01,0.01,35.01,0.7740834855698148
False,0.01,0.01,1.01,34.01,0.5758411820943491
False,1.01,1.01,3.01,42.01,0.8645181859615283
True,1.01,1.01,4.01,41.01,0.8494535067391104
False,0.01,1.01,0.01,32.01,0.9973887175107009
True,0.01,1.01,0.01,40.01,0.719659538610378
False,0.01,0.01,0.01,40.01,0.864515418660703
True,1.01,1.01,3.01,40.01,0.6884876928626928
False,0.01,1.01,2.01,41.01,1.2241106241912099
True,1.01,1.01,1.01,36.01,0.6838223288349774
True,2.01,1.01,1.01,36.01,1.2246897442423474
False,0.01,1.01,1.01,40.01,1.4503008331952334
False,1.01,0.01,0.01,42.01,1.0921141976728206
False,0.01,2.01,1.01,39.01,1.0225267339519626
True,1.01,0.01,1.01,44.01,1.0649249079066565
False,0.01,0.01,0.01,41.01,1.1470258592081608
False,0.01,4.01,0.01,31.009999999999998,0.7602929982078386
False,2.01,0.01,1.01,39.01,0.9497105136420657
False,3.01,1.01,1.01,47.01,1.021295448471465
True,1.01,3.01,1.01,38.01,1.4441652284126634
False,1.01,3.01,1.01,31.009999999999998,1.1610314162261142
True,4.01,5.01,2.01,44.01,1.1865646590049732
False,4.01,8.01,1.01,35.01,1.0756218906602537
False,7.01,2.01,3.01,40.01,0.9322332934967076
False,4.01,2.01,3.01,50.01,1.65128646501104
True,0.01,0.01,2.01,34.01,0.9768503346839178
True,0.01,1.01,0.01,31.009999999999998,1.0674825348708432
False,0.01,0.01,1.01,41.01,0.473872774724896
False,1.01,1.01,0.01,42.01,1.3336707681235105
False,0.01,0.01,1.01,45.01,1.324738397841087
False,0.01,0.01,0.01,44.01,0.917798039275553
False,0.01,1.01,0.01,29.009999999999998,1.322393251254338
False,2.01,2.01,2.01,49.01,0.7992600012280863
False,2.01,0.01,1.01,43.01,0.9325065708137101
False,1.01,0.01,2.01,45.01,1.1558608174809577
True,1.01,1.01,2.01,37.01,0.879133404909267
True,1.01,0.01,0.01,35.01,1.4938144448045745
True,1.01,4.01,0.01,41.01,0.9114846201586403
False,1.01,0.01,2.01,47.01,1.0887036077664995
True,4.01,1.01,0.01,44.01,1.7757737870906662
False,0.01,1.01,0.01,32.01,0.8400207609777854
False,1.01,0.01,2.01,43.01,1.0145543975251439
True,2.01,2.01,2.01,44.01,1.3130307293426964
True,2.01,2.01,1.01,42.01,1.0431176899128218
False,3.01,5.01,2.01,47.01,1.3049979047654168
False,1.01,5.01,1.01,43.01,0.6723023318145269
True,3.01,4.01,3.01,34.01,0.8375410708052329
False,5.01,1.01,0.01,36.01,1.4524866332547552
False,3.01,1.01,1.01,43.01,1.1539018194649429
True,4.01,4.01,0.01,40.01,1.5537296890505894
True,8.01,5.01,0.01,36.01,0.6054701585497835
True,3.01,3.01,1.01,46.01,0.9175481323464407
False,5.01,4.01,2.01,37.01,0.6950300839433635
True,7.01,5.01,1.01,38.01,0.9835953603454068
False,9.01,2.01,2.01,40.01,0.9886832648903843
False,7.01,6.01,0.01,37.01,0.8970380028699212
True,8.01,5.01,1.01,48.01,1.25536833298316
True,0.01,2.01,0.01,39.01,0.7169419800567649
True,1.01,0.01,0.01,35.01,0.8132343227999689
True,0.01,0.01,3.01,43.01,0.9272152564523353
False,0.01,1.01,1.01,42.01,0.9976558903191561
False,0.01,1.01,0.01,49.01,0.9321622740005093
False,0.01,0.01,0.01,38.01,0.46355191465031287
True,1.01,1.01,3.01,42.01,0.5005666335908323
True,1.01,0.01,1.01,41.01,0.5529719433611261
False,2.01,1.01,1.01,45.01,1.3912627010519723
True,1.01,2.01,1.01,51.01,1.0973779036355304
False,2.01,1.01,0.01,42.01,1.1254675913963192
False,0.01,0.01,2.01,34.01,1.1680728935871887
True,1.01,1.01,3.01,41.01,1.2225064859243866
False,0.01,1.01,1.01,38.01,1.3452309857851368
False,3.01,0.01,0.01,41.01,1.1286444316026034
False,4.01,0.01,1.01,32.01,0.7953873040280626
False,3.01,1.01,1.01,46.01,0.8809136966867988
False,2.01,3.01,4.01,44.01,1.3948126489671433
False,5.01,5.01,1.01,40.01,1.1142009215179696
False,4.01,1.01,1.01,43.01,0.8618877226147516
False,3.01,1.01,0.01,42.01,0.7746031184802133
False,0.01,7.01,0.01,36.01,0.8744847341652667
True,0.01,3.01,1.01,46.01,1.0561966169444552
False,6.01,4.01,4.01,39.01,0.4907834237846743
True,4.01,5.01,4.01,41.01,1.359639813231219
True,5.01,5.01,4.01,36.01,1.2726115159108893
False,2.01,6.01,1.01,36.01,0.8937869893942132
True,8.01,8.01,3.01,29.009999999999998,0.8155401240690232
True,11.01,11.01,1.01,51.01,1.0179489710574903
False,4.01,7.01,1.01,45.01,1.1415938156038692
True,12.01,13.01,1.01,46.01,1.287523729293989
True,12.01,11.01,4.01,37.01,0.9222956920537565
False,0.01,0.01,2.01,39.01,1.7769016608368904
True,0.01,1.01,0.01,41.01,0.882991623875689
False,0.01,1.01,0.01,38.01,0.4423153479973967
False,0.01,2.01,0.01,45.01,0.9659042506696127
False,0.01,1.01,0.01,43.01,1.8278472090110065
True,2.01,2.01,1.01,42.01,1.149822699701732
True,0.01,6.01,2.01,35.01,0.8619483067597429
True,2.01,3.01,3.01,38.01,1.203716071094418
True,0.01,0.01,1.01,38.01,1.0826199371708527
False,1.01,1.01,0.01,40.01,0.8376749912070173
False,1.01,0.01,0.01,45.01,0.7628283136951598
False,0.01,0.01,1.01,45.01,1.420171474398848
False,1.01,1.01,2.01,33.01,1.0661209160319491
False,1.01,1.01,0.01,47.01,1.2249320571901217
True,1.01,2.01,0.01,49.01,1.0539712350533224
False,0.01,2.01,0.01,36.01,1.2200920609367032
False,2.01,1.01,1.01,30.009999999999998,0.8229937735503471
False,3.01,4.01,1.01,38.01,0.975880366870665
True,3.01,2.01,0.01,38.01,0.9701214375665592
True,3.01,6.01,1.01,46.01,1.3660577095142807
False,6.01,5.01,0.01,39.01,1.245996595772337
False,3.01,2.01,2.01,43.01,1.0945267049371434
True,4.01,5.01,3.01,47.01,0.6526694285246916
True,5.01,0.01,0.01,45.01,1.4517880066098876
True,11.01,7.01,2.01,42.01,1.607412203400362
False,7.01,6.01,3.01,42.01,1.727973638561874
True,8.01,11.01,1.01,30.009999999999998,0.8790067535021895
True,17.009999999999998,8.01,2.01,40.01,1.22006188989585
False,10.01,9.01,2.01,38.01,1.3894125463457525
True,6.01,10.01,0.01,37.01,1.2288041618762002
False,18.009999999999998,6.01,6.01,37.01,0.6441252500575136
True,12.01,20.009999999999998,4.01,42.01,1.3738643419344623
True,0.01,1.01,1.01,43.01,0.9932065919726436
False,2.01,0.01,1.01,37.01,1.2986417967996913
False,2.01,1.01,2.01,36.01,0.8851697443800398
True,3.01,0.01,3.01,32.01,1.031845728609058
False,0.01,1.01,2.01,39.01,0.9056891017524824
True,3.01,0.01,0.01,30.009999999999998,0.8209304431930193
False,2.01,2.01,1.01,48.01,1.1610940448440445
False,0.01,1.01,2.01,31.009999999999998,1.158650622950937
False,1.01,0.01,0.01,47.01,0.6597136447903712
False,0.01,3.01,1.01,34.01,1.1229344212663397
False,0.01,1.01,1.01,40.01,0.7666232920637954
False,2.01,1.01,2.01,46.01,1.0238643732517763
False,1.01,5.01,2.01,35.01,1.1749369133897996
False,1.01,0.01,1.01,44.01,1.040540226681531
True,1.01,3.01,0.01,35.01,1.2567157830931663
True,4.01,4.01,3.01,42.01,0.8682250957940616
True,3.01,3.01,0.01,41.01,1.0826864345899339
True,0.01,2.01,2.01,31.009999999999998,0.792643938448892
True,2.01,4.01,1.01,51.01,0.9462417428558368
True,1.01,4.01,2.01,41.01,0.6547709715827272
False,2.01,4.01,1.01,41.01,1.0439088023805816
False,3.01,3.01,2.01,36.01,1.7237947876280966
False,3.01,1.01,1.01,28.009999999999998,1.3629888405382677
True,4.01,1.01,3.01,39.01,0.7423147364885204
True,2.01,5.01,1.01,43.01,0.9265731987883368
False,4.01,1.01,3.01,41.01,1.401519550827636
False,7.01,1.01,1.01,46.01,0.7437013588367939
True,2.01,4.01,3.01,27.009999999999998,2.356522285334205
True,4.01,8.01,0.01,30.009999999999998,0.8862942448448652
False,4.01,6.01,1.01,38.01,0.7779154295248114
False,7.01,1.01,1.01,36.01,0.7337627478516069
False,3.01,6.01,1.01,41.01,1.3600628757207704
False,1.01,0.01,1.01,44.01,1.1090474254002782
True,0.01,0.01,0.01,43.01,1.7346576390353399
False,0.01,0.01,1.01,48.01,0.7918376983669336
True,0.01,2.01,0.01,39.01,1.4608021933869961
False,2.01,1.01,0.01,34.01,0.9908831929295481
False,0.01,2.01,2.01,44.01,0.9414321588234631
False,0.01,2.01,0.01,47.01,0.47782366233585744
True,2.01,3.01,1.01,49.01,1.1659364736862772
True,3.01,1.01,0.01,44.01,0.9765251471384667
True,2.01,2.01,1.01,41.01,1.1353097858249004
False,0.01,3.01,2.01,44.01,1.53104604220493
False,1.01,2.01,2.01,36.01,0.6354423250780346
True,2.01,2.01,4.01,55.01,0.9661167190351609
True,3.01,4.01,0.01,38.01,1.4517816592448942
True,6.01,4.01,3.01,41.01,1.187922045206505
True,0.01,2.01,3.01,41.01,0.7104762641075265
True,3.01,0.01,5.01,43.01,0.6854315405484184
True,0.01,2.01,0.01,36.01,1.1274812268460181
True,1.01,0.01,0.01,39.01,0.9253744572916279
False,3.01,0.01,2.01,38.01,0.8569231807071906
False,6.01,4.01,2.01,36.01,0.9232584806497851
False,2.01,5.01,0.01,36.01,0.8430803556397771
True,1.01,5.01,2.01,38.01,0.8692314422494233
False,6.01,3.01,1.01,42.01,0.6866181224628559
True,6.01,8.01,1.01,40.01,1.4661176610478093
False,7.01,5.01,1.01,37.01,0.9180769730335211
False,7.01,9.01,3.01,38.01,1.5317372585375728
True,10.01,10.01,1.01,40.01,1.1239117305095307
False,8.01,5.01,1.01,37.01,0.746291943942806
True,9.01,13.01,3.01,38.01,1.0152000627823676
True,8.01,10.01,2.01,48.01,1.3808686617619312
False,8.01,6.01,2.01,49.01,1.2885696423091382
True,2.01,0.01,2.01,39.01,1.1441227461808967
True,1.01,1.01,2.01,29.009999999999998,1.091929330724446
False,1.01,1.01,1.01,37.01,0.8598235788256078
True,0.01,1.01,2.01,34.01,1.6602208860697538
False,1.01,2.01,2.01,40.01,1.3808440146602166
False,0.01,1.01,0.01,37.01,1.0772617554021726
False,1.01,1.01,0.01,48.01,1.4170503519003053
False,1.01,0.01,2.01,39.01,0.9999433401517672
True,2.01,2.01,1.01,34.01,0.6279501620763458
False,1.01,1.01,1.01,41.01,0.9386126213638732
True,1.01,1.01,1.01,43.01,1.4078236400864963
True,0.01,3.01,0.01,54.01,0.7534561153366355
False,2.01,1.01,0.01,47.01,1.1555988109252369
False,1.01,1.01,0.01,38.01,1.5353956549072292
True,0.01,0.01,0.01,49.01,0.9562665159551894
False,0.01,0.01,2.01,34.01,1.3668599682199898
True,5.01,3.01,2.01,43.01,0.9056702635671465
False,7.01,0.01,2.01,33.01,0.8745238057808522
False,4.01,2.01,3.01,39.01,0.8879895243111562
True,3.01,2.01,1.01,38.01,1.3771383223376685
False,1.01,8.01,1.01,40.01,0.9276181914609023
False,3.01,3.01,2.01,36.01,0.7522678264686073
True,7.01,3.01,2.01,33.01,0.9257389475182158
False,5.01,9.01,0.01,37.01,0.8297423687109595
False,4.01,2.01,0.01,42.01,0.94682966742658
False,4.01,6.01,2.01,35.01,1.0232195680947382
True,20.009999999999998,4.01,1.01,34.01,1.093619629876871
True,12.01,7.01,2.01,48.01,1.1378016279950836
True,9.01,10.01,1.01,36.01,1.4879532803514735
True,9.01,16.009999999999998,1.01,44.01,0.9698351179722275
False,15.01,24.009999999999998,3.01,40.01,1.2400183470589585
True,24.009999999999998,21.009999999999998,5.01,50.01,1.4148251691086144
True,2.01,1.01,0.01,39.01,1.181297122434557
False,1.01,2.01,0.01,33.01,0.9812075605309134
True,1.01,1.01,1.01,43.01,0.5688011014395501
False,1.01,3.01,2.01,39.01,0.7099094191335241
False,2.01,1.01,2.01,40.01,0.8177570219232494
True,5.01,1.01,2.01,35.01,0.449393663861749
False,0.01,2.01,1.01,43.01,1.183690824574844
True,1.01,0.01,2.01,42.01,0.9543338815960842
False,0.01,1.01,0.01,28.009999999999998,0.9232807393718819
True,2.01,1.01,1.01,54.01,0.9008922768432959
False,1.01,1.01,1.01,25.009999999999998,1.6175250765148463
True,2.01,2.01,3.01,38.01,0.6617930324105036
False,2.01,3.01,1.01,46.01,0.8807191871546094
True,2.01,2.01,1.01,48.01,1.1598627371235681
False,3.01,0.01,3.01,37.01,1.3094038226488962
True,7.01,6.01,1.01,44.01,0.5569749533394179
False,1.01,5.01,2.01,44.01,0.8781666056236994
False,3.01,4.01,0.01,41.01,0.7893127208178876
False,5.01,3.01,0.01,33.01,1.3077847587505393
False,2.01,2.01,0.01,47.01,1.1174836875557912
True,4.01,4.01,1.01,38.01,0.9294857594818895
False,2.01,1.01,4.01,45.01,0.923757107081346
True,4.01,3.01,1.01,51.01,1.1255120860030674
True,2.01,2.01,4.01,46.01,1.0492624122962997
False,3.01,1.01,1.01,45.01,1.6518706519760988
False,9.01,4.01,1.01,44.01,1.7881275257218145
True,7.01,5.01,0.01,43.01,0.6536802700584355
False,12.01,5.01,0.01,44.01,0.6956065123179728
True,10.01,12.01,5.01,40.01,1.4996848181890126
False,24.009999999999998,11.01,3.01,47.01,1.2009837942531008
False,15.01,13.01,1.01,23.009999999999998,0.7281816200146751
True,23.009999999999998,16.009999999999998,4.01,35.01,1.4630996795068802
False,1.01,1.01,4.01,36.01,0.9137084940547939
False,1.01,0.01,2.01,49.01,0.5543965760954447
False,0.01,1.01,2.01,39.01,1.003690100874059
True,0.01,0.01,2.01,43.01,0.7438285299877117
True,1.01,0.01,1.01,36.01,0.9745569774883932
True,1.01,2.01,1.01,37.01,1.8960206744323151
False,0.01,2.01,2.01,45.01,1.143030762031973
False,0.01,0.01,0.01,46.01,0.9385479852325019
False,0.01,0.01,2.01,37.01,0.8300403752162412
False,2.01,4.01,2.01,38.01,1.038558791283679
False,0.01,0.01,2.01,42.01,1.1372385467600152
True,2.01,0.01,0.01,44.01,1.2636762568275173
False,3.01,1.01,0.01,47.01,1.3557773744165131
False,0.01,1.01,1.01,52.01,0.8295664858523955
True,1.01,5.01,4.01,51.01,1.1365764046646396
False,3.01,4.01,2.01,44.01,1.8488832279181833
True,2.01,2.01,2.01,48.01,1.166821923542602
True,5.01,5.01,2.01,36.01,0.7431774390491371
True,3.01,1.01,1.01,37.01,1.2923770251558195
True,2.01,2.01,6.01,40.01,1.8860277309273783
True,1.01,2.01,0.01,42.01,1.0623142562789087
False,0.01,0.01,2.01,33.01,0.8462779441319424
False,1.01,4.01,2.01,44.01,0.8704079972568693
False,2.01,3.01,4.01,24.009999999999998,1.001324226449008
True,5.01,6.01,4.01,34.01,1.3912163494264262
False,7.01,4.01,0.01,50.01,1.1440232269834592
False,4.01,7.01,1.01,39.01,0.9908116372592198
True,17.009999999999998,18.009999999999998,2.01,36.01,1.0880631362022786
True,15.01,13.01,3.01,40.01,1.0581722837572387
False,13.01,14.01,2.01,45.01,1.105403719673979
False,23.009999999999998,11.01,0.01,32.01,1.3179780361757105
True,19.009999999999998,21.009999999999998,4.01,44.01,1.2056071617885171
True,0.01,3.01,2.01,40.01,0.9647625775467776
True,1.01,6.01,1.01,47.01,0.7009639736708111
True,1.01,1.01,2.01,30.009999999999998,1.0605380172399015
True,2.01,0.01,2.01,44.01,1.2569364397506462
False,4.01,4.01,1.01,33.01,0.6968017288128816
True,0.01,3.01,2.01,47.01,1.4344536838577082
False,0.01,3.01,2.01,41.01,0.8824857689764762
False,5.01,3.01,1.01,44.01,1.539563191932693
True,3.01,2.01,0.01,39.01,1.6290532763888819
False,5.01,2.01,0.01,37.01,0.4480057618720844
True,4.01,2.01,0.01,33.01,1.0655085044991603
False,3.01,4.01,0.01,52.01,0.904758271777504
False,4.01,2.01,3.01,35.01,0.615748529886461
True,7.01,7.01,3.01,43.01,0.6671572617345218
False,6.01,5.01,1.01,42.01,1.3925783566414671
False,1.01,3.01,2.01,36.01,1.3394257752175425
False,7.01,4.01,1.01,46.01,1.2555505417369828
True,7.01,5.01,1.01,39.01,1.0941942803582057
True,5.01,11.01,0.01,29.009999999999998,1.327052821770723
True,4.01,8.01,0.01,31.009999999999998,1.4630013880731
False,7.01,9.01,5.01,44.01,1.1777945279960274
False,12.01,8.01,1.01,37.01,0.9728215849349926
False,8.01,16.009999999999998,0.01,40.01,0.8757479418529228
True,13.01,12.01,1.01,41.01,1.373876312082712
False,11.01,9.01,3.01,39.01,1.4863745312658352
True,8.01,13.01,1.01,43.01,1.7839083166326068
False,22.009999999999998,14.01,4.01,45.01,1.1300853822473698
False,10.01,7.01,2.01,37.01,1.1761783305016835
False,9.01,21.009999999999998,1.01,31.009999999999998,1.222552418990182
False,8.01,11.01,2.01,34.01,1.167894131714492
True,29.009999999999998,32.01,2.01,33.01,1.3219051617449982
True,18.009999999999998,30.009999999999998,3.01,37.01,1.011690402785284
True,0.01,0.01,2.01,31.009999999999998,1.0355026492888824
False,2.01,0.01,0.01,42.01,1.2416525507834233
True,0.01,1.01,0.01,43.01,1.9676805322214874
True,4.01,1.01,0.01,54.01,0.8629720755466752
False,1.01,4.01,2.01,31.009999999999998,1.3832573390219207
True,1.01,0.01,2.01,37.01,0.9357053459368301
False,6.01,4.01,4.01,46.01,1.0407536950787357
False,3.01,4.01,3.01,36.01,0.7438112231996016
False,5.01,4.01,3.01,41.01,1.2858690605808198
True,3.01,2.01,1.01,37.01,1.5358084156394323
True,1.01,1.01,3.01,28.009999999999998,1.4874709543165316
False,5.01,3.01,2.01,44.01,1.0030542399132554
True,2.01,3.01,2.01,41.01,0.7960437064766175
False,4.01,4.01,2.01,54.01,1.4380777148431643
False,1.01,8.01,1.01,34.01,1.2585636399013789
True,7.01,4.01,2.01,41.01,1.3555400654863712
False,2.01,5.01,3.01,43.01,1.0291691990396068
False,6.01,2.01,2.01,35.01,1.6784870806005163
False,3.01,7.01,1.01,47.01,1.1430708065795685
False,9.01,4.01,1.01,34.01,0.9935126634729038
False,5.01,7.01,0.01,38.01,0.6725731807335581
True,6.01,6.01,1.01,33.01,1.1041120838843106
True,8.01,7.01,2.01,40.01,0.9925671679871633
False,7.01,4.01,1.01,35.01,1.3705065173789035
True,7.01,11.01,3.01,40.01,1.3892353218096951
True,10.01,21.009999999999998,2.01,35.01,1.982613569083484
False,4.01,7.01,1.01,34.01,1.0416189129165203
False,13.01,6.01,0.01,37.01,0.9021024452380098
False,9.01,13.01,4.01,41.01,1.6367457912329533
True,9.01,12.01,5.01,47.01,1.2123490176732332
False,20.009999999999998,21.009999999999998,2.01,33.01,0.7140234839408941
True,28.009999999999998,27.009999999999998,5.01,46.01,1.223347346484087
True,3.01,0.01,3.01,40.01,1.071470843504718
True,2.01,3.01,2.01,45.01,0.9681349534248258
False,1.01,1.01,4.01,58.01,1.4340532627199647
True,4.01,2.01,3.01,38.01,1.5823735442715123
False,4.01,4.01,2.01,24.009999999999998,2.0581494785503884
False,5.01,4.01,2.01,35.01,1.1619569979696982
True,1.01,3.01,3.01,34.01,1.2258038349483409
True,2.01,3.01,4.01,38.01,2.2468916842968074
False,1.01,1.01,1.01,41.01,1.6284505588146525
True,2.01,0.01,2.01,50.01,0.9523318546930086
False,1.01,3.01,1.01,37.01,1.2922842497418783
False,2.01,4.01,4.01,35.01,0.7273098109439968
False,8.01,1.01,2.01,48.01,2.160837481978786
True,4.01,6.01,3.01,37.01,0.9577762962843608
True,7.01,6.01,3.01,51.01,0.6544301643088759
True,8.01,5.01,3.01,39.01,1.2954138146103928
False,7.01,8.01,2.01,43.01,0.9298025628372188
False,6.01,4.01,4.01,30.009999999999998,1.0590425321100727
True,8.01,7.01,1.01,44.01,1.3411779274130096
False,4.01,3.01,1.01,44.01,1.049562347049901
False,15.01,11.01,6.01,40.01,0.7965836625373792
True,10.01,5.01,1.01,41.01,1.0763472122992246
False,12.01,12.01,1.01,36.01,1.623499458506822
False,11.01,10.01,2.01,45.01,1.163098307645025
False,14.01,6.01,2.01,37.01,1.2049741255982707
False,6.01,7.01,0.01,34.01,0.8009291554243027
False,19.009999999999998,9.01,4.01,36.01,1.0738121461223926
False,12.01,7.01,5.01,41.01,1.9764534701150591
False,16.009999999999998,19.009999999999998,2.01,46.01,0.8088477378837792
False,23.009999999999998,21.009999999999998,1.01,34.01,2.003905900624042
True,22.009999999999998,33.01,1.01,45.01,1.7775128650961745
False,31.009999999999998,36.01,4.01,37.01,1.0948811853420688
False,3.01,5.01,2.01,48.01,1.3057342841831698
False,5.01,3.01,4.01,42.01,1.0453918041423607
True,4.01,3.01,3.01,39.01,1.785145497427984
True,5.01,5.01,2.01,38.01,1.6160126315262742
False,3.01,4.01,2.01,43.01,1.145537897633085
True,3.01,5.01,2.01,40.01,1.0782690275493203
False,9.01,2.01,5.01,42.01,1.030908296030406
True,4.01,7.01,2.01,31.009999999999998,1.211020058943819
False,2.01,6.01,6.01,34.01,0.5282617275670015
True,8.01,9.01,1.01,53.01,2.1473335913777087
False,6.01,6.01,3.01,35.01,1.2554243832680534
False,13.01,5.01,2.01,36.01,1.6177304470007063
True,13.01,12.01,1.01,42.01,1.3176437927812141
False,8.01,3.01,2.01,36.01,1.3227325842081983
False,9.01,8.01,2.01,27.009999999999998,1.3839175331558946
True,8.01,9.01,2.01,47.01,1.2204750446748955
True,9.01,11.01,2.01,51.01,1.067849784847623
True,16.009999999999998,16.009999999999998,1.01,35.01,1.186650622516432
False,14.01,15.01,3.01,33.01,1.5899044319818647
True,12.01,16.009999999999998,3.01,37.01,0.652456385364125
False,20.009999999999998,16.009999999999998,1.01,42.01,0.721304878696183
False,20.009999999999998,14.01,2.01,34.01,1.4833961723835574
False,17.009999999999998,18.009999999999998,1.01,31.009999999999998,1.5744496360038083
False,17.009999999999998,15.01,2.01,40.01,1.0673128063547583
True,21.009999999999998,31.009999999999998,2.01,43.01,2.2864354018538435
False,32.01,28.009999999999998,2.01,44.01,1.1628001722844032
True,33.01,37.01,3.01,40.01,1.007354686485121
True,35.01,32.01,5.01,34.01,1.0394118348062351
False,32.01,35.01,5.01,37.01,1.5112808406190754
False,38.01,25.009999999999998,3.01,38.01,1.1063105557759059
False,29.009999999999998,26.009999999999998,6.01,34.01,2.222923211615737
False,39.01,24.009999999999998,8.01,41.01,1.2827859027924144
True,0.01,0.01,0.01,50.01,1.448689819363518
True,0.01,0.01,0.01,45.01,0.9380866635033301
False,0.01,0.01,0.01,44.01,0.5244905266228795
False,0.01,0.01,0.01,34.01,0.551974721579224
True,0.01,0.01,1.01,40.01,1.291509329895632
False,1.01,0.01,0.01,46.01,1.2048593904757745
True,0.01,0.01,0.01,39.01,0.7961335205266334
True,0.01,0.01,1.01,43.01,1.0133120165240455
False,0.01,0.01,0.01,35.01,0.8067301971523312
False,0.01,0.01,2.01,46.01,0.7926301542009488
False,0.01,0.01,1.01,41.01,0.6597644109713074
False,0.01,0.01,1.01,49.01,0.9382207460144909
True,0.01,1.01,0.01,46.01,0.8049082867057404
False,1.01,0.01,1.01,44.01,0.6733408575899753
True,0.01,0.01,1.01,37.01,1.0479288154824846
False,0.01,0.01,0.01,35.01,1.1073665705653173
False,0.01,1.01,0.01,50.01,1.0950315080664859
False,0.01,0.01,1.01,48.01,0.4371992946910294
False,1.01,0.01,1.01,39.01,1.2026852601259188
True,1.01,0.01,0.01,47.01,0.5149741651715336
True,1.01,1.01,0.01,45.01,0.6476228941732839
True,0.01,0.01,1.01,33.01,0.6538724915227473
False,0.01,1.01,1.01,38.01,1.0782702470581635
False,0.01,1.01,1.01,51.01,0.7312147015725879
False,1.01,0.01,1.01,30.009999999999998,1.3454815717538093
True,2.01,3.01,0.01,34.01,1.1387012242894594
False,0.01,1.01,1.01,30.009999999999998,0.9566820898897893
False,0.01,0.01,4.01,38.01,0.6337822617663963
True,1.01,1.01,4.01,34.01,0.7657486409755013
True,2.01,2.01,3.01,44.01,1.0055126130784027
False,4.01,2.01,3.01,42.01,0.9684297243747404
False,2.01,2.01,3.01,29.009999999999998,1.1206368233300923
True,0.01,2.01,4.01,41.01,1.8497920072572192
True,0.01,0.01,1.01,43.01,0.9604711497496509
False,0.01,0.01,0.01,47.01,1.5394306508060251
False,0.01,0.01,0.01,47.01,0.9721045167211473
False,0.01,0.01,1.01,38.01,0.8680219627327305
False,0.01,0.01,0.01,41.01,0.8118834557759125
True,0.01,1.01,1.01,45.01,1.1549629892736297
False,1.01,0.01,0.01,38.01,0.7850415952791994
False,0.01,0.01,1.01,51.01,1.6517341216958226
True,0.01,1.01,1.01,33.01,0.8971416996994356
True,0.01,0.01,2.01,36.01,1.6306486610101252
False,0.01,0.01,0.01,30.009999999999998,0.8814670866770088
False,0.01,3.01,0.01,47.01,0.9951047990462906
True,0.01,0.01,1.01,34.01,1.1253867694364408
False,1.01,0.01,0.01,29.009999999999998,1.1416530934120612
False,0.01,0.01,1.01,42.01,0.7555821083653719
True,0.01,0.01,1.01,33.01,1.2967424339735851
True,0.01,0.01,1.01,32.01,1.318618142917342
True,3.01,1.01,0.01,46.01,1.3458041482407606
False,1.01,0.01,0.01,37.01,0.9729231840604263
True,2.01,3.01,2.01,41.01,0.7541176741925324
True,1.01,1.01,1.01,43.01,0.9566301973491043
False,0.01,0.01,1.01,43.01,0.49889740267210714
True,1.01,3.01,0.01,43.01,1.1830486139372887
False,0.01,2.01,0.01,33.01,1.5785083435083436
False,2.01,1.01,3.01,41.01,1.1272185945513933
True,0.01,2.01,1.01,53.01,0.9985454411251766
False,1.01,1.01,0.01,48.01,0.8900387391893185
False,4.01,0.01,1.01,22.009999999999998,0.7631239463525806
False,2.01,1.01,2.01,38.01,1.0257119051097887
False,2.01,1.01,1.01,42.01,0.9141093943049069
True,3.01,2.01,2.01,31.009999999999998,1.019410164436701
True,5.01,3.01,2.01,36.01,1.1129416412154693
True,1.01,3.01,1.01,40.01,0.8522200501234801
True,0.01,0.01,1.01,45.01,0.7915926217151713
False,1.01,0.01,0.01,30.009999999999998,0.6556505252731365
False,0.01,0.01,0.01,42.01,1.006814208395369
False,1.01,0.01,1.01,49.01,1.1362398333700205
True,1.01,0.01,1.01,43.01,1.0721760573853114
True,0.01,0.01,1.01,36.01,0.7818658295307597
False,0.01,0.01,0.01,32.01,0.9098718916585342
True,0.01,0.01,0.01,31.009999999999998,0.8183795575037164
False,0.01,0.01,0.01,43.01,0.9784966488005732
True,0.01,0.01,1.01,41.01,1.0410951037019849
False,1.01,1.01,0.01,33.01,0.8797859944436163
False,0.01,0.01,0.01,44.01,1.2634785181711758
False,0.01,1.01,2.01,47.01,1.2631628554297698
False,0.01,0.01,0.01,42.01,1.0104715499760257
False,0.01,1.01,1.01,32.01,1.3420486202437891
False,0.01,1.01,1.01,44.01,1.4152464653714096
False,0.01,0.01,3.01,45.01,0.6816081903345937
False,0.01,1.01,0.01,36.01,1.2986333397525391
False,0.01,1.01,1.01,34.01,0.9284729055707137
True,1.01,0.01,0.01,34.01,0.8173326396678128
False,0.01,0.01,1.01,47.01,1.313825755289437
True,2.01,1.01,0.01,47.01,0.5967116726162522
True,1.01,1.01,0.01,43.01,0.6561515844957528
True,0.01,1.01,0.01,40.01,0.6351150912598648
False,1.01,0.01,1.01,38.01,0.6166356809348801
True,1.01,0.01,2.01,38.01,1.5789556613392255
True,0.01,0.01,1.01,42.01,1.0674562101395666
False,0.01,0.01,1.01,43.01,1.1166517685365422
False,1.01,3.01,1.01,43.01,0.6112108622578946
True,1.01,2.01,0.01,34.01,0.5839471483506479
True,2.01,2.01,1.01,32.01,1.0874408945023997
False,1.01,1.01,1.01,42.01,1.7669699758771764
True,3.01,2.01,0.01,44.01,1.9177013192987344
False,0.01,0.01,0.01,39.01,0.7679353922315431
False,0.01,1.01,1.01,45.01,0.8099277448475453
False,0.01,0.01,1.01,36.01,1.5155062260054808
False,0.01,0.01,0.01,44.01,1.0845027003795342
False,0.01,0.01,1.01,44.01,0.5452529003943793
False,1.01,0.01,0.01,28.009999999999998,1.1625175878036036
True,1.01,0.01,2.01,41.01,0.6105371104290364
True,0.01,1.01,1.01,29.009999999999998,0.9076974642144922
False,0.01,0.01,1.01,34.01,0.9977095760609963
True,0.01,0.01,1.01,32.01,0.6611731688830386
True,0.01,0.01,1.01,37.01,0.8035533088256883
False,0.01,0.01,0.01,35.01,1.2394086345070099
False,0.01,2.01,0.01,37.01,0.7068128847214264
False,0.01,0.01,0.01,41.01,0.9675502935615018
False,2.01,0.01,0.01,44.01,1.0210563882797998
True,2.01,0.01,0.01,50.01,1.0191817770829148
True,0.01,1.01,0.01,35.01,1.229063188535208
False,0.01,1.01,0.01,41.01,1.0137209011734625
False,0.01,0.01,0.01,41.01,0.9161936670393445
False,0.01,1.01,2.01,43.01,1.0612533160228221
False,0.01,0.01,1.01,33.01,0.7725224642814028
True,0.01,2.01,0.01,48.01,0.9310341036988282
False,0.01,1.01,0.01,32.01,0.9121595480374801
False,1.01,0.01,3.01,43.01,1.3545339531733394
False,0.01,0.01,0.01,38.01,1.219450271950272
False,1.01,0.01,2.01,40.01,0.6527319187692864
False,0.01,1.01,2.01,35.01,1.074558539596275
False,0.01,1.01,1.01,42.01,1.7026259224355167
True,3.01,0.01,0.01,32.01,0.8596769333725855
False,1.01,2.01,1.01,41.01,1.021569479089763
True,2.01,1.01,1.01,46.01,1.1684268656925787
False,0.01,1.01,0.01,43.01,1.3641493489801761
False,0.01,2.01,4.01,49.01,1.0972526495978507
False,0.01,0.01,2.01,46.01,0.7151608390290637
False,1.01,0.01,0.01,36.01,1.136700577962106
False,1.01,0.01,0.01,38.01,0.8148039991809718
False,1.01,0.01,1.01,47.01,0.9527728466593908
False,1.01,0.01,2.01,49.01,0.612575597649344
False,0.01,0.01,0.01,31.009999999999998,0.7163798545924142
True,0.01,1.01,0.01,32.01,0.5339454412422707
False,0.01,0.01,1.01,48.01,1.6393506036234582
False,0.01,0.01,1.01,54.01,0.92271380195814
True,0.01,0.01,0.01,30.009999999999998,0.5129041128193782
True,0.01,0.01,2.01,29.009999999999998,0.5155289156418956
False,1.01,0.01,1.01,35.01,0.6306551819017778
False,1.01,0.01,1.01,36.01,0.6779943785995901
False,0.01,0.01,1.01,52.01,0.5864568241230441
False,0.01,0.01,2.01,35.01,0.9827238698792393
False,0.01,0.01,0.01,33.01,0.9194271576847789
True,0.01,2.01,0.01,29.009999999999998,0.6479332854530522
False,0.01,1.01,1.01,38.01,0.535259550167217
True,0.01,0.01,1.01,38.01,0.676949094753751
True,0.01,0.01,2.01,33.01,1.2950624323619144
True,0.01,0.01,2.01,38.01,1.2404330281579157
False,0.01,0.01,1.01,42.01,1.5251196530522735
False,0.01,0.01,1.01,38.01,1.025125800336705
False,0.01,1.01,0.01,38.01,1.0652816291009006
True,0.01,0.01,0.01,44.01,1.3084200415989635
False,2.01,0.01,1.01,45.01,0.93371083572717
True,1.01,0.01,1.01,42.01,1.0849929447551474
True,2.01,2.01,1.01,40.01,1.6022246273364689
False,2.01,2.01,2.01,31.009999999999998,0.9212040474369995
False,0.01,2.01,0.01,38.01,0.7277533676295969
True,2.01,1.01,4.01,36.01,0.9429862195731518
False,4.01,0.01,2.01,46.01,0.5839067759954181
False,3.01,4.01,3.01,34.01,1.2981413651993936
True,0.01,0.01,0.01,49.01,0.9049459390582579
False,0.01,0.01,1.01,32.01,1.1932772075137335
False,0.01,0.01,3.01,43.01,0.8832453339504193
False,0.01,1.01,0.01,39.01,1.17267232405788
True,0.01,0.01,0.01,50.01,1.4905621949632883
True,0.01,0.01,1.01,46.01,1.483818818576883
False,0.01,0.01,0.01,53.01,0.8435942475488751
True,0.01,0.01,1.01,44.01,1.3961352633664146
True,0.01,0.01,1.01,39.01,0.714187537075679
True,0.01,0.01,1.01,38.01,1.17180479647194
False,0.01,0.01,0.01,44.01,0.7532034820816477
True,0.01,0.01,1.01,45.01,1.2493315978757393
False,1.01,0.01,1.01,40.01,0.8812199911098013
True,0.01,0.01,1.01,59.01,0.6808162261512386
False,0.01,1.01,1.01,42.01,0.9301691108906229
False,0.01,0.01,1.01,37.01,0.5568923683117393
True,0.01,0.01,1.01,42.01,1.2129995653288104
True,0.01,0.01,2.01,36.01,0.9903254692291026
False,0.01,0.01,1.01,53.01,0.9573701662855507
False,0.01,0.01,0.01,35.01,0.8980335762609417
False,0.01,0.01,1.01,48.01,1.693749019899153
True,0.01,0.01,0.01,44.01,1.1040721305474106
True,0.01,2.01,0.01,42.01,1.037904652781408
False,0.01,0.01,0.01,44.01,1.0651147768640028
True,2.01,0.01,2.01,37.01,0.6657048754629401
False,0.01,1.01,0.01,44.01,0.6805794284664287
False,0.01,0.01,0.01,44.01,1.3785454353921767
False,1.01,1.01,2.01,48.01,1.1013713356185777
False,1.01,1.01,1.01,40.01,0.9241682674829181
False,4.01,1.01,1.01,31.009999999999998,0.7197113974336695
True,3.01,0.01,5.01,41.01,0.6801985149353571
True,3.01,3.01,2.01,51.01,0.8752312778906919
True,2.01,1.01,1.01,37.01,1.341494214339385
False,0.01,0.01,0.01,52.01,0.5733650949440423
True,0.01,1.01,0.01,36.01,1.0802743370346666
True,0.01,0.01,1.01,38.01,0.6715219129547484
True,0.01,0.01,1.01,37.01,0.9824114709830647
False,1.01,0.01,0.01,47.01,0.9670183737598145
True,0.01,0.01,0.01,41.01,1.3174965488054038
False,0.01,0.01,1.01,41.01,1.0659647899893894
True,0.01,0.01,3.01,44.01,0.7656442997534153
True,0.01,1.01,1.01,27.009999999999998,1.5163947956214798
False,0.01,0.01,0.01,34.01,1.118167211519072
False,0.01,0.01,0.01,38.01,0.8204219698898008
False,0.01,0.01,0.01,37.01,1.1662400229422796
True,1.01,0.01,3.01,44.01,0.8176463606665436
True,1.01,0.01,3.01,40.01,1.8217849140544198
False,0.01,0.01,3.01,40.01,1.108608461849758
False,0.01,0.01,0.01,37.01,0.7341996569366316
False,0.01,0.01,1.01,25.009999999999998,1.0462012843794632
False,0.01,0.01,1.01,35.01,0.6523473829736761
False,1.01,0.01,0.01,45.01,0.7917172307459497
False,0.01,0.01,1.01,32.01,1.0086737811966646
False,0.01,1.01,2.01,30.009999999999998,0.7019279433284324
False,0.01,0.01,0.01,40.01,0.8112676380697991
False,0.01,0.01,0.01,40.01,0.7308930752759457
False,1.01,1.01,2.01,43.01,1.2444124785141202
True,0.01,0.01,2.01,44.01,0.6029154276465789
True,0.01,0.01,1.01,37.01,1.1402127752895015
False,0.01,1.01,1.01,40.01,1.2864502850191748
True,1.01,1.01,0.01,39.01,0.6399499537042801
False,2.01,1.01,0.01,45.01,0.6663503315764903
False,0.01,1.01,2.01,46.01,0.8300252209031564
True,1.01,4.01,1.01,40.01,1.4037508500591476
True,0.01,0.01,0.01,33.01,0.8435924626081941
False,1.01,2.01,4.01,31.009999999999998,0.7170894179350062
False,0.01,0.01,0.01,36.01,0.7732431811917612
False,0.01,0.01,0.01,39.01,1.052795832259586
False,0.01,0.01,1.01,46.01,0.7925699607610285
False,0.01,0.01,0.01,46.01,0.37337756634776764
True,1.01,0.01,0.01,44.01,0.7368704487495789
False,0.01,0.01,1.01,35.01,0.6696836794319224
False,0.01,0.01,1.01,44.01,0.9143177169117573
False,0.01,0.01,1.01,35.01,0.9218208299192341
True,0.01,0.01,0.01,49.01,0.9798751345025973
True,0.01,0.01,0.01,44.01,1.4654052862314622
True,0.01,0.01,1.01,46.01,1.1494219939179806
True,0.01,0.01,0.01,34.01,0.8005586503301292
False,0.01,0.01,0.01,48.01,0.8520559594472639
False,1.01,0.01,1.01,49.01,1.1853334158184776
True,0.01,0.01,1.01,49.01,1.118923173083934
False,0.01,0.01,2.01,37.01,0.9492532857808604
False,0.01,0.01,1.01,45.01,0.9381478787249089
False,0.01,0.01,1.01,50.01,1.0651029448386764
False,0.01,0.01,1.01,34.01,0.9215870893812071
True,0.01,3.01,0.01,50.01,0.9350781167263355
False,0.01,0.01,1.01,34.01,0.9516329525123076
False,0.01,1.01,2.01,36.01,0.8765054301588926
True,0.01,0.01,1.01,41.01,0.9161747748818687
False,0.01,2.01,2.01,40.01,0.7342321166234209
True,2.01,0.01,2.01,42.01,1.4423558662944338
True,1.01,3.01,3.01,33.01,0.9999132730015083
False,0.01,0.01,1.01,36.01,0.9961104609199947
False,1.01,1.01,1.01,40.01,0.9051392169598487
True,2.01,0.01,1.01,43.01,1.057305229919942
True,1.01,0.01,1.01,34.01,1.2516641182631192
True,0.01,3.01,1.01,38.01,1.1386100988325631
True,3.01,1.01,3.01,49.01,0.7201513682396037
True,4.01,3.01,4.01,45.01,0.8503459956373584
False,0.01,0.01,1.01,41.01,1.1115452888023376
True,0.01,0.01,0.01,42.01,0.7618119864946001
False,0.01,1.01,0.01,38.01,1.2297549827017582
True,0.01,0.01,1.01,47.01,0.6545224970584822
False,0.01,0.01,1.01,38.01,0.6881411883627915
False,0.01,0.01,2.01,45.01,0.9986053877000695
False,0.01,0.01,0.01,39.01,1.0551268545953334
False,0.01,0.01,3.01,39.01,0.7729910897037976
True,0.01,1.01,0.01,49.01,1.5760109095847634
False,1.01,0.01,0.01,36.01,0.8945462499378474
True,1.01,0.01,4.01,44.01,1.3066300861262528
False,1.01,0.01,0.01,51.01,1.1229711184594797
False,0.01,0.01,1.01,49.01,1.070272511644725
False,0.01,0.01,0.01,44.01,1.7233802882314706
True,1.01,1.01,1.01,48.01,1.0303492292798455
True,0.01,0.01,0.01,46.01,0.8619190648630606
True,0.01,1.01,1.01,41.01,0.7560429738258863
False,1.01,0.01,4.01,46.01,0.745664388720603
True,1.01,0.01,0.01,36.01,1.158526221880318
False,0.01,0.01,0.01,29.009999999999998,0.8703831004171103
True,0.01,0.01,0.01,45.01,1.4489341593015532
True,1.01,0.01,1.01,32.01,1.312667363515653
False,3.01,0.01,0.01,48.01,1.770348275075456
False,0.01,1.01,1.01,38.01,0.7014996226576808
True,1.01,0.01,0.01,48.01,1.5529966788683043
False,0.01,3.01,3.01,32.01,1.743361529637889
False,2.01,3.01,2.01,48.01,0.644983387473197
False,2.01,3.01,1.01,48.01,1.3132991124799172
False,3.01,0.01,6.01,44.01,1.2857308019645326
False,4.01,3.01,3.01,31.009999999999998,1.0792120715766467
True,2.01,5.01,2.01,49.01,1.6881814246698463
True,7.01,3.01,4.01,50.01,0.8880368378449739
True,3.01,1.01,1.01,43.01,1.5387748699023795
False,0.01,0.01,0.01,57.01,1.1482171899362048
True,0.01,0.01,0.01,42.01,0.9622817620196131
False,0.01,1.01,0.01,50.01,0.5873896169784206
False,1.01,0.01,0.01,35.01,0.9709794810452704
True,0.01,0.01,2.01,35.01,0.8988277094638948
False,0.01,0.01,1.01,47.01,1.2178589475844128
True,0.01,0.01,0.01,39.01,0.5069775396918073
True,0.01,0.01,1.01,44.01,1.062839699944261
False,2.01,0.01,1.01,30.009999999999998,0.850071148673235
True,0.01,0.01,0.01,32.01,1.4353480674918417
True,0.01,1.01,1.01,39.01,0.9826804942432559
False,0.01,0.01,1.01,37.01,1.0376931260038262
False,0.01,0.01,1.01,40.01,0.6132105585829044
True,0.01,0.01,0.01,39.01,0.8141790095592307
False,2.01,0.01,0.01,50.01,1.2608507976176992
True,0.01,1.01,2.01,38.01,0.8989624045257053
True,0.01,1.01,2.01,39.01,1.6764951488757345
False,1.01,0.01,3.01,37.01,0.9113082525153464
False,0.01,0.01,1.01,38.01,0.6484366954333064
False,2.01,1.01,0.01,34.01,0.45193387818249087
False,1.01,0.01,1.01,40.01,1.072130788784902
False,1.01,0.01,3.01,31.009999999999998,1.0714916371703662
False,1.01,0.01,2.01,42.01,1.0920983645328945
False,0.01,0.01,0.01,25.009999999999998,0.9532393974150186
True,0.01,2.01,2.01,47.01,0.7851892672311063
True,1.01,1.01,1.01,28.009999999999998,0.8865738198330996
True,1.01,3.01,2.01,29.009999999999998,1.1978942434641415
False,4.01,0.01,2.01,45.01,0.694579431605551
False,0.01,0.01,1.01,35.01,1.4710890166493242
False,4.01,2.01,0.01,40.01,1.1245825976126542
True,4.01,1.01,2.01,37.01,1.2095025935387789
True,1.01,2.01,2.01,41.01,1.183370006910966
False,3.01,4.01,0.01,39.01,1.297261563044
True,1.01,0.01,2.01,40.01,0.7368183473256239
True,0.01,0.01,1.01,49.01,1.1353923667622514
True,0.01,0.01,1.01,36.01,0.6246709656246824
False,0.01,0.01,0.01,41.01,1.021126240065528
False,0.01,0.01,0.01,42.01,0.7962972797738547
False,0.01,1.01,0.01,42.01,1.7320416759960664
False,0.01,0.01,0.01,49.01,1.0331406462654538
False,0.01,1.01,1.01,42.01,0.9054730983302411
False,0.01,0.01,0.01,47.01,0.6548542505840387
False,1.01,0.01,0.01,39.01,1.0320132887918982
True,0.01,0.01,2.01,45.01,0.986249639382894
True,0.01,0.01,1.01,46.01,0.7929056619178273
False,1.01,0.01,0.01,41.01,1.162844886472333
False,1.01,0.01,0.01,44.01,0.5260257039855811
False,1.01,1.01,2.01,36.01,0.9418535756046905
False,0.01,1.01,1.01,43.01,0.6229678892836787
False,2.01,1.01,0.01,44.01,1.2898889394596083
True,1.01,1.01,3.01,48.01,1.3236746951653635
False,1.01,0.01,0.01,39.01,1.3635226193291088
True,1.01,2.01,1.01,35.01,0.6572511466182248
True,1.01,2.01,0.01,30.009999999999998,1.1915078471282914
False,0.01,1.01,2.01,43.01,0.989539632049774
False,0.01,1.01,1.01,52.01,1.172317674343259
False,0.01,1.01,0.01,44.01,0.9832981315227979
False,0.01,0.01,0.01,50.01,1.1600562157577952
True,4.01,1.01,0.01,53.01,1.1485293096081457
True,1.01,1.01,1.01,32.01,0.9219377450429759
False,2.01,0.01,1.01,38.01,1.096856585489537
True,1.01,3.01,2.01,46.01,1.065749463367688
False,1.01,2.01,3.01,40.01,1.4865764005499371
False,0.01,5.01,1.01,43.01,1.4227559651909416
False,2.01,3.01,0.01,50.01,0.9023872245050528
False,6.01,1.01,3.01,38.01,1.8721050744608358
True,0.01,1.01,0.01,38.01,0.6576808043096384
False,0.01,2.01,1.01,24.009999999999998,1.3516344499359458
False,0.01,0.01,1.01,48.01,0.7092807393515257
True,0.01,1.01,0.01,32.01,1.7354869946193263
True,1.01,0.01,0.01,37.01,0.8566559322801552
False,0.01,1.01,0.01,33.01,1.2113420166542654
False,0.01,0.01,0.01,31.009999999999998,0.8623659822913894
False,0.01,0.01,0.01,37.01,1.5954793481795875
False,1.01,1.01,0.01,42.01,1.037506581545365
False,0.01,3.01,1.01,35.01,0.8936705449133631
False,0.01,0.01,0.01,32.01,1.354823354749825
False,1.01,0.01,0.01,38.01,1.0113737454596954
False,0.01,0.01,2.01,41.01,1.329000334610983
True,1.01,1.01,1.01,38.01,0.843982845965595
False,0.01,1.01,1.01,35.01,0.7701661345002166
True,2.01,0.01,0.01,44.01,0.9809369705691694
False,1.01,0.01,1.01,34.01,1.0506108137451762
True,1.01,0.01,0.01,44.01,0.529857785654831
True,0.01,0.01,1.01,33.01,1.0586084306854153
False,1.01,0.01,2.01,35.01,1.6315579487790035
True,0.01,1.01,1.01,51.01,1.2005708474333232
False,2.01,1.01,0.01,39.01,1.2007971619615696
True,2.01,1.01,1.01,40.01,0.8312052921629999
False,0.01,0.01,1.01,48.01,1.2244504583848046
False,3.01,0.01,0.01,52.01,0.7626050552707891
True,2.01,2.01,0.01,43.01,1.451620650839739
False,1.01,4.01,2.01,39.01,0.8389940265945811
True,1.01,2.01,1.01,34.01,1.2494498867133743
True,4.01,2.01,1.01,39.01,1.1367756841612975
False,4.01,1.01,0.01,28.009999999999998,1.327733642422147
False,1.01,4.01,1.01,40.01,1.3595184009483614
False,3.01,2.01,3.01,35.01,1.4115648629329303
False,3.01,4.01,5.01,40.01,0.8874867511619596
True,0.01,0.01,1.01,51.01,0.7043228576893491
False,0.01,1.01,1.01,44.01,1.2623178579030834
True,0.01,1.01,0.01,35.01,1.00574014486014
True,0.01,0.01,1.01,47.01,0.7691163753400334
True,0.01,1.01,1.01,31.009999999999998,0.9018808397571247
True,1.01,0.01,1.01,40.01,0.9417364211080278
False,1.01,0.01,0.01,42.01,0.997963555584993
False,2.01,0.01,2.01,42.01,0.9284428393888648
False,0.01,0.01,0.01,38.01,0.5488808910420867
True,0.01,2.01,2.01,31.009999999999998,1.0343656405717987
False,0.01,0.01,0.01,40.01,1.0803147359707999
True,0.01,0.01,2.01,44.01,0.7431759513629069
False,0.01,0.01,1.01,50.01,0.6866235549373635
True,0.01,1.01,0.01,34.01,1.1201868317363555
False,0.01,0.01,4.01,31.009999999999998,1.0488283072399616
True,0.01,0.01,0.01,29.009999999999998,0.8818291326753839
False,0.01,0.01,0.01,34.01,0.8225537981942156
False,0.01,0.01,0.01,32.01,0.5324974002963254
False,1.01,1.01,1.01,42.01,0.42910518972810935
False,1.01,0.01,2.01,40.01,0.9020877105471226
True,1.01,0.01,0.01,40.01,1.3107978530653732
False,0.01,2.01,0.01,36.01,0.9710976742555689
True,4.01,4.01,0.01,49.01,0.6311011319839142
False,1.01,0.01,2.01,49.01,1.2050428081438311
True,3.01,3.01,1.01,51.01,0.5618481134605032
False,2.01,1.01,1.01,48.01,1.2995014718046582
True,0.01,2.01,1.01,48.01,0.6679968562704931
False,1.01,0.01,0.01,38.01,0.6624476081540083
True,2.01,0.01,0.01,43.01,1.0417143467206484
True,6.01,0.01,0.01,38.01,0.8756866409506079
False,1.01,1.01,0.01,41.01,1.0590154795433109
True,4.01,2.01,3.01,35.01,0.8753918777472969
True,2.01,4.01,3.01,37.01,0.9307973573346688
False,0.01,0.01,0.01,37.01,1.3808809243134188
True,1.01,0.01,0.01,38.01,0.7353046374619938
False,0.01,0.01,2.01,47.01,0.7094743107426016
True,0.01,0.01,2.01,50.01,0.8001883392719226
False,0.01,0.01,0.01,36.01,0.5472614268912519
False,1.01,0.01,1.01,34.01,1.3088407022479958
True,1.01,0.01,0.01,59.01,1.8951318252045812
False,0.01,0.01,1.01,42.01,1.4246367850702213
True,0.01,1.01,1.01,38.01,0.6520751257920002
False,0.01,1.01,0.01,35.01,0.7780357955192488
False,1.01,1.01,2.01,41.01,1.3056725476446396
False,0.01,1.01,1.01,36.01,1.2759052326983789
True,0.01,1.01,1.01,37.01,1.284154202302337
False,1.01,0.01,0.01,30.009999999999998,1.3019571748129306
True,0.01,1.01,1.01,41.01,1.280139082750975
True,0.01,1.01,1.01,44.01,1.2856655730137738
False,1.01,0.01,1.01,42.01,1.2904638421506456
True,1.01,0.01,2.01,36.01,1.0621847953843557
True,2.01,2.01,1.01,31.009999999999998,1.0237964026109876
False,0.01,0.01,3.01,35.01,1.4137208010800686
False,0.01,1.01,0.01,56.01,1.1724473077752506
True,0.01,0.01,2.01,26.009999999999998,1.0702021811064166
False,0.01,1.01,1.01,43.01,1.1658951436986684
False,2.01,0.01,1.01,35.01,0.7161419967082827
True,0.01,3.01,0.01,38.01,0.8367445418354104
True,2.01,1.01,0.01,36.01,1.6457062586721036
False,1.01,1.01,0.01,46.01,1.5552704258120327
False,2.01,1.01,3.01,42.01,1.0731987973303148
False,1.01,0.01,2.01,55.01,1.786092472770561
False,3.01,1.01,1.01,43.01,0.8587639999497678
True,8.01,4.01,1.01,27.009999999999998,1.0879791294295
False,9.01,5.01,1.01,39.01,0.8596699060324613
False,3.01,3.01,2.01,30.009999999999998,0.5191821138116087
False,1.01,0.01,1.01,43.01,0.7965746297750051
False,0.01,0.01,2.01,44.01,0.8635044183099212
True,0.01,0.01,0.01,40.01,1.1231141290661413
False,0.01,1.01,2.01,39.01,0.744849958487393
False,2.01,0.01,1.01,32.01,1.0395121545121542
True,2.01,1.01,2.01,45.01,1.276416408297177
False,0.01,0.01,0.01,32.01,1.0495407809085662
False,0.01,0.01,0.01,37.01,0.5836748137721516
False,2.01,0.01,0.01,32.01,1.3205871230982926
False,0.01,1.01,2.01,41.01,1.2320086175609617
True,1.01,0.01,1.01,49.01,1.110748153442586
False,0.01,1.01,4.01,37.01,1.81298427289233
True,2.01,2.01,1.01,41.01,1.021051932791951
True,0.01,4.01,1.01,36.01,1.0628670140646388
True,3.01,0.01,3.01,41.01,1.2150291900963082
False,1.01,0.01,0.01,43.01,0.8885662079005732
True,0.01,3.01,0.01,48.01,1.643426884922492
True,2.01,0.01,0.01,41.01,1.3181083656031394
True,1.01,2.01,0.01,37.01,1.1375653067251
False,1.01,2.01,1.01,42.01,0.9266920298894655
False,3.01,1.01,3.01,41.01,1.434118764579102
True,1.01,2.01,0.01,44.01,0.7066685935720932
True,4.01,1.01,3.01,36.01,0.8724642812551758
False,5.01,1.01,0.01,55.01,1.2881010913266244
False,1.01,3.01,0.01,42.01,1.217516405306653
False,0.01,1.01,0.01,40.01,1.5567255372873874
True,4.01,5.01,3.01,32.01,1.0696519591339686
True,3.01,7.01,3.01,36.01,1.0778240526836373
True,4.01,4.01,1.01,35.01,1.0340749592684577
False,4.01,3.01,0.01,33.01,1.1124450852403511
True,4.01,13.01,1.01,47.01,1.3324428688754355
False,8.01,0.01,0.01,45.01,1.0520017419978718
True,6.01,4.01,0.01,36.01,1.0239267050495715
False,0.01,0.01,0.01,34.01,1.1943155784227124
False,0.01,1.01,1.01,43.01,1.1487803774708114
False,0.01,1.01,2.01,43.01,1.0105272103849559
True,0.01,0.01,1.01,39.01,0.7993884516534737
True,1.01,0.01,0.01,30.009999999999998,0.6585154522895477
False,0.01,1.01,1.01,45.01,0.5379545383948058
False,0.01,0.01,1.01,36.01,0.8626927275335334
True,0.01,1.01,1.01,50.01,0.7316685282045694
False,1.01,0.01,3.01,42.01,0.9636115486344321
False,0.01,0.01,1.01,40.01,1.215988272322325
True,0.01,0.01,3.01,39.01,0.7909951436523446
True,1.01,0.01,0.01,35.01,0.9450223059262426
False,0.01,0.01,2.01,37.01,0.89895117318796
True,1.01,3.01,1.01,34.01,1.0868358700527014
True,0.01,0.01,1.01,27.009999999999998,0.831722996343183
False,1.01,2.01,0.01,31.009999999999998,0.37824843159023924
True,2.01,0.01,0.01,38.01,0.6688031464183538
True,2.01,1.01,1.01,43.01,0.5809124202774089
False,2.01,3.01,2.01,33.01,0.7978504907189065
True,1.01,0.01,1.01,46.01,0.6059238050731777
False,0.01,0.01,1.01,39.01,1.4110295816680545
False,1.01,1.01,0.01,36.01,0.8912345782178481
False,1.01,0.01,1.01,46.01,1.2114229254757205
False,1.01,1.01,1.01,36.01,0.9708616959236153
True,3.01,2.01,1.01,44.01,0.9848337806613041
False,2.01,4.01,3.01,37.01,0.585337628362114
True,1.01,3.01,3.01,42.01,0.8634771638803894
False,2.01,1.01,2.01,38.01,1.5182022683830712
True,3.01,1.01,0.01,33.01,1.2335849377307544
False,2.01,1.01,2.01,41.01,0.4443539528857667
True,2.01,1.01,3.01,46.01,1.0304905199926067
False,4.01,2.01,2.01,44.01,1.0909283885841212
False,2.01,5.01,0.01,36.01,0.8754691942306358
False,2.01,0.01,0.01,42.01,1.0839786309939377
True,0.01,1.01,0.01,50.01,1.153717438361233
False,0.01,1.01,0.01,46.01,0.9986639316088081
False,0.01,2.01,1.01,43.01,0.641186378294629
True,1.01,1.01,2.01,51.01,1.1578402054601744
True,0.01,0.01,2.01,41.01,1.0749215412651898
False,0.01,1.01,0.01,45.01,1.0287729147476132
True,1.01,0.01,0.01,48.01,1.077760698276113
False,0.01,0.01,1.01,40.01,0.8130761747095815
False,1.01,0.01,1.01,35.01,0.8674373747611652
False,0.01,0.01,2.01,40.01,1.268955796077212
False,0.01,0.01,2.01,47.01,0.37534694301945537
True,2.01,0.01,3.01,36.01,1.81339236354897
False,1.01,0.01,0.01,40.01,0.6242870152415103
False,0.01,1.01,0.01,22.009999999999998,0.46526803078081874
True,1.01,1.01,0.01,35.01,0.6830682159692135
True,1.01,0.01,4.01,45.01,1.6560821301335513
False,1.01,0.01,0.01,41.01,1.2912959620150333
True,1.01,1.01,0.01,46.01,0.7105574980574981
True,0.01,1.01,0.01,39.01,1.046836991775537
True,1.01,1.01,0.01,42.01,1.1352691704898947
False,2.01,2.01,0.01,44.01,0.9222163865546218
False,1.01,0.01,2.01,46.01,1.606741474758819
True,0.01,2.01,0.01,49.01,0.9150016976487565
True,1.01,2.01,2.01,36.01,0.8607649522466138
False,2.01,3.01,3.01,51.01,0.8091688149813133
False,2.01,3.01,2.01,40.01,1.1037036236050186
True,5.01,1.01,2.01,39.01,0.463541366041366
False,6.01,2.01,2.01,31.009999999999998,1.3834448421948422
False,5.01,6.01,5.01,36.01,0.7571699594582889
True,4.01,4.01,4.01,39.01,0.8746022187296713
True,5.01,2.01,2.01,47.01,1.0402485058074653
True,8.01,11.01,3.01,39.01,1.1699266233308585
True,0.01,2.01,0.01,38.01,1.0096243410800265
True,0.01,0.01,3.01,42.01,0.8909917523445334
False,0.01,0.01,2.01,39.01,1.0322709046290544
False,0.01,1.01,1.01,30.009999999999998,0.685904520602663
True,1.01,2.01,0.01,35.01,0.7378055558987988
True,0.01,1.01,0.01,30.009999999999998,0.8857742824365645
False,0.01,0.01,2.01,41.01,0.691317827665226
False,2.01,0.01,0.01,37.01,1.066217623184165
False,0.01,0.01,1.01,45.01,0.8000061757518997
False,2.01,3.01,0.01,42.01,1.3630461620173115
False,0.01,1.01,1.01,40.01,1.0670367803487495
True,0.01,0.01,1.01,30.009999999999998,0.6914435364638204
True,0.01,0.01,0.01,44.01,1.3400391121127133
False,0.01,0.01,1.01,38.01,0.694259138302317
True,1.01,1.01,0.01,48.01,1.7207759941583471
True,3.01,1.01,1.01,49.01,0.7383136433675654
True,3.01,1.01,0.01,35.01,0.9262881413898407
False,1.01,1.01,0.01,29.009999999999998,0.6996759194108265
False,0.01,0.01,0.01,33.01,1.3890002356026208
False,1.01,0.01,1.01,41.01,0.8381485372864683
True,1.01,2.01,0.01,38.01,0.9794880497551546
True,1.01,3.01,0.01,32.01,1.0998489085222525
True,1.01,1.01,2.01,42.01,1.1868986093566762
False,3.01,2.01,3.01,30.009999999999998,0.5310179554500041
False,2.01,1.01,1.01,37.01,0.30258529983012683
False,0.01,0.01,0.01,42.01,1.6667893876637865
False,1.01,3.01,1.01,20.009999999999998,1.3777322549573188
True,2.01,4.01,2.01,34.01,0.8931343699637848
False,2.01,4.01,2.01,42.01,1.07719231845763
True,2.01,4.01,3.01,36.01,1.2443716376109453
False,2.01,4.01,2.01,37.01,0.5695801821919504
False,6.01,4.01,1.01,46.01,0.7316222451283876
False,5.01,4.01,1.01,38.01,0.6759018992924967
False,0.01,0.01,2.01,43.01,1.1575728607771547
True,0.01,2.01,3.01,47.01,1.0386197090602978
False,0.01,0.01,2.01,44.01,0.6793692262466421
False,0.01,0.01,0.01,40.01,0.4182374402236718
True,0.01,0.01,1.01,30.009999999999998,0.8323834452234122
False,0.01,0.01,1.01,39.01,0.8878548661424841
True,0.01,2.01,0.01,45.01,0.9189594867429285
True,0.01,0.01,1.01,45.01,1.0760283067262484
False,0.01,1.01,3.01,34.01,1.436982973223762
True,0.01,0.01,3.01,42.01,0.7061424567530501
False,0.01,0.01,0.01,34.01,1.0669613141644587
True,2.01,0.01,1.01,35.01,1.014959348287333
True,1.01,0.01,2.01,38.01,0.7019638826242598
False,0.01,1.01,1.01,49.01,1.4361876795350745
False,0.01,0.01,1.01,48.01,0.7833459418773057
True,0.01,1.01,3.01,34.01,1.6245775794148334
True,0.01,1.01,0.01,44.01,0.8633987322262272
False,0.01,1.01,2.01,43.01,0.716815431486127
False,2.01,1.01,3.01,38.01,0.9111022389271245
False,1.01,0.01,0.01,34.01,0.858777776670516
False,0.01,2.01,0.01,44.01,0.6678151472462477
True,2.01,0.01,1.01,46.01,0.9508678704830142
False,0.01,0.01,1.01,36.01,1.018864599452835
True,1.01,0.01,2.01,44.01,1.4929225147316627
False,1.01,1.01,1.01,50.01,1.3027139487268795
True,1.01,0.01,2.01,51.01,0.9905939084192261
False,1.01,0.01,2.01,42.01,0.5770183929953028
True,2.01,0.01,1.01,41.01,1.0312682813524328
True,1.01,0.01,1.01,46.01,0.9043677392328905
False,2.01,1.01,2.01,44.01,0.5403571317224627
False,3.01,3.01,0.01,43.01,0.5435220301653252
False,1.01,5.01,1.01,45.01,1.025273148052155
False,3.01,4.01,0.01,41.01,0.5838707796604112
False,1.01,0.01,0.01,38.01,0.8815717735923614
True,0.01,0.01,0.01,52.01,0.893140165743411
True,2.01,1.01,1.01,43.01,0.8571663725144252
False,1.01,0.01,2.01,35.01,0.9506322786933596
True,1.01,0.01,0.01,41.01,0.8672757780118154
False,0.01,0.01,1.01,41.01,1.1599299487839947
True,1.01,1.01,0.01,37.01,0.6406224289748398
False,0.01,0.01,0.01,34.01,1.1786975966792774
True,0.01,0.01,0.01,39.01,1.0958115320179616
False,0.01,0.01,0.01,44.01,0.9102732862252986
True,0.01,1.01,1.01,36.01,1.1109216382133462
True,1.01,1.01,1.01,37.01,0.7313026300419114
False,0.01,0.01,0.01,51.01,0.9526600061521171
True,0.01,0.01,1.01,32.01,1.1709597474165432
False,0.01,0.01,1.01,46.01,0.9579093836295388
False,0.01,3.01,0.01,31.009999999999998,0.8505924592971493
False,0.01,0.01,0.01,41.01,1.3608490451847493
True,1.01,0.01,2.01,31.009999999999998,0.6878593890046488
False,0.01,1.01,1.01,44.01,0.9930165086541419
False,0.01,1.01,2.01,29.009999999999998,0.8829091447424466
True,3.01,0.01,2.01,42.01,1.293806905165529
False,0.01,1.01,1.01,27.009999999999998,1.2743026172414598
False,2.01,2.01,0.01,31.009999999999998,0.7329350763468867
False,1.01,1.01,0.01,48.01,0.635118830730532
True,4.01,3.01,1.01,26.009999999999998,1.5274251146033224
True,3.01,2.01,2.01,40.01,1.2510306475420008
True,2.01,0.01,0.01,38.01,1.3170042862479425
False,3.01,1.01,0.01,27.009999999999998,0.8818089538749931
True,2.01,1.01,1.01,39.01,1.4064275467791887
True,5.01,5.01,2.01,34.01,0.9234518085445194
True,5.01,8.01,3.01,42.01,0.8210554852973801
True,3.01,6.01,1.01,49.01,1.123529867893435
True,6.01,4.01,1.01,39.01,1.2003813789788638
False,1.01,1.01,0.01,42.01,1.300111775366579
False,1.01,0.01,1.01,40.01,0.9853098320602727
False,0.01,0.01,1.01,42.01,1.009368242220152
False,1.01,1.01,3.01,40.01,1.3837421694563845
True,0.01,0.01,2.01,40.01,0.9395854578976177
True,0.01,1.01,1.01,43.01,1.005915205971744
True,1.01,1.01,1.01,35.01,1.5337450712824359
True,0.01,0.01,1.01,42.01,0.9330174787621902
True,0.01,0.01,1.01,49.01,0.8935735953904834
False,0.01,0.01,3.01,42.01,0.8576995028932979
True,0.01,2.01,0.01,44.01,0.7629624320507291
True,1.01,2.01,0.01,52.01,0.9489026708270194
True,0.01,1.01,1.01,44.01,0.7537276362281867
True,2.01,3.01,1.01,31.009999999999998,0.6347288350229526
False,2.01,4.01,2.01,29.009999999999998,1.1290691365350523
False,2.01,3.01,1.01,48.01,1.02508989235493
False,4.01,2.01,1.01,43.01,0.7742166484554084
False,4.01,1.01,1.01,40.01,1.7679545282725262
True,2.01,0.01,0.01,40.01,1.315679316502141
False,2.01,1.01,1.01,37.01,0.7476845281063297
True,1.01,4.01,0.01,43.01,1.1082644732164275
False,2.01,1.01,2.01,37.01,1.1762373314884464
False,1.01,1.01,2.01,52.01,0.9392061139659874
True,3.01,7.01,1.01,29.009999999999998,0.9624661681676218
False,2.01,2.01,1.01,37.01,1.372435813543475
False,5.01,4.01,0.01,28.009999999999998,1.0369081202224977
True,8.01,3.01,0.01,41.01,1.236481398760234
True,5.01,9.01,3.01,42.01,1.3905677600971504
False,8.01,10.01,1.01,39.01,1.0057894261036628
True,10.01,6.01,0.01,44.01,1.2782466232215477
False,7.01,3.01,2.01,46.01,1.07695154301137
True,9.01,6.01,5.01,35.01,1.4168117946914607
False,0.01,0.01,0.01,41.01,1.3314607282094886
False,0.01,2.01,0.01,46.01,0.5061132613617085
False,0.01,0.01,3.01,41.01,0.7452763141547157
False,1.01,1.01,1.01,49.01,0.924026352828342
False,0.01,1.01,1.01,41.01,1.1835182718348682
False,1.01,0.01,1.01,41.01,0.9358723093392963
False,0.01,0.01,0.01,48.01,0.8509459902842257
True,0.01,2.01,1.01,42.01,1.0819721199516594
True,1.01,2.01,1.01,41.01,0.9980763134157289
True,0.01,1.01,2.01,37.01,0.5345562660590765
False,0.01,0.01,0.01,35.01,0.8030795766718445
False,2.01,0.01,0.01,35.01,1.1533213822080548
False,0.01,0.01,0.01,42.01,1.247216174918081
True,2.01,1.01,0.01,34.01,0.923710874934747
True,0.01,2.01,0.01,33.01,1.2726133472027938
False,0.01,2.01,0.01,38.01,1.2028080564894845
False,2.01,1.01,1.01,36.01,1.278376976688997
False,2.01,4.01,0.01,39.01,0.5150840582960807
True,1.01,4.01,1.01,35.01,0.7525014994466941
True,1.01,5.01,0.01,41.01,1.304341992149474
False,2.01,2.01,0.01,37.01,1.0390365659955212
True,1.01,4.01,2.01,29.009999999999998,1.0291206603711955
True,3.01,2.01,2.01,40.01,0.6579484891598062
False,2.01,2.01,1.01,44.01,0.7783221546212983
False,1.01,3.01,2.01,35.01,1.3591152228300565
False,1.01,1.01,2.01,37.01,0.937422584213593
False,1.01,1.01,1.01,40.01,0.8571456150791067
True,4.01,5.01,1.01,40.01,1.5761059772397423
True,5.01,6.01,0.01,35.01,1.9144206979965244
True,6.01,10.01,0.01,30.009999999999998,0.9410944636938305
False,4.01,8.01,1.01,31.009999999999998,0.9303879211747074
False,8.01,9.01,3.01,34.01,1.082780407803868
False,0.01,1.01,1.01,38.01,1.1331290876392712
False,0.01,0.01,0.01,44.01,0.698201897712461
True,2.01,2.01,0.01,33.01,0.8936161343772719
True,0.01,0.01,0.01,43.01,0.8301528691542803
True,0.01,2.01,0.01,46.01,1.1318189818122815
True,0.01,1.01,0.01,42.01,1.22211267232939
True,1.01,0.01,1.01,34.01,1.1410377980347077
True,1.01,3.01,2.01,44.01,1.4605413222054637
False,2.01,1.01,1.01,33.01,1.0707983397790701
False,3.01,1.01,0.01,41.01,0.7250885860349878
False,2.01,0.01,2.01,42.01,0.7876160966962513
True,1.01,0.01,2.01,50.01,1.0998339722531354
False,2.01,2.01,2.01,41.01,0.8927757938070514
True,1.01,3.01,2.01,37.01,1.0548923316915308
True,2.01,1.01,3.01,36.01,0.94751743957946
False,5.01,2.01,2.01,42.01,0.7382475378913325
False,1.01,2.01,1.01,31.009999999999998,1.6661011796212686
True,4.01,1.01,0.01,32.01,0.7680597957019212
False,3.01,1.01,2.01,29.009999999999998,0.8411627562411216
True,5.01,5.01,0.01,32.01,1.3644537526966796
False,1.01,2.01,1.01,49.01,1.2597254885379434
False,4.01,0.01,2.01,44.01,0.7834582947170495
False,5.01,3.01,0.01,40.01,0.7154755644925278
False,2.01,1.01,0.01,31.009999999999998,0.9167426375873708
False,4.01,2.01,2.01,30.009999999999998,0.9993800381875624
True,4.01,2.01,1.01,39.01,1.0834672118648763
False,7.01,1.01,2.01,38.01,0.8977916668056034
False,5.01,6.01,1.01,38.01,0.6877402417843594
False,3.01,5.01,2.01,40.01,0.7773597101333081
False,10.01,2.01,1.01,43.01,0.8706243494157875
False,10.01,11.01,6.01,42.01,0.9433737618282567
False,11.01,14.01,0.01,41.01,0.6572138346691789
True,0.01,3.01,1.01,53.01,0.8598345091727445
True,1.01,0.01,2.01,43.01,1.5481118733359875
False,0.01,0.01,2.01,50.01,0.8707003076043324
True,1.01,2.01,2.01,35.01,0.9326264543384961
True,2.01,0.01,1.01,40.01,0.9066881760664324
False,0.01,1.01,1.01,47.01,1.308897807884956
False,0.01,0.01,1.01,41.01,0.6455752169785659
False,1.01,0.01,2.01,40.01,0.6707369194659235
True,2.01,2.01,0.01,44.01,1.3212259389655971
True,0.01,0.01,2.01,40.01,0.6544499944499943
False,1.01,0.01,0.01,37.01,1.2682881429483346
True,2.01,0.01,3.01,51.01,1.6482262320058394
False,1.01,0.01,0.01,49.01,1.1881770176904816
False,1.01,2.01,3.01,33.01,1.5248571653677894
False,1.01,0.01,1.01,45.01,0.9682058682058683
False,1.01,0.01,2.01,43.01,1.0397566546406989
True,2.01,2.01,2.01,42.01,1.2023120070370708
False,1.01,1.01,2.01,46.01,0.9637095969541672
False,2.01,0.01,1.01,33.01,0.6954763777296116
False,2.01,0.01,1.01,40.01,1.0877822680313138
True,2.01,6.01,1.01,44.01,0.697922030244593
False,3.01,2.01,1.01,45.01,1.4203755580110071
False,3.01,5.01,2.01,44.01,1.2218412529994513
True,2.01,6.01,3.01,45.01,1.6986438555088443
True,4.01,2.01,1.01,38.01,1.4260081113022287
True,4.01,3.01,0.01,46.01,1.0091270520732765
False,2.01,2.01,2.01,34.01,1.993651881108975
True,5.01,3.01,0.01,36.01,1.5259942379952178
False,2.01,1.01,2.01,39.01,1.1026954426954427
False,7.01,4.01,1.01,38.01,1.399112331160122
True,7.01,20.009999999999998,0.01,46.01,1.1179922955609465
False,13.01,12.01,2.01,28.009999999999998,0.8827250040407935
False,0.01,0.01,0.01,38.01,1.2265616599878533
True,1.01,0.01,0.01,39.01,1.0922003544419885
True,2.01,1.01,4.01,34.01,1.386896967628499
False,1.01,1.01,1.01,37.01,0.6914692709656411
False,1.01,0.01,1.01,36.01,0.8136630855671104
True,1.01,1.01,5.01,51.01,1.2706809392096778
False,1.01,0.01,1.01,28.009999999999998,1.156369246311772
True,0.01,1.01,1.01,37.01,0.5614405680424779
True,2.01,2.01,1.01,33.01,0.9756997688726576
True,2.01,2.01,2.01,35.01,1.1092533121580594
False,0.01,0.01,3.01,38.01,0.7518458097057167
False,1.01,0.01,1.01,52.01,1.280320626286924
True,1.01,0.01,2.01,33.01,1.2612179849136373
True,0.01,0.01,1.01,43.01,0.8273498710375505
True,0.01,0.01,3.01,45.01,1.6105788621738868
False,3.01,3.01,1.01,53.01,1.3242905225110095
True,2.01,1.01,0.01,47.01,1.3639339173183105
False,1.01,1.01,1.01,46.01,0.9458337474634189
False,3.01,2.01,1.01,45.01,0.7908606328334844
False,3.01,3.01,0.01,49.01,1.175901137269948
False,2.01,1.01,0.01,35.01,1.01920741518839
True,1.01,5.01,1.01,35.01,0.6182643698728897
True,3.01,3.01,2.01,44.01,1.156430929593387
False,3.01,4.01,1.01,48.01,1.3853677049444175
True,4.01,4.01,1.01,43.01,1.0406937508941079
False,5.01,10.01,3.01,32.01,1.023981088797203
False,9.01,6.01,2.01,48.01,0.9618465915362042
False,6.01,10.01,2.01,38.01,0.6521525071466806
False,5.01,7.01,2.01,32.01,1.2334614766733991
False,12.01,6.01,1.01,35.01,1.138146887863161
False,10.01,12.01,7.01,41.01,1.102134074383272
False,15.01,23.009999999999998,0.01,39.01,0.8183689705183395
False,1.01,0.01,0.01,40.01,0.8335070971361295
False,1.01,0.01,1.01,39.01,0.6602644326581775
False,1.01,0.01,0.01,30.009999999999998,0.76509231668078
False,0.01,0.01,0.01,46.01,1.3350879211319626
True,0.01,0.01,0.01,33.01,1.2632074157576312
False,0.01,0.01,1.01,29.009999999999998,0.79793787794607
True,0.01,0.01,0.01,45.01,1.033911971817941
True,0.01,0.01,0.01,48.01,1.1110394823706604
True,1.01,0.01,0.01,31.009999999999998,0.610572194449181
False,0.01,0.01,0.01,43.01,1.6508008379860706
False,1.01,0.01,2.01,37.01,0.7587901632984886
False,0.01,0.01,0.01,44.01,1.621774244091166
False,0.01,0.01,0.01,44.01,1.1831701406676338
True,0.01,0.01,1.01,51.01,0.9270272889534745
False,0.01,0.01,1.01,41.01,1.9372002202216094
False,1.01,0.01,1.01,34.01,1.179471827152824
False,0.01,0.01,0.01,34.01,1.3791394116605038
True,0.01,0.01,0.01,52.01,0.6626755698976345
False,0.01,0.01,1.01,48.01,0.8973490896948679
True,0.01,3.01,0.01,42.01,0.5669593501666164
True,0.01,1.01,0.01,30.009999999999998,0.9446948168424815
True,2.01,0.01,3.01,41.01,0.8552451263672287
False,2.01,0.01,0.01,50.01,0.8453262196740458
True,0.01,0.01,3.01,31.009999999999998,0.7618260846539464
True,0.01,0.01,0.01,33.01,1.2622172038271011
True,0.01,3.01,0.01,41.01,0.9312554019070765
False,1.01,1.01,1.01,50.01,1.358220832892379
True,2.01,0.01,2.01,38.01,0.8577327465629487
False,2.01,2.01,3.01,33.01,1.2225256669297984
False,1.01,2.01,2.01,33.01,1.005879548805843
True,2.01,3.01,3.01,35.01,1.3785766857243504
False,2.01,4.01,2.01,48.01,1.2158338451681185
False,3.01,2.01,2.01,32.01,1.4844604346162231
False,0.01,0.01,1.01,38.01,1.256135644748375
False,0.01,0.01,1.01,52.01,1.0301409403785446
True,0.01,0.01,0.01,46.01,0.43480291499688056
True,0.01,0.01,3.01,43.01,1.080663830498781
True,0.01,0.01,1.01,36.01,0.7561403969684412
False,0.01,0.01,0.01,40.01,1.0656868058782663
False,0.01,0.01,0.01,43.01,0.9963287934919813
True,1.01,0.01,1.01,41.01,0.6943254355422686
False,0.01,0.01,0.01,41.01,0.8702131631372767
False,1.01,1.01,1.01,40.01,0.875499981804915
True,0.01,0.01,0.01,41.01,1.4617161436764134
True,0.01,0.01,0.01,34.01,0.4785078367259218
False,1.01,0.01,1.01,50.01,1.206519774455694
True,0.01,1.01,1.01,44.01,0.6957929358463256
True,0.01,0.01,1.01,35.01,0.7857943940646547
False,0.01,0.01,0.01,37.01,1.5122470573290605
True,1.01,0.01,0.01,45.01,0.8982932245720188
True,0.01,0.01,2.01,36.01,0.8887736469567105
False,1.01,5.01,1.01,39.01,1.0310119745784014
False,1.01,1.01,0.01,50.01,1.1988005303297655
True,1.01,0.01,2.01,35.01,1.4434424087805322
True,0.01,0.01,1.01,44.01,1.3273746588569117
False,0.01,0.01,2.01,31.009999999999998,1.0101536001106939
False,0.01,2.01,2.01,36.01,0.7617927626655696
True,0.01,0.01,2.01,32.01,1.0001830345043492
True,0.01,0.01,0.01,35.01,1.1261027305290925
False,5.01,0.01,2.01,44.01,1.2503819833363925
False,1.01,1.01,1.01,45.01,1.0115749351185546
False,1.01,2.01,3.01,31.009999999999998,1.5146857905409887
False,1.01,1.01,1.01,36.01,1.1902715248912046
True,1.01,1.01,3.01,54.01,0.94002546778331
False,2.01,4.01,3.01,42.01,1.455421069473938
True,3.01,0.01,2.01,49.01,1.2997091038260389
False,0.01,0.01,1.01,36.01,0.543459919781854
False,0.01,0.01,0.01,51.01,0.8865373216078661
True,0.01,0.01,1.01,40.01,0.9107048314574769
True,0.01,0.01,0.01,26.009999999999998,0.4497306837238979
True,0.01,1.01,1.01,35.01,1.0496038556332672
False,0.01,0.01,0.01,37.01,0.8965436547236401
True,0.01,0.01,0.01,54.01,1.0175977347623428
True,1.01,0.01,0.01,29.009999999999998,0.7295710438688847
False,0.01,0.01,2.01,29.009999999999998,0.8042284469196379
True,0.01,0.01,0.01,39.01,1.0946987707281826
True,0.01,0.01,1.01,47.01,0.9526732765058898
False,0.01,0.01,1.01,41.01,1.008874247774332
False,0.01,0.01,0.01,39.01,1.4838350069374657
False,0.01,0.01,0.01,44.01,0.9054121870890457
True,0.01,0.01,0.01,41.01,0.7997598520725673
False,1.01,0.01,0.01,29.009999999999998,1.0539669193447334
False,1.01,0.01,0.01,33.01,0.6949399135017973
False,0.01,0.01,1.01,52.01,1.4900522128137204
True,0.01,0.01,0.01,33.01,1.1448253498010628
False,1.01,0.01,1.01,41.01,0.7480273190553435
False,0.01,0.01,1.01,46.01,0.6409542300921611
False,0.01,0.01,0.01,38.01,0.8378380468395943
False,0.01,0.01,1.01,41.01,0.7209164195690924
False,0.01,0.01,2.01,40.01,1.6469862886465985
True,1.01,0.01,1.01,43.01,0.9798631152413488
False,1.01,0.01,3.01,30.009999999999998,1.1706110773623768
False,1.01,0.01,0.01,39.01,1.0903618130791572
True,0.01,1.01,0.01,34.01,0.9719829868132747
False,2.01,0.01,0.01,49.01,0.48231639888882677
True,3.01,1.01,2.01,52.01,0.8701122589094438
True,0.01,1.01,4.01,40.01,1.0531504480148561
True,1.01,1.01,1.01,50.01,1.035533632103567
False,2.01,3.01,1.01,42.01,1.117203845862981
True,0.01,0.01,0.01,53.01,0.6438389883243989
False,0.01,0.01,0.01,46.01,1.108209884056871
False,0.01,1.01,0.01,32.01,0.7823957292481956
False,0.01,0.01,0.01,46.01,1.4339919685247715
False,0.01,0.01,1.01,36.01,0.5963744322546948
False,0.01,0.01,0.01,22.009999999999998,0.4946876541097484
True,0.01,0.01,0.01,44.01,0.8950898830511399
False,0.01,0.01,0.01,57.01,0.8945408533355137
False,0.01,0.01,0.01,41.01,1.3520752338611464
True,0.01,1.01,2.01,36.01,0.8650065497735588
False,0.01,1.01,2.01,49.01,1.197785680531962
False,0.01,0.01,1.01,46.01,0.9644678688765436
True,0.01,0.01,1.01,37.01,1.0425709635968727
False,0.01,1.01,2.01,47.01,0.9369345364709953
True,0.01,0.01,1.01,50.01,0.6240309138197498
False,0.01,0.01,0.01,45.01,0.6628496702972951
False,0.01,0.01,0.01,32.01,1.3804215534623498
True,0.01,1.01,0.01,33.01,0.9067124815418188
False,0.01,2.01,0.01,46.01,0.611061474872007
True,0.01,0.01,2.01,30.009999999999998,0.847443365069851
True,2.01,0.01,0.01,48.01,1.1344853063887395
False,0.01,1.01,0.01,51.01,1.165651889901789
False,0.01,0.01,3.01,35.01,0.6704754206427634
True,0.01,0.01,1.01,35.01,1.1585798352624168
True,0.01,0.01,1.01,34.01,1.2103856212085669
False,1.01,1.01,1.01,42.01,0.8888380740615741
False,1.01,0.01,3.01,41.01,1.0881789945345637
True,1.01,0.01,0.01,44.01,1.2969220586488226
False,0.01,0.01,2.01,40.01,0.8985847950653534
False,0.01,0.01,1.01,35.01,0.9088126094729866
False,0.01,1.01,3.01,40.01,1.0801654377947456
False,0.01,2.01,0.01,47.01,0.3240372547349291
False,0.01,1.01,1.01,36.01,1.5105505326887076
False,0.01,0.01,0.01,40.01,1.134850698877669
False,0.01,1.01,0.01,43.01,0.49439861416889863
False,0.01,1.01,0.01,40.01,0.8157283078575343
False,0.01,0.01,1.01,40.01,0.7124497241219943
False,0.01,0.01,0.01,37.01,0.3831147722246794
False,1.01,1.01,0.01,35.01,1.045056378491733
False,0.01,0.01,0.01,34.01,0.834601155442807
True,1.01,0.01,3.01,46.01,0.9703088398923988
True,0.01,0.01,3.01,34.01,0.9006571790679896
True,0.01,1.01,1.01,37.01,0.9036110640836297
False,0.01,0.01,1.01,49.01,0.7159492272893268
True,0.01,0.01,0.01,38.01,0.9887607188917931
True,1.01,0.01,1.01,40.01,0.6732472071167391
False,1.01,1.01,0.01,29.009999999999998,1.0057824318782742
True,1.01,0.01,0.01,42.01,0.7492540448654069
True,0.01,5.01,1.01,48.01,0.5885083260236597
False,0.01,0.01,0.01,41.01,0.9224046429152384
False,0.01,0.01,0.01,38.01,0.5462047543651317
False,1.01,0.01,2.01,38.01,1.1910908262414455
False,1.01,1.01,1.01,50.01,1.1792675688658583
True,1.01,1.01,1.01,42.01,0.6737712514476679
True,1.01,0.01,1.01,38.01,1.2891342670877797
True,1.01,2.01,2.01,40.01,1.1508286165259893
False,1.01,0.01,0.01,41.01,1.3295643979602152
True,0.01,1.01,0.01,43.01,0.8400879470478397
False,0.01,2.01,3.01,41.01,0.5878934209816563
False,0.01,1.01,0.01,44.01,0.6740585314630675
False,0.01,3.01,2.01,41.01,1.1714949042720095
True,1.01,1.01,3.01,45.01,1.2344864018858637
False,4.01,1.01,0.01,42.01,1.278235466122669
False,4.01,1.01,7.01,38.01,0.8950815969355731
False,0.01,2.01,4.01,42.01,0.8702293131633269
True,1.01,1.01,2.01,46.01,2.5002685328003684
False,1.01,0.01,0.01,44.01,1.0282150959896956
False,0.01,0.01,1.01,37.01,1.0836073066221175
True,0.01,2.01,2.01,39.01,0.6849712693058974
True,0.01,0.01,0.01,30.009999999999998,0.9637676055237012
True,0.01,0.01,0.01,43.01,1.0264763862441881
False,0.01,0.01,0.01,40.01,0.9711649557622838
True,0.01,0.01,0.01,43.01,0.8333827481596934
False,0.01,1.01,0.01,31.009999999999998,0.908245013630209
False,0.01,0.01,0.01,37.01,0.9467655632731532
False,0.01,0.01,1.01,46.01,0.975270317945313
False,0.01,1.01,1.01,34.01,0.516538403562883
False,1.01,0.01,0.01,38.01,0.9706903886204861
False,0.01,0.01,3.01,46.01,1.1260518424278223
True,0.01,0.01,0.01,37.01,0.7192196938547628
False,1.01,0.01,0.01,47.01,0.7915658748419341
True,1.01,0.01,0.01,43.01,1.6364016557726817
False,1.01,0.01,0.01,44.01,1.2065906108840996
False,0.01,0.01,0.01,41.01,0.4579400448529516
False,0.01,0.01,0.01,44.01,1.3126291428190164
True,1.01,1.01,1.01,28.009999999999998,1.0626618703440989
True,0.01,1.01,2.01,29.009999999999998,1.3047557456272008
False,0.01,0.01,1.01,43.01,1.4124212144720734
True,0.01,1.01,3.01,35.01,0.8976709159511815
False,0.01,2.01,1.01,53.01,1.276016387389822
True,0.01,2.01,0.01,41.01,0.9162759674367899
False,1.01,1.01,0.01,39.01,0.7473952807649606
False,0.01,1.01,0.01,45.01,1.2054721535458781
True,0.01,1.01,2.01,35.01,1.1823478058180907
False,0.01,1.01,2.01,31.009999999999998,0.8111208308693552
True,1.01,1.01,2.01,40.01,0.8924720510157844
False,0.01,2.01,1.01,42.01,0.8595046584930801
False,0.01,1.01,2.01,38.01,1.0402383980631331
True,1.01,2.01,1.01,38.01,1.5286224209816595
True,0.01,0.01,0.01,28.009999999999998,1.3136267860319655
False,0.01,2.01,0.01,42.01,0.9198516726619727
True,0.01,0.01,0.01,43.01,0.840978206100316
True,0.01,0.01,0.01,40.01,0.8001889595968545
False,0.01,0.01,1.01,33.01,0.731146020445856
False,0.01,1.01,0.01,36.01,0.9481180083184226
True,0.01,0.01,1.01,40.01,0.47241841600007806
False,0.01,0.01,2.01,42.01,1.1403938867629566
False,0.01,0.01,1.01,38.01,0.8559093878142865
True,0.01,0.01,0.01,42.01,1.3153992787414124
False,0.01,0.01,0.01,36.01,1.0146174447879845
False,1.01,0.01,0.01,49.01,0.7921039131119776
True,0.01,0.01,0.01,34.01,1.246741586714954
False,0.01,0.01,1.01,43.01,1.2686835505942817
True,0.01,0.01,2.01,39.01,1.0582543521552183
True,0.01,0.01,2.01,54.01,0.9913972994223591
False,0.01,2.01,1.01,43.01,0.9523144910644912
True,0.01,1.01,2.01,35.01,1.2423811529450164
False,0.01,0.01,0.01,50.01,1.198406823104251
False,0.01,0.01,0.01,57.01,0.9683019953522687
False,0.01,0.01,2.01,30.009999999999998,1.1243098323988112
False,1.01,0.01,0.01,36.01,0.8518813556537086
True,0.01,0.01,1.01,30.009999999999998,1.102919063173569
False,1.01,0.01,1.01,34.01,0.9717749112503414
False,1.01,0.01,0.01,41.01,1.038268610724312
True,2.01,0.01,3.01,43.01,0.9750636963301033
True,2.01,0.01,2.01,43.01,1.2060440711709353
False,0.01,0.01,2.01,45.01,0.8185423782045144
False,0.01,1.01,1.01,38.01,1.1029254860102808
False,0.01,1.01,1.01,40.01,0.9969752493378656
False,0.01,2.01,1.01,32.01,1.5146447857065044
False,6.01,1.01,6.01,50.01,0.9003366821713895
True,3.01,4.01,1.01,38.01,1.018099892684041
False,0.01,0.01,1.01,42.01,0.7851299269419637
False,0.01,0.01,0.01,44.01,1.448303218814003
True,0.01,1.01,0.01,34.01,1.0128251200901577
True,0.01,0.01,0.01,42.01,0.5010859181591154
True,0.01,0.01,0.01,34.01,0.7003845787973576
False,0.01,3.01,2.01,40.01,0.8905846788476155
False,0.01,0.01,0.01,53.01,0.5949567895556408
False,1.01,0.01,1.01,32.01,0.969057570920112
True,0.01,0.01,0.01,27.009999999999998,1.4076078454220302
True,1.01,0.01,0.01,36.01,0.9370335085474758
False,1.01,0.01,0.01,28.009999999999998,0.5556853386097549
True,1.01,0.01,1.01,27.009999999999998,1.0141494827715851
False,0.01,0.01,1.01,42.01,0.9744681732341108
False,0.01,0.01,1.01,30.009999999999998,0.9400871781995801
False,0.01,1.01,1.01,33.01,1.0538151666896267
False,0.01,1.01,0.01,34.01,0.5847873355211173
True,0.01,1.01,0.01,40.01,0.8924999360076943
False,0.01,0.01,0.01,30.009999999999998,0.8472937111051051
False,0.01,0.01,0.01,38.01,0.8681941931293571
False,0.01,0.01,1.01,23.009999999999998,1.068179012623734
False,0.01,0.01,1.01,46.01,0.9100314892856911
True,0.01,0.01,0.01,38.01,0.9226601397475215
False,1.01,0.01,0.01,36.01,1.6412998101224845
True,1.01,1.01,3.01,53.01,0.9853339544871799
True,1.01,1.01,0.01,36.01,1.4654703592946021
True,1.01,0.01,1.01,40.01,0.88001410160555
False,2.01,3.01,1.01,32.01,1.2777019132348375
True,0.01,1.01,1.01,43.01,0.8186745901316798
False,0.01,2.01,0.01,34.01,0.8257386768793491
False,1.01,0.01,2.01,36.01,1.2208097473313162
True,1.01,1.01,1.01,33.01,1.0290523556902866
True,2.01,2.01,0.01,38.01,1.0664354835725802
False,3.01,4.01,1.01,37.01,1.3898705680284626
False,0.01,0.01,1.01,38.01,0.8226684416001888
False,1.01,0.01,0.01,40.01,0.8392281222411451
True,0.01,0.01,0.01,38.01,0.8424281440380512
False,0.01,0.01,0.01,33.01,1.0235505731592234
True,0.01,0.01,0.01,31.009999999999998,1.1193003375656998
True,0.01,0.01,0.01,44.01,0.8357697352712627
False,1.01,0.01,0.01,57.01,0.7130534119668848
False,0.01,0.01,0.01,34.01,1.2172334594863616
False,0.01,0.01,2.01,37.01,1.112929554819207
False,1.01,0.01,0.01,41.01,0.8241699022773191
False,0.01,0.01,2.01,43.01,0.9295435085963036
True,0.01,0.01,1.01,24.009999999999998,0.9862852600291979
False,2.01,1.01,1.01,34.01,0.9453763121716413
False,0.01,0.01,0.01,42.01,0.7451334573159516
True,0.01,0.01,0.01,33.01,0.5129764490305554
False,0.01,0.01,1.01,35.01,0.9256946247354892
False,0.01,1.01,3.01,53.01,0.8812712451162704
True,0.01,0.01,1.01,49.01,1.3500190278131456
True,0.01,0.01,2.01,39.01,1.0289297068133885
False,1.01,1.01,1.01,47.01,0.6775555235849353
False,3.01,1.01,1.01,40.01,1.0056715117914687
True,2.01,0.01,1.01,36.01,1.0163890669588047
True,2.01,2.01,2.01,41.01,0.9964177831684771
True,0.01,1.01,1.01,34.01,1.1700596848536284
True,2.01,3.01,1.01,46.01,0.7628981005905412
False,1.01,0.01,0.01,41.01,0.9086151390280587
False,0.01,0.01,2.01,30.009999999999998,0.9803870269289789
True,1.01,1.01,2.01,51.01,0.8366584917204111
False,1.01,3.01,2.01,38.01,0.6230717761635841
False,1.01,2.01,2.01,40.01,0.7276403099051397
False,5.01,1.01,2.01,38.01,1.6059026435004211
True,1.01,0.01,3.01,38.01,1.290587152066397
False,4.01,2.01,3.01,39.01,0.9189762775241466
True,0.01,0.01,0.01,43.01,0.5533859857134374
False,0.01,0.01,2.01,46.01,1.363286466237803
True,0.01,1.01,1.01,36.01,0.7857963548711299
False,0.01,0.01,0.01,46.01,1.0576599588759417
True,0.01,0.01,1.01,43.01,0.800237256603941
False,0.01,2.01,1.01,36.01,0.7701246494714659
False,2.01,1.01,0.01,37.01,0.69655215140859
False,0.01,1.01,1.01,48.01,1.1226576659662817
False,0.01,1.01,0.01,44.01,1.2213223741917987
False,0.01,0.01,1.01,48.01,1.087552863612079
True,2.01,0.01,2.01,38.01,0.7935840729618668
False,0.01,0.01,0.01,34.01,0.8314682949203072
False,0.01,0.01,1.01,43.01,1.0253353682436877
True,0.01,1.01,0.01,35.01,0.3707858900150386
False,0.01,0.01,1.01,40.01,0.7952144210399881
True,0.01,0.01,0.01,48.01,0.6147355298290088
False,0.01,0.01,0.01,44.01,1.0915748615423857
False,0.01,0.01,2.01,41.01,1.3325520536259072
True,0.01,1.01,0.01,36.01,1.164380221961402
False,1.01,0.01,2.01,31.009999999999998,1.0975381991412294
False,1.01,0.01,2.01,40.01,1.2536597678183097
True,2.01,1.01,1.01,41.01,1.1213016065230974
False,0.01,0.01,2.01,43.01,1.0689871741712353
True,1.01,0.01,1.01,37.01,0.8397789063624088
False,0.01,0.01,1.01,40.01,0.9086202542635807
False,0.01,1.01,1.01,37.01,0.6807833589412536
True,1.01,1.01,1.01,41.01,0.6892487150152493
True,0.01,0.01,0.01,37.01,1.2780153512484587
True,0.01,0.01,1.01,39.01,1.576828812301065
False,3.01,0.01,2.01,31.009999999999998,0.5739515127123027
False,0.01,1.01,3.01,26.009999999999998,1.0155644672960689
True,2.01,4.01,4.01,42.01,0.7661495864354387
False,2.01,4.01,3.01,33.01,0.8906697894468792
False,0.01,0.01,1.01,44.01,1.6530403154222146
False,0.01,1.01,1.01,25.009999999999998,1.9395302772505538
False,0.01,0.01,1.01,44.01,0.46400326797385616
True,0.01,0.01,0.01,44.01,0.9727623382413226
True,0.01,3.01,1.01,37.01,0.583983673524629
False,0.01,0.01,0.01,34.01,0.7357687630087212
True,0.01,0.01,0.01,36.01,0.7771741225785344
False,1.01,0.01,0.01,39.01,1.302480671584688
True,0.01,0.01,1.01,45.01,0.6539711657029144
False,1.01,1.01,1.01,44.01,1.094556636151109
False,1.01,0.01,1.01,38.01,1.0914435937400215
False,0.01,0.01,0.01,34.01,1.1460553632902926
True,0.01,0.01,0.01,42.01,1.2634508062093144
False,0.01,0.01,2.01,46.01,1.2149662416147553
False,0.01,0.01,2.01,54.01,1.712902723966608
True,0.01,1.01,0.01,48.01,1.0901753687173248
False,1.01,0.01,1.01,45.01,0.7389891728090039
False,0.01,2.01,1.01,33.01,1.2783450606379654
False,0.01,0.01,0.01,42.01,0.9522111275903221
False,2.01,1.01,0.01,41.01,1.0372373604913865
True,0.01,1.01,0.01,32.01,0.7832861875671103
True,0.01,1.01,0.01,39.01,1.2973414352835375
True,0.01,2.01,2.01,38.01,0.7777686355719771
False,0.01,1.01,1.01,40.01,1.5842904807587963
True,0.01,5.01,1.01,34.01,0.8813689207621935
False,1.01,0.01,0.01,21.009999999999998,1.107541712202923
False,2.01,1.01,1.01,39.01,1.0251604837343375
True,3.01,2.01,1.01,42.01,0.671024944303889
True,1.01,9.01,3.01,41.01,1.0214857668393362
False,1.01,3.01,0.01,33.01,0.9928347647318068
False,1.01,1.01,0.01,37.01,0.8697258081711864
False,1.01,3.01,2.01,46.01,0.735450187067834
False,0.01,1.01,2.01,32.01,1.2036980050631985
False,1.01,0.01,0.01,46.01,0.684678588237716
False,0.01,0.01,1.01,39.01,0.8470040697438396
False,0.01,0.01,0.01,37.01,1.16410552350164
False,0.01,0.01,1.01,33.01,1.0870736402830796
True,0.01,0.01,3.01,39.01,0.9326249006433661
False,1.01,0.01,0.01,38.01,0.4348508699520438
True,1.01,1.01,0.01,32.01,1.0486193429459685
False,0.01,0.01,1.01,40.01,0.5668720287517022
False,0.01,0.01,0.01,46.01,0.9947172358856982
True,1.01,0.01,1.01,40.01,0.3751812733909945
False,1.01,0.01,1.01,32.01,1.1734698610392333
False,0.01,0.01,2.01,41.01,1.6452223311298964
True,0.01,0.01,0.01,38.01,1.3597369028306918
True,0.01,0.01,0.01,37.01,0.9386275550195937
False,0.01,0.01,1.01,40.01,0.5602278881175029
False,0.01,0.01,1.01,32.01,0.7372683638326005
True,0.01,1.01,0.01,41.01,1.0730632977661838
True,1.01,0.01,0.01,34.01,1.0836922862536806
False,0.01,0.01,0.01,40.01,0.8897919640558577
True,0.01,0.01,1.01,35.01,0.6062335480352298
False,1.01,0.01,1.01,29.009999999999998,0.6998422243755781
False,1.01,1.01,1.01,38.01,0.9434875065484708
False,1.01,1.01,0.01,29.009999999999998,0.9887990351886002
False,1.01,0.01,0.01,37.01,0.7015491748792196
True,1.01,1.01,1.01,42.01,0.5840763691317071
False,2.01,0.01,3.01,49.01,0.7264656096476583
True,1.01,4.01,0.01,42.01,0.8233477367279033
False,1.01,0.01,0.01,37.01,1.8833494061855287
True,1.01,2.01,0.01,49.01,0.9190380243513235
False,1.01,1.01,2.01,45.01,0.8859176893713523
False,2.01,2.01,0.01,37.01,1.1408725783748122
False,2.01,3.01,1.01,43.01,2.0632550009138644
False,4.01,2.01,3.01,46.01,0.8268636900133195
False,0.01,0.01,1.01,49.01,0.8094995571425777
False,0.01,1.01,0.01,39.01,1.2068834882957593
False,0.01,0.01,1.01,36.01,1.019213808624186
True,0.01,1.01,3.01,42.01,0.9066243127621156
False,0.01,0.01,1.01,51.01,0.8312532327965847
False,0.01,0.01,2.01,36.01,1.1654091582981956
True,0.01,1.01,0.01,32.01,0.81878373002986
False,0.01,1.01,1.01,34.01,0.7759823798203118
False,0.01,1.01,0.01,31.009999999999998,0.7989548237819093
False,0.01,1.01,0.01,53.01,1.1435835874366767
False,0.01,0.01,0.01,37.01,0.8197033601569341
True,0.01,0.01,2.01,46.01,1.034838962306993
False,0.01,0.01,4.01,35.01,0.9684194399078018
True,1.01,0.01,0.01,41.01,0.6167500405772717
True,0.01,0.01,0.01,37.01,0.4893485724379229
True,0.01,0.01,1.01,37.01,0.7095694904025323
True,1.01,1.01,1.01,40.01,0.9138996210405643
False,1.01,0.01,0.01,48.01,0.5497291219914047
False,0.01,0.01,0.01,44.01,0.9257345297999714
False,0.01,0.01,3.01,42.01,0.8390503132354347
False,1.01,1.01,0.01,30.009999999999998,1.311066968480822
False,3.01,0.01,1.01,50.01,1.0265168173116193
True,1.01,2.01,1.01,44.01,0.6777112348484343
False,0.01,0.01,0.01,30.009999999999998,1.3720102732849881
False,1.01,1.01,1.01,43.01,0.6462388732125575
False,0.01,0.01,2.01,41.01,0.8388765688334653
True,1.01,3.01,1.01,42.01,1.1770727441765867
False,1.01,2.01,0.01,35.01,0.8457945001452519
True,0.01,8.01,0.01,41.01,0.9575203460942001
False,2.01,1.01,4.01,47.01,1.2419593238860978
False,2.01,1.01,0.01,26.009999999999998,1.3826364815629941
False,6.01,7.01,3.01,30.009999999999998,1.0851433288933292
False,3.01,3.01,2.01,32.01,1.134653351076501
False,2.01,0.01,1.01,41.01,1.44098422024431
True,2.01,1.01,0.01,27.009999999999998,1.3720781733545733
False,0.01,0.01,0.01,40.01,1.1498834465871668
True,1.01,0.01,0.01,35.01,1.3400275638879404
True,0.01,2.01,1.01,31.009999999999998,0.4256244666325311
False,0.01,0.01,1.01,43.01,0.8489329770173201
False,1.01,0.01,0.01,35.01,0.7686650915222343
True,0.01,0.01,0.01,50.01,0.9547665120048633
False,0.01,0.01,0.01,48.01,0.7774134827449004
False,0.01,0.01,0.01,43.01,1.2321983396093301
False,0.01,0.01,1.01,28.009999999999998,1.0016850488425058
True,1.01,1.01,2.01,32.01,1.2572148850748641
False,0.01,1.01,1.01,38.01,0.8998473911377589
False,0.01,0.01,1.01,46.01,1.439409123526657
True,0.01,0.01,0.01,53.01,1.1395607738159106
False,0.01,1.01,1.01,43.01,1.2957362509267547
True,0.01,2.01,2.01,28.009999999999998,0.6835783525971867
False,1.01,0.01,2.01,29.009999999999998,1.1569794684670682
False,0.01,0.01,1.01,40.01,1.0377236626671489
False,1.01,0.01,0.01,34.01,0.765273158432851
True,1.01,9.01,1.01,51.01,1.3042788166911483
False,0.01,1.01,0.01,44.01,1.0343916487849754
False,0.01,2.01,0.01,46.01,0.7236416042610845
False,1.01,0.01,2.01,52.01,1.0643168263748546
True,0.01,3.01,1.01,32.01,0.586743701121402
True,1.01,1.01,2.01,43.01,1.0758131474099828
True,2.01,3.01,0.01,42.01,1.1198598900530705
False,1.01,2.01,3.01,48.01,1.4594342222283403
True,2.01,4.01,0.01,45.01,1.2609717531466134
False,4.01,4.01,0.01,31.009999999999998,1.0778041729512318
False,4.01,2.01,0.01,48.01,0.689496272358662
True,4.01,6.01,2.01,47.01,2.074389414419327
False,3.01,4.01,2.01,36.01,0.878301350894062
False,1.01,0.01,0.01,33.01,0.6668801813314349
False,0.01,0.01,1.01,32.01,1.108456567163661
True,0.01,0.01,0.01,39.01,0.9417520871186714
True,0.01,0.01,0.01,40.01,0.6899320046998064
True,2.01,0.01,2.01,55.01,1.1787922375761175
True,0.01,0.01,0.01,29.009999999999998,0.8572605798341092
True,0.01,0.01,0.01,46.01,0.7067714591476882
False,0.01,0.01,2.01,41.01,1.1060459531048286
True,0.01,1.01,0.01,42.01,1.6408439417076481
False,0.01,0.01,1.01,45.01,1.239911586918572
False,0.01,0.01,0.01,35.01,1.3350643749095763
False,1.01,2.01,0.01,48.01,0.5964295642499424
True,0.01,1.01,0.01,38.01,1.1231092490080288
False,0.01,0.01,0.01,53.01,1.0301469210757137
True,0.01,0.01,1.01,37.01,0.6758483850143444
False,1.01,0.01,1.01,40.01,0.9100724660657004
False,1.01,0.01,1.01,45.01,1.2520227216832993
False,1.01,0.01,0.01,34.01,0.9768255229538789
True,0.01,3.01,3.01,45.01,0.5691447675887584
True,0.01,1.01,3.01,35.01,0.933196785549615
False,0.01,1.01,0.01,53.01,1.483982859407444
False,1.01,1.01,3.01,51.01,1.5693456777077381
False,2.01,1.01,1.01,40.01,1.8420908177098758
True,0.01,2.01,2.01,36.01,1.1046922733370468
True,2.01,0.01,0.01,34.01,0.9034217824659001
False,1.01,2.01,2.01,51.01,1.2706828113407063
False,1.01,5.01,1.01,41.01,1.0705812499825107
True,2.01,3.01,3.01,36.01,1.0131667298265896
True,6.01,3.01,1.01,32.01,0.9820640579617226
False,3.01,3.01,3.01,36.01,1.2039196984623484
False,3.01,8.01,2.01,34.01,0.7660762897544441
True,6.01,2.01,3.01,41.01,0.7903020984494891
True,5.01,3.01,2.01,35.01,1.6479940185629463
False,0.01,1.01,1.01,44.01,0.7416035388555037
True,0.01,0.01,0.01,44.01,1.125546035226983
True,1.01,1.01,1.01,41.01,1.158291659645154
True,0.01,0.01,1.01,56.01,1.0527545523001165
False,0.01,0.01,0.01,39.01,0.9209087097333191
False,0.01,1.01,1.01,48.01,0.6325037261647635
True,0.01,1.01,0.01,47.01,1.0677210401835517
False,0.01,1.01,2.01,43.01,1.153119088703454
True,2.01,2.01,1.01,39.01,1.3561648787962688
True,1.01,0.01,1.01,40.01,1.045964109513472
False,0.01,0.01,1.01,49.01,1.1337014075637417
False,0.01,0.01,2.01,44.01,1.0943337124273538
False,2.01,1.01,1.01,44.01,1.1927177452177455
False,1.01,0.01,1.01,51.01,1.7529877658327904
False,0.01,0.01,0.01,33.01,1.0185579418483273
False,3.01,1.01,1.01,44.01,1.5066003029872836
False,2.01,1.01,0.01,46.01,1.5408458658397335
False,1.01,1.01,0.01,40.01,0.7153593296675065
True,0.01,0.01,1.01,47.01,1.3546075007421197
True,0.01,1.01,1.01,44.01,1.6006836555780348
False,0.01,1.01,1.01,48.01,0.8939663635181906
False,1.01,0.01,3.01,44.01,1.148507848966126
True,0.01,1.01,1.01,41.01,0.7624005589249032
False,0.01,0.01,0.01,46.01,1.0235702029262326
False,1.01,1.01,1.01,38.01,0.7318041324101319
True,0.01,0.01,3.01,38.01,1.0819799183489585
True,2.01,1.01,0.01,41.01,0.5278988404168932
True,1.01,0.01,3.01,39.01,1.2096783033293392
False,5.01,2.01,3.01,42.01,1.6042623023725033
False,4.01,5.01,2.01,42.01,1.3184553171075413
False,1.01,2.01,4.01,31.009999999999998,1.1603201059205261
True,3.01,1.01,2.01,43.01,1.3579479524342777
False,2.01,7.01,3.01,45.01,0.6400288626957658
False,0.01,0.01,0.01,43.01,0.6245718799936818
False,0.01,0.01,0.01,49.01,0.8170080856832217
True,0.01,0.01,1.01,38.01,0.9535224031341779
True,0.01,2.01,0.01,42.01,1.3820747039225043
True,0.01,0.01,0.01,34.01,0.8312296118594853
False,0.01,0.01,0.01,35.01,0.7299457006060206
False,0.01,0.01,0.01,39.01,1.0376455836028784
True,1.01,1.01,0.01,42.01,1.0085149660345216
False,0.01,0.01,1.01,48.01,0.8255252569255127
True,0.01,1.01,2.01,45.01,1.2423586869914511
True,0.01,1.01,1.01,38.01,0.5614025697561227
False,0.01,0.01,1.01,39.01,0.7435426716638738
False,1.01,1.01,1.01,45.01,1.0815480592025601
True,0.01,0.01,0.01,38.01,0.6034701392212429
False,0.01,0.01,2.01,36.01,0.7363244728642595
True,1.01,2.01,2.01,48.01,1.3829295482872896
False,0.01,0.01,0.01,39.01,1.183706632108779
False,1.01,0.01,1.01,52.01,0.8619320313828117
False,0.01,1.01,0.01,47.01,0.65470509859059
True,2.01,1.01,1.01,41.01,0.8693912713373447
False,1.01,0.01,1.01,39.01,1.3091668078821364
True,0.01,3.01,3.01,39.01,0.6948432694089154
True,2.01,1.01,1.01,56.01,0.9568473702407124
True,2.01,3.01,1.01,28.009999999999998,1.4797933252470457
False,3.01,2.01,2.01,36.01,0.7355101457240858
False,0.01,2.01,0.01,42.01,0.7308872969150724
False,1.01,2.01,1.01,39.01,0.7416367621762076
False,2.01,1.01,2.01,43.01,1.0336609237220307
False,0.01,0.01,0.01,46.01,1.1365022866902565
False,3.01,4.01,3.01,31.009999999999998,0.4876782805556497
False,3.01,2.01,1.01,43.01,0.6488892905655848
True,2.01,2.01,3.01,46.01,1.0205076789031777
False,4.01,2.01,3.01,35.01,0.8545771239861337
True,0.01,0.01,0.01,46.01,0.8115904973190577
True,0.01,0.01,0.01,40.01,0.5097535212572153
True,0.01,1.01,1.01,41.01,1.1392946601890372
False,0.01,1.01,1.01,47.01,0.9367426184235194
False,1.01,0.01,0.01,44.01,0.5004313002943834
False,1.01,0.01,1.01,58.01,1.2761978395949278
True,0.01,1.01,0.01,44.01,1.6798155638053336
False,0.01,0.01,2.01,41.01,1.2715494544466528
True,0.01,1.01,0.01,39.01,1.3399660088298582
False,0.01,2.01,1.01,45.01,1.3375537639831296
False,0.01,2.01,0.01,41.01,0.8668979036751535
False,0.01,2.01,1.01,47.01,0.9027966458482419
False,0.01,2.01,2.01,31.009999999999998,0.7693728778180843
False,0.01,1.01,0.01,29.009999999999998,1.4236221943349485
True,0.01,0.01,1.01,31.009999999999998,1.2465876540178022
True,1.01,0.01,0.01,47.01,0.9730941655218596
True,0.01,2.01,1.01,38.01,0.6848210417320114
False,1.01,0.01,2.01,38.01,0.8448542258947452
False,1.01,1.01,1.01,42.01,1.179606015996269
False,1.01,0.01,1.01,49.01,1.2043627919992939
True,2.01,2.01,1.01,28.009999999999998,0.8312616294928853
True,4.01,5.01,3.01,35.01,1.3468420010257351
True,1.01,2.01,1.01,37.01,1.0754072267213348
True,0.01,2.01,0.01,34.01,1.609844479582384
False,4.01,2.01,1.01,38.01,0.8478503938366363
False,2.01,1.01,1.01,40.01,1.1430645198295772
True,0.01,2.01,0.01,37.01,0.8232677421903147
False,0.01,1.01,3.01,46.01,0.6507554039132986
False,2.01,3.01,0.01,38.01,1.3772365690549293
False,3.01,5.01,1.01,40.01,1.7591059802434148
False,4.01,3.01,2.01,42.01,1.2038980840942834
True,6.01,4.01,2.01,36.01,0.7844824957982853
False,4.01,5.01,0.01,47.01,0.7904385110206902
False,1.01,0.01,0.01,45.01,1.0630698015560205
False,0.01,1.01,0.01,45.01,0.7417048493097786
False,0.01,0.01,0.01,23.009999999999998,1.0092684664078349
True,1.01,0.01,1.01,41.01,0.702770794780585
True,0.01,0.01,2.01,33.01,0.8156726893795858
True,0.01,0.01,4.01,40.01,1.2363534960516382
False,0.01,1.01,1.01,33.01,0.7999422990802302
False,1.01,0.01,0.01,42.01,0.898396225997935
False,0.01,1.01,1.01,40.01,1.193325060401814
False,0.01,0.01,1.01,28.009999999999998,1.0015553907642045
False,0.01,2.01,3.01,48.01,0.8072013270213111
False,0.01,1.01,0.01,36.01,0.6976023178149978
True,0.01,1.01,0.01,50.01,0.6798588288666738
True,0.01,0.01,2.01,47.01,0.8316306426253556
True,1.01,0.01,1.01,44.01,0.7953212490488002
True,2.01,0.01,0.01,38.01,0.959101036824027
True,1.01,0.01,1.01,33.01,1.1906227374178693
False,0.01,0.01,1.01,33.01,0.5320806375201733
False,0.01,2.01,4.01,37.01,0.9190325594500471
True,1.01,2.01,3.01,41.01,0.7534034368582131
True,1.01,0.01,1.01,36.01,0.8678156606436259
False,2.01,0.01,0.01,34.01,1.0772401040103639
True,1.01,0.01,2.01,34.01,0.6042327575166322
True,1.01,1.01,0.01,32.01,1.0999081965877369
False,0.01,0.01,0.01,33.01,0.6319049484332725
False,2.01,1.01,2.01,51.01,0.9263185181285003
False,1.01,0.01,1.01,40.01,0.8584216063088986
False,0.01,2.01,2.01,35.01,0.8100261589569621
False,2.01,1.01,1.01,42.01,1.0370503775955096
False,0.01,2.01,0.01,36.01,1.0726859025188447
True,3.01,3.01,2.01,48.01,0.7103033810303662
False,7.01,3.01,1.01,52.01,0.9620923154112808
False,3.01,2.01,4.01,49.01,0.6924064513813389
True,0.01,0.01,1.01,42.01,0.9756949848980487
False,1.01,0.01,2.01,39.01,1.2479317826176053
True,0.01,1.01,0.01,44.01,1.2074199587755279
True,0.01,0.01,0.01,42.01,0.8403418803418804
False,1.01,1.01,1.01,45.01,0.9943046250510759
False,0.01,1.01,1.01,37.01,1.0251739677643903
False,2.01,0.01,0.01,28.009999999999998,1.016089593699489
False,0.01,1.01,1.01,20.009999999999998,1.2324872621784515
True,2.01,0.01,1.01,48.01,0.6991294688074603
False,0.01,0.01,1.01,36.01,0.7594638470694162
False,0.01,0.01,1.01,39.01,0.9410219178957283
False,0.01,0.01,3.01,47.01,0.970421718804072
True,0.01,1.01,2.01,37.01,0.7289413563889812
False,0.01,0.01,0.01,43.01,1.0071110220161454
False,0.01,0.01,0.01,43.01,0.9198747739010255
False,0.01,1.01,1.01,36.01,0.6919148111932246
True,2.01,0.01,2.01,36.01,0.7813546658830148
True,2.01,0.01,0.01,51.01,1.1663241976590004
True,0.01,0.01,1.01,37.01,1.1090855023494655
False,0.01,2.01,1.01,34.01,0.8726312761807788
True,0.01,0.01,1.01,30.009999999999998,0.5871558293548053
True,2.01,2.01,0.01,42.01,1.2428322914551824
True,0.01,3.01,0.01,50.01,0.6105748249780747
False,2.01,0.01,0.01,48.01,1.0628372734441416
True,1.01,0.01,1.01,30.009999999999998,1.2245555835156674
False,2.01,0.01,1.01,31.009999999999998,0.5904081338203866
False,1.01,1.01,0.01,41.01,0.8394697518788757
True,2.01,2.01,0.01,31.009999999999998,1.205502057365385
True,4.01,3.01,4.01,37.01,0.6791666431483107
False,6.01,1.01,2.01,37.01,0.6485219461371536
False,3.01,2.01,2.01,37.01,1.305119760721142
True,13.01,8.01,2.01,41.01,1.7465790812942394
False,9.01,4.01,5.01,35.01,0.8802456944430337
False,1.01,1.01,0.01,46.01,1.3054456199569182
True,1.01,0.01,2.01,39.01,0.7037207795377104
True,1.01,2.01,1.01,48.01,1.0318955498214852
True,1.01,2.01,1.01,39.01,1.2178807158936051
False,1.01,0.01,0.01,43.01,1.0002121595884712
False,0.01,0.01,1.01,44.01,1.014940444308448
False,0.01,2.01,1.01,36.01,0.9779898703443475
True,0.01,1.01,1.01,39.01,0.921304564348017
False,0.01,0.01,0.01,44.01,1.251431313486059
False,0.01,1.01,2.01,43.01,0.901370231431169
False,1.01,0.01,1.01,46.01,0.7394846231037275
False,2.01,0.01,0.01,30.009999999999998,1.0454029115519294
True,1.01,0.01,0.01,48.01,1.0302426874955495
False,1.01,1.01,1.01,48.01,0.6138052417630349
False,0.01,0.01,2.01,38.01,0.8445859685099921
True,2.01,1.01,1.01,45.01,1.3007807407255176
False,0.01,0.01,1.01,43.01,1.1196046563570115
False,1.01,1.01,1.01,44.01,0.5766218448296921
True,3.01,3.01,1.01,39.01,1.1688008429316878
False,0.01,2.01,0.01,40.01,1.4901159927402252
True,3.01,1.01,0.01,38.01,0.9131553189975056
False,2.01,2.01,0.01,47.01,1.40576340664187
False,2.01,3.01,1.01,39.01,1.0005584595613752
True,3.01,0.01,2.01,44.01,1.0408930528443798
True,3.01,4.01,0.01,34.01,1.084755986831955
False,1.01,3.01,2.01,47.01,1.1508406504315103
True,4.01,0.01,0.01,39.01,0.8662838496197797
False,8.01,3.01,1.01,48.01,0.9481177271780062
False,2.01,7.01,2.01,41.01,1.182600497075287
False,6.01,8.01,3.01,41.01,1.0842178654678656
False,4.01,8.01,1.01,33.01,1.126756556186439
True,7.01,12.01,3.01,48.01,1.7297524607090868
False,0.01,0.01,0.01,40.01,1.3040976405852835
True,0.01,4.01,1.01,36.01,0.6427517550805972
True,1.01,0.01,0.01,54.01,1.332814067628248
False,0.01,0.01,1.01,41.01,1.227145425553947
False,1.01,0.01,0.01,29.009999999999998,1.4043095772819543
True,0.01,0.01,1.01,48.01,0.9998004921066119
False,0.01,0.01,1.01,34.01,0.946906692014364
True,2.01,1.01,1.01,49.01,0.5750442082791059
True,0.01,2.01,0.01,36.01,1.939146685678968
False,2.01,0.01,0.01,46.01,0.8093985786797686
False,0.01,0.01,1.01,47.01,1.1129986188290262
True,2.01,1.01,2.01,54.01,0.7713646106713816
False,1.01,1.01,0.01,42.01,1.0087870733351807
True,2.01,5.01,2.01,41.01,0.9851394423795722
False,1.01,5.01,0.01,48.01,0.9305692492221896
True,2.01,0.01,1.01,37.01,0.9387574612656606
False,0.01,1.01,1.01,43.01,1.6331264900086218
True,1.01,0.01,3.01,30.009999999999998,1.153892690004907
False,0.01,0.01,1.01,39.01,0.5628052748772197
False,1.01,2.01,1.01,54.01,0.8806179437178637
False,0.01,2.01,0.01,39.01,0.7883294104507835
True,0.01,2.01,2.01,36.01,1.1975260210573848
True,3.01,1.01,0.01,40.01,1.5610289419578025
False,1.01,3.01,0.01,45.01,0.9088659406505715
False,2.01,2.01,3.01,44.01,1.1871905495604862
False,1.01,7.01,0.01,41.01,1.3715132389690685
True,3.01,3.01,0.01,33.01,0.7441901278977727
False,3.01,3.01,0.01,32.01,0.48173145281504415
True,3.01,5.01,3.01,42.01,1.6761282830080269
False,3.01,5.01,1.01,33.01,0.8647623904227678
True,8.01,2.01,1.01,35.01,0.9059249404834275
False,6.01,8.01,2.01,41.01,0.95430905157192
True,1.01,1.01,1.01,46.01,1.0968801778590913
True,2.01,2.01,0.01,32.01,1.809846449736425
False,0.01,0.01,0.01,53.01,1.2690634683300492
True,0.01,0.01,1.01,43.01,1.4462388157280315
False,0.01,0.01,1.01,38.01,1.4155767271689488
False,1.01,0.01,1.01,42.01,0.9158455139163281
False,0.01,1.01,1.01,43.01,1.1575969881116939
True,3.01,0.01,0.01,40.01,1.122378379930562
True,0.01,0.01,1.01,43.01,0.8023643116427468
False,0.01,0.01,0.01,43.01,0.9047549634325491
False,2.01,2.01,1.01,29.009999999999998,1.0119133973137675
False,1.01,0.01,1.01,41.01,1.2203596980085718
False,2.01,2.01,0.01,38.01,0.8678498794729326
True,1.01,3.01,0.01,36.01,0.5427520583575778
False,1.01,0.01,2.01,44.01,1.055758633610255
False,0.01,0.01,0.01,43.01,1.0080147080825106
False,1.01,2.01,1.01,39.01,1.9465546891017766
False,2.01,0.01,0.01,25.009999999999998,1.30309172405833
False,2.01,0.01,0.01,29.009999999999998,0.7979006810436361
False,2.01,1.01,1.01,41.01,1.5346862123808258
False,3.01,1.01,1.01,56.01,1.046346124544264
False,0.01,2.01,0.01,36.01,1.2682749988317958
False,0.01,0.01,0.01,37.01,0.6907852733291902
True,0.01,1.01,2.01,42.01,0.8907986377918932
True,2.01,1.01,1.01,32.01,1.24528352948725
False,2.01,1.01,1.01,29.009999999999998,0.6633467402604862
True,0.01,2.01,2.01,37.01,1.6957510222593346
True,3.01,5.01,0.01,32.01,1.34738493048519
False,5.01,4.01,1.01,40.01,1.250518741148734
False,4.01,5.01,0.01,43.01,0.8153261828191986
False,6.01,4.01,5.01,29.009999999999998,0.8725042348955392
False,13.01,5.01,3.01,28.009999999999998,1.0457163667666234
True,0.01,1.01,0.01,35.01,1.2217301984633213
False,1.01,0.01,0.01,46.01,1.1368888238015844
True,0.01,0.01,2.01,48.01,1.799654563197121
False,1.01,0.01,0.01,37.01,1.5457637429273918
False,1.01,0.01,2.01,41.01,0.9051648632972684
False,0.01,1.01,2.01,38.01,1.3388829867177785
True,1.01,0.01,2.01,42.01,1.2369137634157923
True,0.01,1.01,0.01,42.01,0.8820334551112595
False,0.01,0.01,0.01,26.009999999999998,0.6751234067918487
True,0.01,0.01,0.01,44.01,0.8947251965190289
True,1.01,1.01,1.01,37.01,0.30391937068963026
False,1.01,0.01,1.01,38.01,0.899982774982775
False,1.01,0.01,2.01,40.01,0.7691019569705415
True,1.01,1.01,0.01,39.01,1.1400147679404646
False,1.01,3.01,2.01,38.01,1.5054953632718437
False,1.01,0.01,0.01,43.01,0.4374475256551066
True,3.01,1.01,0.01,39.01,1.6179533111160103
True,1.01,3.01,1.01,52.01,0.878868500238385
False,2.01,1.01,0.01,41.01,0.7853518625467638
False,3.01,1.01,3.01,38.01,0.7946148422533302
False,2.01,3.01,1.01,27.009999999999998,0.5389842541478141
True,2.01,0.01,0.01,47.01,0.9367952397747793
True,4.01,4.01,1.01,45.01,0.5280447782677685
False,4.01,4.01,1.01,34.01,0.731020541495909
False,3.01,3.01,2.01,34.01,0.8167294628636088
False,2.01,6.01,0.01,40.01,1.0564083291194672
False,4.01,3.01,4.01,52.01,0.9687482410063054
False,5.01,5.01,2.01,40.01,0.9426058201058201
True,3.01,1.01,0.01,39.01,1.497993382890294
False,2.01,3.01,4.01,42.01,0.826217787704797
True,10.01,8.01,1.01,55.01,3.210528901679505
False,4.01,10.01,2.01,40.01,0.8133531473167295
False,1.01,1.01,0.01,29.009999999999998,0.9674960438960447
False,0.01,1.01,0.01,40.01,1.2330265725340015
False,0.01,0.01,0.01,48.01,1.4118694744857132
True,0.01,1.01,2.01,39.01,0.8504824142240353
True,0.01,3.01,0.01,31.009999999999998,1.4119926874887967
False,1.01,1.01,1.01,34.01,1.1710730506505738
False,1.01,2.01,0.01,50.01,1.019500641034757
False,0.01,0.01,0.01,33.01,0.9036035107167172
False,4.01,1.01,1.01,35.01,0.8281416530329573
False,1.01,0.01,2.01,37.01,0.6730323371484933
True,0.01,0.01,0.01,43.01,1.3201320785009145
False,1.01,0.01,3.01,51.01,1.2935709097665617
False,1.01,0.01,0.01,42.01,0.6971595022887348
False,0.01,0.01,0.01,38.01,1.1162182406804062
True,2.01,1.01,2.01,47.01,1.1730725569849594
False,2.01,1.01,3.01,35.01,1.0590120268497931
False,1.01,0.01,2.01,34.01,1.304160591369939
True,2.01,0.01,1.01,33.01,0.6648728799230951
True,2.01,2.01,0.01,43.01,1.0838427641995982
True,0.01,3.01,0.01,40.01,1.122053540309126
True,1.01,2.01,0.01,39.01,0.6305032925051566
False,3.01,0.01,1.01,51.01,1.374345311120148
False,3.01,1.01,0.01,45.01,0.7789548101804484
True,1.01,2.01,1.01,45.01,1.1002161512158368
False,2.01,3.01,0.01,34.01,0.9088800319860615
True,1.01,2.01,0.01,41.01,1.061672130204739
True,5.01,0.01,3.01,25.009999999999998,0.9555662708051166
False,1.01,3.01,2.01,30.009999999999998,1.362576871822838
True,4.01,3.01,0.01,41.01,1.08317205717371
True,3.01,7.01,1.01,36.01,0.9079392838912962
False,1.01,1.01,2.01,41.01,0.561991079358022
False,8.01,3.01,1.01,41.01,0.4946245031853522
False,1.01,1.01,2.01,40.01,0.9930254223855874
True,2.01,2.01,2.01,46.01,0.850347834615571
True,3.01,3.01,0.01,34.01,0.4789012946589159
True,6.01,5.01,1.01,41.01,1.2847027896786098
False,3.01,2.01,2.01,41.01,1.0500392436893697
False,2.01,4.01,1.01,37.01,1.0694608669030556
True,1.01,2.01,2.01,35.01,0.6450172963922411
True,3.01,3.01,1.01,37.01,0.9623118503000673
False,2.01,4.01,1.01,39.01,1.4104748903962183
True,4.01,4.01,1.01,43.01,0.8608254612772691
False,3.01,5.01,2.01,46.01,1.186883199784545
False,3.01,2.01,1.01,37.01,0.8260994151844274
True,2.01,2.01,1.01,46.01,1.4637100689397358
False,2.01,4.01,2.01,48.01,1.5058902048633365
False,3.01,3.01,2.01,43.01,1.3838072753803061
False,3.01,3.01,0.01,36.01,1.2390610933564223
True,7.01,7.01,1.01,49.01,0.7393418131576027
False,2.01,3.01,3.01,39.01,1.2943205245831777
True,2.01,9.01,1.01,40.01,0.9973476148819397
False,8.01,5.01,2.01,40.01,0.9261948193924938
False,9.01,11.01,1.01,46.01,1.1017316500072594
False,4.01,7.01,1.01,36.01,1.0916736109936755
False,5.01,5.01,1.01,34.01,0.8297165347022339
False,11.01,3.01,1.01,28.009999999999998,1.199786917870921
True,6.01,10.01,6.01,37.01,0.8384719908830242
False,10.01,4.01,0.01,36.01,1.2816129573124668
True,3.01,13.01,6.01,49.01,1.4421830526375052
False,13.01,11.01,1.01,31.009999999999998,1.445661121328796
False,19.009999999999998,11.01,5.01,57.01,1.2383448015919958
True,19.009999999999998,23.009999999999998,2.01,41.01,1.0336496799020713
True,21.009999999999998,17.009999999999998,3.01,51.01,1.8393444121499714
False,33.01,34.01,4.01,40.01,1.17785949990172
False,1.01,3.01,1.01,38.01,0.4859344609991655
False,1.01,2.01,1.01,33.01,1.5530993975865155
True,0.01,1.01,1.01,31.009999999999998,1.3957379718792764
False,4.01,0.01,5.01,45.01,1.3646991306163991
False,1.01,0.01,1.01,40.01,1.1078961980314495
True,2.01,3.01,4.01,41.01,1.3513061916820475
False,3.01,3.01,1.01,23.009999999999998,1.422645672438942
False,3.01,2.01,3.01,45.01,2.1116685540613007
True,2.01,8.01,4.01,33.01,1.5639540001002565
True,3.01,5.01,3.01,49.01,0.5196841615019292
True,6.01,1.01,0.01,34.01,1.5348185766109703
False,4.01,3.01,1.01,33.01,1.3435311468531743
True,3.01,2.01,2.01,44.01,0.8950697389315072
False,6.01,2.01,6.01,35.01,1.1679842927525934
False,4.01,4.01,2.01,38.01,0.607877798999961
False,3.01,3.01,1.01,40.01,1.1186935819936954
False,8.01,7.01,2.01,52.01,1.4923385361689436
True,4.01,9.01,3.01,38.01,0.8713178161707574
False,5.01,5.01,3.01,37.01,1.5634744657102981
False,9.01,2.01,3.01,30.009999999999998,1.2282713463021293
True,9.01,7.01,1.01,37.01,1.982630085602777
False,6.01,4.01,5.01,44.01,0.6077898000692118
True,5.01,8.01,1.01,35.01,1.2373459718335493
False,9.01,5.01,3.01,36.01,1.0403835626097289
False,12.01,4.01,3.01,46.01,1.5620609270175596
False,7.01,14.01,1.01,32.01,1.3543983187242195
False,12.01,13.01,5.01,49.01,0.6077980800561446
True,20.009999999999998,17.009999999999998,6.01,41.01,0.49981811189130915
True,15.01,16.009999999999998,2.01,43.01,0.8852947935301745
False,20.009999999999998,19.009999999999998,3.01,32.01,0.9945268054845132
True,21.009999999999998,27.009999999999998,6.01,38.01,1.0611689736875838
True,31.009999999999998,27.009999999999998,5.01,39.01,1.0980168035593683
False,0.01,0.01,2.01,38.01,1.3588634604581227
True,0.01,0.01,0.01,44.01,0.9377417681092265
False,0.01,0.01,3.01,32.01,1.0914541251802374
False,2.01,0.01,1.01,38.01,0.9597752685519009
True,0.01,0.01,1.01,43.01,1.181746300194274
True,1.01,0.01,1.01,38.01,0.3699847471398834
True,0.01,0.01,0.01,34.01,1.370148518585051
False,0.01,0.01,1.01,37.01,0.7701531267467968
False,0.01,0.01,0.01,45.01,1.0947688285441943
True,0.01,2.01,0.01,44.01,1.3051539563229053
False,1.01,0.01,0.01,50.01,1.0577071471672241
False,0.01,0.01,0.01,39.01,0.9373522268217991
False,2.01,0.01,0.01,43.01,0.9253205047525533
False,0.01,0.01,1.01,58.01,1.1214896879461171
True,0.01,0.01,1.01,35.01,0.9220789705336125
False,0.01,0.01,0.01,43.01,1.2585912471562886
False,1.01,0.01,1.01,47.01,1.2472571703110427
False,0.01,0.01,0.01,41.01,0.6843324848527145
True,1.01,0.01,0.01,45.01,1.0342236947479913
True,0.01,0.01,1.01,47.01,1.5351070829248958
True,0.01,1.01,0.01,51.01,1.661442336583556
True,0.01,0.01,0.01,35.01,1.0052890087754631
False,2.01,0.01,0.01,45.01,0.7853855154845586
True,0.01,0.01,0.01,45.01,0.928728933380679
False,2.01,0.01,0.01,36.01,1.039966597869429
False,2.01,1.01,1.01,38.01,1.0965103406112078
True,1.01,0.01,0.01,38.01,1.8546446762179147
True,0.01,0.01,1.01,47.01,1.2990069842162375
False,1.01,1.01,1.01,41.01,1.2661579580572575
False,1.01,2.01,1.01,36.01,1.2542428699758417
False,2.01,0.01,3.01,44.01,1.310046250113365
True,1.01,1.01,3.01,44.01,0.7883549783549784
False,0.01,4.01,1.01,42.01,1.350287555420602
False,1.01,1.01,0.01,23.009999999999998,1.2151875229910791
False,0.01,0.01,0.01,45.01,0.7431644059799629
True,0.01,0.01,0.01,37.01,0.4372355864051433
False,0.01,0.01,0.01,41.01,0.956792547548115
False,0.01,0.01,0.01,44.01,1.0696094418507063
False,0.01,0.01,2.01,41.01,1.4811543746069467
False,0.01,0.01,1.01,35.01,0.4962686483376138
True,0.01,0.01,0.01,31.009999999999998,1.1388669928258028
False,0.01,0.01,0.01,41.01,1.4532891331310847
False,0.01,0.01,1.01,38.01,0.7086203625253027
False,0.01,0.01,0.01,37.01,0.9160457527522257
True,0.01,0.01,1.01,40.01,1.2495317618834614
False,0.01,1.01,0.01,31.009999999999998,1.0886379961670158
False,0.01,0.01,1.01,38.01,0.7344854368767412
False,2.01,0.01,0.01,39.01,1.0302973617069817
False,0.01,1.01,0.01,46.01,1.1449339945863484
False,0.01,1.01,0.01,35.01,0.9225136362656479
True,0.01,2.01,1.01,28.009999999999998,0.9968855733219122
True,1.01,0.01,0.01,26.009999999999998,0.5079576680234575
False,1.01,0.01,1.01,37.01,0.5933296241892425
True,1.01,0.01,1.01,27.009999999999998,1.6880162802859158
True,0.01,0.01,3.01,28.009999999999998,1.3424646378525686
False,0.01,0.01,0.01,35.01,1.200280541080626
True,0.01,0.01,1.01,39.01,0.8621304026871116
True,1.01,0.01,1.01,46.01,0.916574170451354
True,1.01,0.01,1.01,34.01,1.1224692470638784
True,1.01,0.01,1.01,34.01,1.1566227506527542
False,0.01,1.01,2.01,44.01,0.584362574839661
False,2.01,1.01,1.01,40.01,1.3274260347982187
True,1.01,0.01,2.01,45.01,1.1122852957370348
False,0.01,1.01,1.01,33.01,0.9562771155217571
False,3.01,0.01,2.01,49.01,0.8804952331249563
False,2.01,1.01,6.01,44.01,1.3743200902910522
True,0.01,0.01,1.01,28.009999999999998,0.6104093387531353
False,0.01,0.01,1.01,43.01,0.25913772525581413
True,0.01,0.01,0.01,50.01,1.3007355171668489
False,0.01,0.01,0.01,49.01,1.0617111205714025
True,0.01,0.01,1.01,45.01,1.0200560434211874
False,0.01,1.01,0.01,49.01,0.8087355552131011
False,1.01,1.01,1.01,45.01,0.7664693122385442
False,0.01,0.01,1.01,35.01,0.7459843031576697
False,0.01,0.01,1.01,43.01,0.8444673917408743
False,0.01,0.01,1.01,34.01,0.8875501796062917
True,0.01,2.01,2.01,50.01,0.5011637966929289
False,0.01,1.01,0.01,31.009999999999998,0.88028312229774
False,0.01,0.01,0.01,29.009999999999998,0.8321352090453435
False,0.01,0.01,1.01,32.01,1.2915022728096
False,0.01,0.01,0.01,34.01,0.9011559353975842
True,1.01,0.01,0.01,30.009999999999998,0.9110590524302749
True,0.01,1.01,0.01,39.01,0.5937558978863327
False,0.01,0.01,1.01,54.01,0.6756569830524936
False,0.01,0.01,1.01,44.01,0.5913259162523867
True,0.01,0.01,0.01,42.01,0.7148187193225479
True,1.01,0.01,0.01,45.01,1.1137430960550112
False,0.01,1.01,0.01,43.01,0.9190091410891053
False,0.01,2.01,3.01,52.01,0.9381027711532957
False,1.01,0.01,1.01,42.01,1.0637616216934696
True,1.01,2.01,0.01,36.01,0.9824585202640795
True,2.01,2.01,1.01,34.01,0.7315811521679194
False,0.01,0.01,1.01,45.01,0.4949516118556367
True,1.01,0.01,0.01,43.01,1.0968221189682714
True,0.01,0.01,1.01,49.01,1.0503384402259044
False,3.01,0.01,2.01,32.01,0.9499252519111008
False,1.01,2.01,1.01,41.01,0.4736869216282467
True,3.01,0.01,0.01,47.01,0.9868551189936348
False,1.01,6.01,2.01,47.01,0.9386714307571674
True,0.01,0.01,0.01,34.01,0.8717880583730706
True,0.01,0.01,1.01,48.01,1.0465735689032423
True,0.01,0.01,0.01,37.01,1.1566809488006282
True,0.01,0.01,2.01,41.01,0.6761267610786796
False,0.01,1.01,0.01,42.01,0.6966323035369907
False,0.01,0.01,1.01,44.01,1.2008683897566452
True,0.01,1.01,2.01,51.01,0.8564715999482417
False,0.01,1.01,1.01,42.01,0.6383972304118481
False,2.01,1.01,0.01,33.01,1.1760697090400871
False,0.01,1.01,0.01,34.01,0.500620760582868
False,0.01,0.01,0.01,39.01,0.7352715284780744
False,0.01,0.01,4.01,41.01,0.9726809770160262
False,0.01,1.01,2.01,56.01,0.8604710427536515
False,1.01,0.01,1.01,48.01,1.2506274494655412
False,0.01,0.01,0.01,35.01,0.9894245305315299
False,1.01,0.01,0.01,37.01,0.9691148957301386
True,1.01,0.01,2.01,42.01,1.3571836392593088
True,0.01,1.01,0.01,46.01,1.440387320240017
False,0.01,0.01,0.01,52.01,0.8129927139279925
False,1.01,0.01,0.01,33.01,1.2650191678758964
True,0.01,0.01,3.01,36.01,0.8724666338867237
True,0.01,1.01,1.01,38.01,1.0028397320792988
False,0.01,0.01,3.01,49.01,0.7366822520481968
True,1.01,2.01,1.01,40.01,1.0794226934633704
False,0.01,1.01,1.01,40.01,1.3080644908980739
False,3.01,3.01,0.01,47.01,1.1984445787724405
True,1.01,1.01,1.01,44.01,1.085714843930368
True,1.01,2.01,1.01,46.01,1.110915480512667
True,0.01,2.01,1.01,38.01,1.3121458427971033
False,2.01,1.01,1.01,52.01,1.228822328711972
True,0.01,2.01,2.01,45.01,1.0025642274713262
False,1.01,1.01,6.01,45.01,1.0882062695443615
True,3.01,2.01,1.01,42.01,1.2714472196190456
False,0.01,0.01,0.01,35.01,0.9248979841278928
True,2.01,0.01,1.01,43.01,0.7981038300496266
True,0.01,0.01,0.01,48.01,1.142450775445442
True,0.01,0.01,0.01,37.01,1.6108777488882868
True,0.01,0.01,1.01,42.01,0.6052418734530653
False,0.01,0.01,1.01,51.01,0.8180609322272766
True,0.01,0.01,0.01,35.01,1.625333320574757
False,0.01,0.01,1.01,40.01,1.0821803510337085
False,0.01,0.01,2.01,57.01,0.8075486506564092
True,0.01,0.01,0.01,41.01,0.6550087111223447
False,0.01,0.01,0.01,38.01,1.3152896056233239
False,0.01,0.01,0.01,41.01,1.004331445763671
False,0.01,0.01,0.01,27.009999999999998,0.8980698682942028
True,0.01,0.01,2.01,35.01,0.7118860894038632
True,0.01,1.01,1.01,33.01,2.0425375814787237
False,1.01,0.01,0.01,49.01,1.3528128267481503
False,0.01,0.01,2.01,26.009999999999998,0.8999324393801169
True,0.01,0.01,0.01,38.01,1.0873380696937396
False,0.01,0.01,0.01,30.009999999999998,0.8883009374797901
False,0.01,0.01,1.01,44.01,0.5674995773093273
True,0.01,0.01,0.01,45.01,0.9778021159024387
False,0.01,1.01,0.01,42.01,1.4557933013547422
False,0.01,0.01,0.01,41.01,0.795278733937869
False,0.01,1.01,1.01,44.01,1.3394298579448953
False,1.01,0.01,0.01,37.01,0.5577806340989062
False,1.01,0.01,2.01,38.01,1.1065743939346704
True,1.01,0.01,0.01,46.01,1.2409797465416372
False,0.01,1.01,0.01,45.01,1.4964945410697368
False,0.01,1.01,0.01,35.01,1.0456250679710457
True,0.01,1.01,1.01,37.01,0.6217834140351798
True,0.01,0.01,2.01,30.009999999999998,1.683618708386806
False,0.01,5.01,2.01,40.01,1.4756143688164947
False,3.01,2.01,3.01,37.01,1.2881682801054501
True,0.01,0.01,0.01,37.01,1.1524294841127525
False,0.01,0.01,3.01,38.01,0.7088708615837099
False,0.01,0.01,1.01,41.01,0.4339867262178447
False,0.01,0.01,1.01,27.009999999999998,1.242671423885126
False,1.01,0.01,1.01,33.01,1.1279209555506788
True,0.01,0.01,1.01,46.01,0.9500502384031682
True,0.01,1.01,1.01,47.01,0.9596649400479595
False,0.01,0.01,1.01,38.01,0.9691623657196292
True,0.01,0.01,2.01,46.01,0.31547235023041476
False,0.01,1.01,0.01,38.01,0.9841142660605532
False,0.01,1.01,0.01,32.01,0.4446688157263972
False,0.01,0.01,1.01,35.01,0.7929639041595562
False,0.01,0.01,1.01,47.01,1.0715890723843888
False,0.01,0.01,0.01,46.01,0.5455257466878275
True,0.01,0.01,0.01,36.01,1.1691543062839882
True,0.01,0.01,1.01,36.01,1.6056424079356701
False,0.01,0.01,1.01,30.009999999999998,0.589847632459797
False,0.01,1.01,0.01,37.01,0.9829213107154284
True,1.01,0.01,0.01,34.01,0.7192389895006954
False,0.01,0.01,1.01,44.01,0.7437949745676962
True,0.01,1.01,0.01,42.01,0.4391543529226795
False,0.01,0.01,1.01,47.01,0.5800394243638073
False,2.01,1.01,1.01,54.01,1.0254369810620636
True,1.01,0.01,2.01,34.01,1.0127859769694134
True,0.01,0.01,1.01,40.01,0.7447360301569392
True,0.01,1.01,3.01,37.01,0.42769473472132613
True,0.01,1.01,1.01,38.01,0.6363986973233875
False,1.01,3.01,0.01,27.009999999999998,0.8218899178305196
True,1.01,0.01,1.01,49.01,0.6884075087740267
False,0.01,0.01,2.01,33.01,0.9268566003037314
False,0.01,0.01,0.01,28.009999999999998,1.0211563387190017
False,1.01,1.01,2.01,42.01,0.982361169304208
True,0.01,2.01,2.01,44.01,1.311233428880488
True,0.01,0.01,0.01,43.01,0.9760311489985756
False,0.01,0.01,2.01,49.01,1.2692415467473062
False,0.01,0.01,1.01,42.01,1.0606204773483519
True,0.01,1.01,0.01,32.01,1.0881521212925387
True,0.01,0.01,1.01,41.01,1.2648440574299835
True,0.01,0.01,1.01,52.01,0.8961791091413874
False,0.01,1.01,1.01,40.01,0.8334414213227439
False,0.01,0.01,0.01,23.009999999999998,1.1688973567931737
True,0.01,0.01,1.01,35.01,1.0092849684661338
False,0.01,0.01,1.01,47.01,1.2518387614797366
True,0.01,0.01,0.01,52.01,0.9643436223661475
False,0.01,0.01,2.01,52.01,1.0737032699686035
False,0.01,0.01,0.01,35.01,1.0065794638375283
False,0.01,0.01,0.01,46.01,0.5804117959360404
False,1.01,1.01,0.01,25.009999999999998,0.9414960160998589
False,0.01,1.01,1.01,47.01,1.1902339747006723
True,1.01,1.01,0.01,35.01,1.2566701587443327
False,2.01,1.01,0.01,38.01,1.1644358509106054
False,0.01,1.01,2.01,42.01,1.2961912154380206
False,1.01,0.01,0.01,43.01,0.4893130391463488
True,0.01,2.01,0.01,52.01,0.8224175594202973
False,1.01,1.01,1.01,55.01,1.0506285116264076
True,1.01,1.01,0.01,42.01,0.9836979101797987
True,1.01,3.01,1.01,38.01,1.0823270918364327
True,1.01,2.01,0.01,37.01,1.3704816725602633
True,1.01,1.01,1.01,36.01,0.6194548138452313
False,0.01,1.01,3.01,52.01,0.917769001890394
False,4.01,0.01,0.01,39.01,1.1599574759179718
False,3.01,2.01,0.01,42.01,1.440034596295557
True,5.01,0.01,1.01,37.01,1.2569631567298478
False,3.01,1.01,4.01,44.01,0.8531604411122488
True,0.01,6.01,1.01,38.01,1.5775022670539915
False,5.01,5.01,4.01,39.01,0.9770284782015083
False,0.01,0.01,1.01,45.01,0.6925726807514614
False,1.01,0.01,1.01,39.01,1.1469593637076354
False,0.01,0.01,0.01,36.01,1.0778217578952873
False,1.01,0.01,1.01,47.01,0.5880868221401099
False,0.01,0.01,1.01,40.01,0.8092985828224216
False,1.01,0.01,0.01,38.01,1.2956467636801732
True,1.01,0.01,2.01,46.01,0.7117833025738819
True,0.01,0.01,0.01,44.01,1.0381596099425696
False,0.01,0.01,0.01,42.01,1.3547580926803673
True,0.01,0.01,2.01,45.01,0.5026968022517558
False,0.01,0.01,1.01,37.01,1.5036990441043834
False,0.01,0.01,1.01,47.01,1.1383520756866818
False,0.01,0.01,0.01,48.01,0.6544970212890923
True,0.01,0.01,1.01,42.01,0.8086309903682495
True,0.01,0.01,2.01,43.01,0.7773214562137747
False,0.01,0.01,1.01,48.01,1.3018569149145915
False,1.01,0.01,1.01,43.01,0.5672546395784936
True,0.01,0.01,1.01,39.01,0.8358029075297314
False,1.01,1.01,0.01,44.01,0.6243341327162969
True,0.01,1.01,0.01,28.009999999999998,0.46746093567233693
False,0.01,2.01,0.01,45.01,1.0799781040132732
False,0.01,0.01,0.01,44.01,1.0147932309535483
True,0.01,0.01,0.01,39.01,0.9195727902704647
True,1.01,0.01,0.01,36.01,1.0529230257911106
True,0.01,1.01,0.01,49.01,0.8546801909655684
True,1.01,2.01,1.01,50.01,0.9898992643357438
True,0.01,0.01,2.01,35.01,0.6614433997972856
False,2.01,1.01,0.01,46.01,0.8529030046092076
True,0.01,0.01,0.01,29.009999999999998,0.9231384713487413
False,2.01,1.01,0.01,35.01,0.847207835535295
False,1.01,0.01,1.01,37.01,1.6898668880075356
True,3.01,3.01,5.01,48.01,1.1364513781201733
False,2.01,4.01,1.01,39.01,0.7055441612732472
False,0.01,0.01,0.01,40.01,0.9142442262888301
False,0.01,0.01,1.01,36.01,0.9392358206158583
True,1.01,0.01,1.01,45.01,0.3604395968784947
False,0.01,0.01,1.01,48.01,0.48337559921740675
False,0.01,0.01,0.01,40.01,1.5116730592847885
True,0.01,0.01,1.01,43.01,0.9234702199708764
False,0.01,0.01,0.01,42.01,1.0756026181559715
False,1.01,1.01,1.01,38.01,1.1304219373198203
True,0.01,2.01,0.01,34.01,1.0364691334393556
False,0.01,0.01,1.01,40.01,1.360029371866544
True,0.01,0.01,0.01,37.01,0.9723149813904258
False,0.01,0.01,1.01,40.01,0.9008439843152842
False,1.01,0.01,0.01,35.01,0.7161008863302292
True,0.01,1.01,1.01,41.01,0.8774483158014088
False,0.01,0.01,1.01,53.01,0.758218922623937
True,1.01,0.01,1.01,50.01,0.7099792004403376
True,0.01,1.01,0.01,44.01,2.0064675637296765
True,0.01,0.01,0.01,47.01,0.894924862050104
False,0.01,1.01,2.01,41.01,0.6357477788886556
True,0.01,0.01,0.01,53.01,1.104571739342049
True,1.01,4.01,2.01,38.01,1.2133988783250498
True,0.01,1.01,1.01,39.01,0.7340910978583821
False,2.01,1.01,1.01,47.01,0.8457498901819389
True,2.01,0.01,0.01,34.01,0.9180623794978013
False,1.01,2.01,1.01,36.01,0.6817077791608056
False,0.01,2.01,2.01,46.01,0.6658431839049561
False,0.01,1.01,2.01,43.01,0.549223161721758
False,2.01,2.01,0.01,38.01,1.2308493041641593
False,1.01,1.01,0.01,33.01,0.8944885201243944
False,1.01,1.01,2.01,39.01,1.2897001689185659
True,1.01,4.01,4.01,42.01,1.2013673574778703
False,2.01,3.01,2.01,42.01,1.2149502988339822
False,3.01,3.01,1.01,45.01,1.5704679841468567
False,0.01,0.01,0.01,37.01,1.23306381040583
True,0.01,1.01,1.01,36.01,0.9855864536406045
True,0.01,1.01,1.01,48.01,1.9262353727516246
False,1.01,0.01,1.01,32.01,1.2536362374754628
True,0.01,0.01,1.01,36.01,1.2862251694920004
True,0.01,0.01,1.01,34.01,1.1150087810452394
False,0.01,0.01,0.01,30.009999999999998,1.1560175008403915
False,0.01,1.01,0.01,36.01,0.6485652599952654
True,0.01,0.01,0.01,46.01,0.9643073188452514
False,1.01,0.01,1.01,43.01,0.732113350535169
False,0.01,0.01,0.01,42.01,0.7716058062891766
False,0.01,0.01,1.01,36.01,0.8379648378107825
False,0.01,1.01,0.01,35.01,1.1979892061986455
False,1.01,0.01,0.01,40.01,1.1828451762559866
True,0.01,0.01,1.01,41.01,0.7533485176429122
False,1.01,0.01,0.01,25.009999999999998,0.9674968115223342
True,1.01,0.01,1.01,38.01,1.0077987342472479
False,1.01,0.01,1.01,34.01,1.6856091896265635
False,1.01,1.01,0.01,39.01,0.9907003596099969
False,0.01,0.01,0.01,39.01,1.5938349277250257
False,1.01,0.01,0.01,33.01,0.6635436785436786
False,1.01,2.01,0.01,29.009999999999998,1.0247825268300994
True,1.01,0.01,1.01,38.01,0.6139212009207433
True,1.01,1.01,1.01,45.01,0.8806417772335879
False,0.01,3.01,1.01,45.01,0.897624881457758
True,1.01,0.01,0.01,46.01,0.8219423116692216
True,0.01,1.01,2.01,51.01,1.3749604188355522
True,3.01,0.01,1.01,40.01,0.9407995629984489
False,1.01,1.01,1.01,40.01,1.191845369308374
False,4.01,2.01,2.01,48.01,1.1684479211764625
False,3.01,2.01,1.01,36.01,0.7142229825378559
False,1.01,1.01,2.01,40.01,0.6006366992182931
False,4.01,7.01,8.01,33.01,1.1735685598945595
True,0.01,0.01,0.01,44.01,1.5237921895158737
False,0.01,1.01,1.01,46.01,0.9702205328053354
False,0.01,0.01,1.01,30.009999999999998,1.013739076901256
False,0.01,1.01,1.01,38.01,0.4694692387785284
True,0.01,0.01,1.01,49.01,0.5492538820828295
True,1.01,1.01,0.01,31.009999999999998,0.992416196459163
True,0.01,1.01,1.01,39.01,1.3219283356133886
False,0.01,1.01,1.01,46.01,1.040848289685831
True,0.01,0.01,1.01,36.01,1.4812082130118416
True,0.01,0.01,0.01,48.01,0.5899470435841782
False,0.01,0.01,1.01,43.01,1.2254441758455212
True,0.01,0.01,2.01,43.01,1.292828283624253
True,0.01,0.01,0.01,43.01,0.7392017428133582
True,0.01,0.01,0.01,35.01,0.8235165285351784
True,0.01,0.01,0.01,45.01,0.6030511703256417
False,0.01,1.01,3.01,53.01,0.9706348059629144
False,0.01,0.01,1.01,43.01,0.8073179442201063
False,0.01,0.01,1.01,51.01,0.8712416172235301
False,0.01,0.01,0.01,52.01,0.8179469627160024
True,0.01,0.01,1.01,39.01,1.2325922286023585
False,0.01,0.01,0.01,46.01,0.9412003088071556
False,1.01,0.01,1.01,48.01,0.823917531699479
False,0.01,0.01,1.01,43.01,0.479004427291731
False,1.01,0.01,0.01,42.01,1.2400724198868047
False,0.01,1.01,1.01,40.01,0.7059963804576596
False,2.01,0.01,2.01,35.01,1.0349891172403758
False,0.01,0.01,3.01,44.01,1.3147560477039117
False,2.01,2.01,2.01,51.01,0.6620376306800501
True,0.01,1.01,1.01,45.01,1.5380775987832804
True,1.01,0.01,0.01,47.01,1.2321917529625734
False,1.01,2.01,1.01,48.01,0.9329812218159644
True,2.01,2.01,4.01,32.01,0.8535333758350442
False,4.01,2.01,3.01,43.01,0.691695178358606
True,0.01,0.01,1.01,38.01,0.738113734397458
True,1.01,0.01,0.01,30.009999999999998,1.1209893388606875
False,0.01,0.01,0.01,44.01,1.053146474028827
True,0.01,0.01,0.01,36.01,0.9134261257709259
False,0.01,0.01,0.01,50.01,0.7667567511607759
False,0.01,0.01,0.01,43.01,1.6145715513142835
True,0.01,0.01,1.01,31.009999999999998,0.7202239442249583
False,0.01,1.01,0.01,31.009999999999998,1.229606016668995
True,0.01,1.01,1.01,35.01,0.9061895952111303
True,0.01,0.01,0.01,47.01,0.8295330733730167
False,1.01,0.01,1.01,36.01,0.6455569034022458
True,0.01,0.01,1.01,51.01,1.072444907022054
False,0.01,0.01,1.01,43.01,0.6932601095726213
True,1.01,0.01,0.01,30.009999999999998,0.7936358658620322
True,2.01,0.01,1.01,46.01,0.8050282464624514
False,0.01,2.01,1.01,30.009999999999998,0.9960760010932853
False,0.01,0.01,2.01,31.009999999999998,0.4801469077929033
False,0.01,1.01,1.01,41.01,1.5726047319694132
False,0.01,1.01,1.01,38.01,1.5100683041481895
False,0.01,1.01,1.01,36.01,1.0481547449799695
True,0.01,0.01,3.01,49.01,0.5936436527303037
False,1.01,0.01,0.01,43.01,0.7595202533684976
True,1.01,0.01,0.01,47.01,0.849285704605893
False,0.01,0.01,0.01,35.01,0.8987534129695364
False,2.01,0.01,0.01,36.01,0.6516297485392519
False,1.01,0.01,0.01,36.01,0.9559317112848127
False,2.01,0.01,3.01,32.01,0.78792587703302
True,0.01,1.01,0.01,30.009999999999998,0.4471476194056838
False,0.01,1.01,0.01,49.01,1.0806543693044954
True,0.01,3.01,3.01,45.01,0.9120376832015378
True,2.01,2.01,4.01,46.01,2.2932034344928622
True,1.01,2.01,5.01,28.009999999999998,0.9799882651059739
False,2.01,4.01,2.01,44.01,1.259719978818348
False,0.01,0.01,0.01,32.01,1.907348013010039
True,0.01,0.01,0.01,38.01,0.7325732002780535
True,0.01,2.01,2.01,38.01,0.5909545983942441
True,0.01,1.01,0.01,42.01,1.1946799093493055
False,0.01,0.01,0.01,38.01,1.2486781438943273
False,0.01,0.01,0.01,24.009999999999998,0.9576344534408263
True,0.01,0.01,1.01,39.01,0.7631719881687078
False,0.01,0.01,0.01,42.01,0.8776385090257685
False,0.01,0.01,2.01,42.01,1.2815650720187923
False,0.01,0.01,1.01,39.01,0.5581640601321453
True,0.01,0.01,3.01,38.01,0.8935808617489305
True,0.01,0.01,2.01,28.009999999999998,0.8057676033704563
True,0.01,0.01,0.01,41.01,0.8449302739468122
False,0.01,0.01,2.01,44.01,0.8105990775580327
True,0.01,2.01,1.01,42.01,0.5559026420439463
True,1.01,0.01,0.01,33.01,0.919699009626495
False,0.01,1.01,0.01,45.01,1.1540164741178591
False,0.01,1.01,0.01,35.01,1.4436225610481968
False,0.01,0.01,0.01,34.01,1.4432125462892529
False,0.01,1.01,0.01,33.01,1.589691105058274
True,4.01,1.01,1.01,43.01,1.9200390897087427
True,0.01,1.01,1.01,32.01,1.6016981490640576
False,0.01,0.01,1.01,30.009999999999998,1.3425436248502844
False,2.01,0.01,0.01,41.01,1.1214257144466924
False,1.01,1.01,2.01,40.01,1.6013354730581464
False,0.01,0.01,1.01,34.01,1.0482415477147704
False,1.01,0.01,0.01,35.01,1.3158052881125557
False,1.01,0.01,0.01,43.01,0.7244808080312474
True,2.01,1.01,1.01,44.01,1.4933953415593402
True,0.01,1.01,2.01,57.01,0.8321568689631142
False,0.01,0.01,1.01,46.01,1.2570453820165923
False,2.01,1.01,1.01,37.01,1.2935417984874507
True,3.01,3.01,5.01,52.01,1.4885734963494994
True,0.01,0.01,0.01,36.01,1.085816313944867
True,0.01,1.01,0.01,43.01,1.3623188945617175
False,0.01,0.01,2.01,39.01,1.0261624523853625
False,1.01,0.01,1.01,50.01,0.754814268589824
False,0.01,0.01,1.01,32.01,0.4749026352580583
False,0.01,0.01,0.01,43.01,1.1207717346306414
True,0.01,0.01,1.01,49.01,0.7348582683602778
True,0.01,1.01,2.01,48.01,0.6031755272807738
True,0.01,0.01,1.01,40.01,1.113556157928767
False,0.01,0.01,0.01,47.01,0.8166815470829629
True,0.01,1.01,1.01,34.01,1.2322832417484513
False,2.01,1.01,1.01,26.009999999999998,0.5876208864391586
False,0.01,0.01,0.01,36.01,0.5701656126867464
True,0.01,1.01,1.01,43.01,0.6122801300945317
True,2.01,0.01,0.01,31.009999999999998,0.9622336497055797
False,0.01,2.01,1.01,47.01,1.218857940843677
False,4.01,0.01,0.01,37.01,1.0669568307069706
False,1.01,2.01,0.01,43.01,1.7537161953861917
False,0.01,0.01,3.01,44.01,0.8834255424330684
False,4.01,1.01,2.01,38.01,1.3586520589297892
True,2.01,1.01,0.01,33.01,0.7830834257855552
False,2.01,1.01,0.01,41.01,0.760460381196419
False,3.01,3.01,1.01,33.01,0.9616337004802611
True,0.01,2.01,2.01,49.01,1.2620186973761764
False,1.01,0.01,5.01,40.01,0.859143637692231
True,3.01,1.01,1.01,37.01,1.4422233750608078
False,2.01,0.01,4.01,31.009999999999998,1.1143561943654705
False,4.01,1.01,2.01,34.01,0.960349031364069
False,9.01,2.01,2.01,41.01,1.5279927042241392
True,2.01,5.01,2.01,39.01,1.9655484962936232
False,1.01,7.01,2.01,40.01,1.029690279058936
True,6.01,10.01,3.01,42.01,0.8495666550374736
True,4.01,1.01,2.01,36.01,1.0435367277834298
True,0.01,0.01,0.01,45.01,0.8605478813303703
False,0.01,0.01,0.01,36.01,0.5235837168550992
False,1.01,0.01,1.01,41.01,0.8481926155281847
False,0.01,0.01,0.01,40.01,0.6752062946817251
True,0.01,0.01,0.01,37.01,0.6144933526512474
True,0.01,0.01,1.01,42.01,0.6952432601946076
False,1.01,1.01,0.01,43.01,0.9610685164604965
True,0.01,0.01,2.01,39.01,0.628972214181703
False,2.01,0.01,1.01,29.009999999999998,0.879227584406156
True,3.01,0.01,3.01,40.01,1.4021571906917718
True,0.01,1.01,1.01,35.01,1.0667353821539012
False,0.01,0.01,0.01,42.01,0.7272960625078603
False,0.01,0.01,0.01,36.01,0.9010244964392613
True,0.01,1.01,1.01,47.01,0.9022827883920268
True,0.01,1.01,0.01,37.01,0.8759682253243533
False,1.01,0.01,1.01,42.01,0.7044842113040537
False,0.01,0.01,0.01,30.009999999999998,0.9380595258984353
False,1.01,0.01,1.01,36.01,0.8167717884228078
True,0.01,4.01,0.01,42.01,0.8201653738418444
False,0.01,0.01,0.01,49.01,0.7817980168653919
True,1.01,0.01,1.01,29.009999999999998,0.6146917827731914
True,0.01,0.01,1.01,35.01,0.9482740031722652
False,2.01,1.01,1.01,49.01,0.7943737029958052
False,2.01,1.01,3.01,51.01,0.6824113436179498
True,1.01,0.01,1.01,36.01,0.6724144918557814
False,1.01,0.01,1.01,52.01,0.7539555397197286
False,0.01,0.01,1.01,38.01,0.969334499551612
False,3.01,1.01,1.01,43.01,0.6773529385999586
False,0.01,1.01,0.01,37.01,0.8816379999049722
False,0.01,1.01,0.01,42.01,1.600645010783125
True,1.01,3.01,0.01,49.01,0.6849795740605291
False,3.01,5.01,3.01,27.009999999999998,0.8270614145265202
False,0.01,1.01,3.01,40.01,1.3092074717102131
False,0.01,0.01,1.01,35.01,1.518800333613683
True,0.01,0.01,0.01,40.01,0.6736223762372879
False,1.01,0.01,1.01,38.01,0.9719721262252649
True,0.01,0.01,2.01,52.01,1.0270854358437196
False,1.01,0.01,1.01,41.01,1.0648193833005346
True,1.01,0.01,0.01,42.01,1.046004097108716
False,0.01,2.01,0.01,35.01,1.311684861437781
True,0.01,0.01,1.01,32.01,1.4713371116089222
True,0.01,1.01,1.01,38.01,1.3305824868587508
False,1.01,0.01,0.01,47.01,1.0721656477162633
False,0.01,0.01,0.01,47.01,0.8517320385275374
False,0.01,0.01,2.01,38.01,1.5878057084084247
True,1.01,0.01,0.01,45.01,0.8562480573908907
True,0.01,1.01,2.01,43.01,0.8539896196772017
False,0.01,0.01,0.01,35.01,1.3595773076762503
False,0.01,0.01,0.01,49.01,0.9974004802830803
False,0.01,0.01,0.01,43.01,1.5284717902055602
False,0.01,1.01,3.01,37.01,1.1962666961388186
False,0.01,0.01,0.01,36.01,1.528244638004948
True,1.01,0.01,0.01,30.009999999999998,0.9241416471303691
False,0.01,2.01,2.01,39.01,1.8483387400461029
True,0.01,0.01,1.01,34.01,1.5459607288137447
False,1.01,1.01,0.01,49.01,0.959320318545772
False,1.01,1.01,1.01,41.01,1.4204598307156553
True,2.01,0.01,1.01,44.01,1.0382761505411882
False,0.01,1.01,2.01,38.01,1.917977045868982
True,1.01,1.01,0.01,34.01,1.5296169516496723
False,3.01,4.01,2.01,40.01,1.4021252605706387
True,1.01,2.01,1.01,39.01,1.3684527172499077
False,1.01,0.01,3.01,42.01,0.8040722384326947
True,1.01,1.01,3.01,40.01,1.4370933222648499
True,4.01,7.01,2.01,53.01,1.4479837186377431
False,5.01,2.01,2.01,47.01,0.9882687012661981
False,0.01,0.01,2.01,50.01,0.6841236894105094
True,2.01,0.01,0.01,48.01,0.9037569955204303
False,0.01,1.01,1.01,39.01,0.85379504892376
False,0.01,1.01,0.01,42.01,1.1876202352156853
True,1.01,0.01,1.01,35.01,0.7182368730806199
False,0.01,0.01,1.01,30.009999999999998,1.2649498106165096
True,0.01,0.01,2.01,32.01,1.0114678451147558
True,1.01,0.01,1.01,43.01,1.2463041098566165
False,2.01,0.01,0.01,47.01,0.5296478462474603
False,0.01,0.01,0.01,44.01,0.8301859384413087
False,0.01,0.01,1.01,41.01,1.2461236021065742
True,1.01,0.01,1.01,43.01,0.9033446147015164
False,0.01,0.01,0.01,34.01,0.3947688540359511
True,0.01,1.01,0.01,29.009999999999998,0.7013445739700779
False,0.01,0.01,1.01,50.01,0.7060338151602568
False,0.01,1.01,0.01,43.01,0.6484546004594478
False,2.01,1.01,0.01,35.01,0.9795385672876129
True,1.01,0.01,0.01,35.01,1.0709988394195555
False,2.01,1.01,1.01,40.01,0.40685046036339134
False,2.01,0.01,0.01,43.01,1.0464079746246624
True,3.01,2.01,2.01,38.01,0.9746127663769385
False,1.01,1.01,1.01,46.01,0.7393409100663406
False,2.01,1.01,1.01,36.01,0.6084815799270027
False,1.01,0.01,2.01,33.01,0.5969978955118272
False,1.01,0.01,1.01,55.01,1.4016947189749243
False,3.01,0.01,0.01,24.009999999999998,0.663205100644413
True,2.01,2.01,0.01,35.01,0.5490324480616834
True,0.01,1.01,1.01,38.01,1.1948072480337297
False,3.01,2.01,0.01,38.01,1.1386265367829735
True,3.01,4.01,5.01,49.01,0.8506411789837819
False,1.01,2.01,1.01,33.01,1.09774946638911
True,3.01,1.01,1.01,38.01,1.8191332662482473
True,2.01,3.01,2.01,40.01,0.7321787199728376
False,0.01,0.01,1.01,52.01,0.4300394381237341
False,1.01,0.01,0.01,38.01,0.6587962635184944
False,1.01,1.01,0.01,40.01,0.7141713569654746
True,0.01,0.01,3.01,33.01,0.8456887470569115
False,0.01,0.01,0.01,40.01,0.7018884228004632
False,0.01,0.01,2.01,34.01,0.8191004157871038
False,0.01,1.01,0.01,28.009999999999998,0.8448523082334715
False,0.01,0.01,0.01,28.009999999999998,0.5628480883392395
False,0.01,0.01,1.01,53.01,0.7258520788293266
False,0.01,0.01,1.01,37.01,0.5087083190852841
True,0.01,0.01,2.01,32.01,1.029357357901018
False,0.01,2.01,0.01,42.01,1.3278666950706797
True,0.01,0.01,0.01,41.01,0.723865266818259
True,0.01,2.01,0.01,39.01,1.603952144455881
False,1.01,0.01,0.01,38.01,0.6724844842167041
False,1.01,0.01,0.01,38.01,1.095188052996803
False,0.01,1.01,3.01,45.01,0.7622227887198484
True,0.01,0.01,2.01,32.01,1.1854043697114796
True,1.01,0.01,1.01,33.01,1.0786254854047537
True,1.01,0.01,1.01,46.01,0.48989506657025833
False,0.01,0.01,0.01,31.009999999999998,0.9269836388182668
True,1.01,1.01,3.01,34.01,1.0104762142077761
False,2.01,0.01,1.01,33.01,1.0881639422309894
False,2.01,2.01,0.01,36.01,0.8653053579740003
False,1.01,3.01,3.01,37.01,1.3430293798285788
True,3.01,1.01,0.01,38.01,1.0938155488716514
False,1.01,2.01,3.01,40.01,1.3156437242885928
True,2.01,4.01,1.01,37.01,1.2421045179423036
True,4.01,1.01,0.01,42.01,1.1378278528939594
False,1.01,2.01,2.01,37.01,1.1388675213675212
True,0.01,8.01,1.01,30.009999999999998,1.2207546131980997
False,3.01,1.01,0.01,44.01,0.8816159619827515
False,2.01,3.01,5.01,58.01,0.8470325570544409
False,2.01,0.01,1.01,40.01,1.2076195518555561
False,0.01,0.01,2.01,51.01,1.2532761800945087
False,0.01,1.01,0.01,44.01,1.0895486589390928
True,0.01,1.01,0.01,32.01,0.758208659284504
True,0.01,0.01,1.01,41.01,0.9310980832427884
True,0.01,0.01,0.01,37.01,0.8942868134939163
True,1.01,1.01,0.01,31.009999999999998,0.5447228629863268
False,1.01,2.01,3.01,37.01,1.4835731078783856
False,1.01,1.01,0.01,52.01,1.439681992105336
True,1.01,1.01,0.01,37.01,1.0352223743787325
True,0.01,0.01,1.01,25.009999999999998,0.7568396909840912
False,1.01,1.01,0.01,36.01,0.6219634060461493
True,1.01,1.01,0.01,39.01,0.8182572617780934
False,1.01,1.01,1.01,36.01,1.2584059039607278
True,2.01,1.01,1.01,39.01,1.782511112788687
False,0.01,0.01,1.01,50.01,1.1737507413344659
True,1.01,1.01,1.01,41.01,0.9227990378177644
False,0.01,0.01,0.01,43.01,0.6387026314173544
False,1.01,1.01,2.01,39.01,1.0281020660012257
False,4.01,1.01,1.01,42.01,1.1166819105691057
True,3.01,4.01,1.01,28.009999999999998,1.3542364792645238
True,2.01,1.01,1.01,32.01,0.8045815979304671
False,2.01,2.01,0.01,38.01,0.6939268145815123
False,1.01,2.01,0.01,46.01,1.2426893809654405
False,1.01,0.01,0.01,41.01,0.9525796588458197
False,1.01,2.01,1.01,46.01,0.9829902954691209
False,3.01,4.01,0.01,45.01,0.8503230870043579
True,5.01,2.01,3.01,40.01,1.1648289508353054
False,6.01,1.01,0.01,45.01,1.0583268497002123
False,4.01,3.01,2.01,42.01,0.8884907452506028
False,2.01,3.01,5.01,41.01,1.0706752022946575
True,2.01,3.01,2.01,51.01,0.678584520015517
False,5.01,2.01,0.01,35.01,1.047655216953833
False,0.01,0.01,0.01,39.01,0.9917253297950078
False,0.01,0.01,2.01,45.01,0.605703875785554
False,0.01,0.01,1.01,42.01,0.9621596647105143
False,0.01,0.01,0.01,41.01,0.7512524989096998
True,0.01,0.01,2.01,39.01,1.121847679771551
True,1.01,1.01,0.01,56.01,1.0886921056866636
True,0.01,2.01,3.01,47.01,0.9192171059333566
False,0.01,1.01,2.01,35.01,0.8416904051256837
False,0.01,0.01,0.01,32.01,1.8740684406629249
False,0.01,0.01,0.01,40.01,0.682805819126792
True,0.01,0.01,1.01,36.01,1.0380313237752747
False,0.01,0.01,0.01,38.01,0.4398808282258493
False,0.01,2.01,1.01,35.01,0.991052159939355
True,1.01,0.01,0.01,49.01,0.5853053235803973
False,1.01,2.01,0.01,34.01,0.6947115273356794
False,1.01,1.01,1.01,36.01,2.0149546886520304
True,1.01,0.01,0.01,44.01,1.4493128279192575
False,1.01,1.01,2.01,47.01,1.0434282662631886
False,1.01,3.01,1.01,35.01,1.2494253191499303
False,1.01,2.01,0.01,32.01,0.7317727087591178
True,0.01,3.01,0.01,28.009999999999998,0.416327894383531
False,2.01,1.01,4.01,37.01,1.0636523007402383
True,0.01,1.01,0.01,45.01,0.9261977718534816
True,7.01,1.01,1.01,42.01,1.242798573470691
True,2.01,0.01,0.01,48.01,0.9602183214616214
True,1.01,0.01,0.01,45.01,0.38190478650054777
False,1.01,0.01,4.01,45.01,1.1275056506154393
True,3.01,1.01,0.01,42.01,1.053407663186431
False,3.01,2.01,2.01,37.01,1.0971809878134926
False,1.01,5.01,1.01,37.01,1.9747077004039872
False,9.01,6.01,1.01,47.01,1.1542007768848113
True,7.01,15.01,5.01,47.01,0.8919250673192702
False,5.01,3.01,3.01,38.01,0.3569781870968316
True,0.01,0.01,0.01,41.01,1.0471740741434705
False,1.01,0.01,2.01,48.01,1.0579688584839766
False,2.01,1.01,0.01,41.01,0.6312594884626158
True,0.01,1.01,0.01,39.01,1.361312292277532
False,1.01,2.01,1.01,48.01,0.9446046737852467
False,0.01,0.01,2.01,36.01,1.1210920543503793
False,0.01,0.01,0.01,55.01,0.9062387973043348
False,1.01,0.01,0.01,43.01,1.6126442602827848
False,0.01,1.01,0.01,38.01,1.2181776467841212
True,0.01,1.01,1.01,44.01,0.6562891869336418
False,0.01,1.01,0.01,53.01,0.6158389184909582
False,1.01,1.01,1.01,39.01,0.8021626947631251
True,0.01,1.01,1.01,35.01,0.5155143333714762
False,3.01,0.01,0.01,36.01,0.9936229462545253
True,4.01,2.01,0.01,44.01,0.811088238652693
True,1.01,2.01,0.01,30.009999999999998,1.2945560399821485
False,1.01,0.01,2.01,32.01,1.2234437735709847
False,2.01,2.01,1.01,49.01,0.8187784149151394
False,0.01,0.01,1.01,45.01,1.3512013164618035
True,2.01,1.01,0.01,38.01,0.6277526169862058
False,1.01,0.01,2.01,44.01,0.7306495592549901
False,1.01,3.01,0.01,40.01,0.8750197477284932
False,2.01,0.01,2.01,36.01,0.7837638903888522
True,4.01,1.01,1.01,45.01,1.569299798068192
False,1.01,2.01,3.01,37.01,1.1447421767665775
True,2.01,5.01,1.01,48.01,1.062992982975774
True,1.01,2.01,1.01,41.01,1.3914345099731977
True,2.01,6.01,2.01,46.01,0.8271287761728937
False,2.01,2.01,4.01,51.01,1.280197114744371
True,5.01,6.01,2.01,46.01,0.832377946784454
False,5.01,18.009999999999998,4.01,40.01,0.9737837473246006
True,5.01,2.01,1.01,48.01,0.5692425271352656
True,1.01,0.01,1.01,36.01,0.7657438371892082
True,0.01,1.01,0.01,39.01,1.0355479521306525
False,0.01,0.01,1.01,31.009999999999998,1.4773980573083147
True,0.01,0.01,0.01,40.01,1.1957356532864996
True,0.01,0.01,0.01,54.01,1.4386379216608485
False,1.01,0.01,0.01,42.01,1.0069737811494777
False,0.01,1.01,0.01,32.01,1.3195484003540268
False,2.01,0.01,2.01,52.01,0.7753674406669753
False,0.01,1.01,1.01,36.01,0.5972004419727939
False,2.01,0.01,1.01,39.01,0.8651356867533339
False,0.01,1.01,0.01,36.01,1.2227007764493893
False,1.01,0.01,0.01,43.01,1.2871308401155273
False,1.01,1.01,2.01,38.01,1.0758822985769019
False,0.01,0.01,1.01,35.01,0.9161091799926149
True,1.01,1.01,1.01,40.01,1.2250245212763466
False,0.01,1.01,0.01,39.01,1.2995367474751205
False,3.01,1.01,1.01,49.01,0.6452910194072791
True,1.01,1.01,0.01,36.01,0.8953307790420795
False,0.01,1.01,1.01,40.01,1.252533911610498
True,1.01,6.01,3.01,32.01,0.4980847122226433
True,1.01,3.01,2.01,31.009999999999998,0.8874579226894663
False,2.01,2.01,0.01,39.01,1.6937635635426551
False,2.01,4.01,1.01,37.01,1.438195700149455
True,0.01,3.01,2.01,48.01,0.811327316521282
False,4.01,1.01,0.01,37.01,1.2719648191475068
True,3.01,2.01,2.01,33.01,0.42317268154382265
True,1.01,2.01,1.01,33.01,1.067393342214551
True,2.01,1.01,3.01,32.01,1.1359761304172424
False,0.01,1.01,1.01,36.01,1.1838583099828948
False,3.01,2.01,0.01,52.01,1.1782180385480658
False,3.01,10.01,0.01,34.01,0.8444785335246238
True,12.01,3.01,2.01,45.01,1.5157116740129017
False,1.01,1.01,1.01,32.01,0.7279120239164867
False,0.01,1.01,1.01,30.009999999999998,1.679998069509516
False,0.01,2.01,0.01,35.01,0.6744105194431834
True,0.01,1.01,2.01,36.01,1.0022878264378796
True,0.01,2.01,1.01,31.009999999999998,0.6422546610226406
True,4.01,2.01,1.01,47.01,1.0734402936390903
False,0.01,1.01,4.01,29.009999999999998,0.8538061487221152
False,1.01,0.01,0.01,31.009999999999998,1.2839063941287499
False,2.01,0.01,0.01,52.01,0.7965932128902502
True,0.01,0.01,3.01,43.01,0.9634651403923224
False,0.01,0.01,3.01,45.01,0.5358687257483747
False,2.01,1.01,0.01,39.01,0.9468045934425642
False,0.01,0.01,1.01,35.01,1.329921261756417
True,1.01,2.01,0.01,34.01,0.6070805546913964
False,2.01,0.01,0.01,33.01,1.45445095133269
False,1.01,0.01,0.01,31.009999999999998,0.6854159493084651
True,2.01,1.01,0.01,39.01,0.7761388832343874
True,1.01,2.01,0.01,39.01,1.0853011500958678
False,0.01,1.01,3.01,39.01,1.4972431457349633
False,0.01,0.01,0.01,34.01,0.8753178916810875
True,2.01,2.01,5.01,35.01,0.8765183888889957
False,4.01,1.01,1.01,33.01,0.8156651722875364
True,1.01,3.01,0.01,38.01,0.8257409073736977
False,3.01,4.01,2.01,29.009999999999998,1.0750136719457208
True,2.01,3.01,1.01,34.01,1.1576106366661958
False,3.01,5.01,1.01,40.01,1.2530121519228863
False,2.01,6.01,3.01,49.01,0.9860396342222333
True,6.01,4.01,1.01,36.01,0.9088198740367806
False,1.01,4.01,2.01,42.01,0.9740179263195782
False,6.01,3.01,0.01,45.01,1.281184493610964
False,14.01,7.01,9.01,49.01,1.2839603065519538
False,12.01,5.01,5.01,31.009999999999998,1.1531813538904727
True,0.01,0.01,2.01,38.01,0.7349228600380674
False,3.01,0.01,0.01,39.01,0.7829608294544992
True,0.01,0.01,0.01,35.01,1.1235407049875685
False,0.01,0.01,1.01,38.01,1.3765244926068299
True,0.01,1.01,0.01,43.01,1.160685805789958
False,0.01,1.01,1.01,39.01,0.9354489812364576
False,0.01,1.01,3.01,42.01,0.9851175139409675
False,0.01,4.01,2.01,31.009999999999998,1.1635735288904268
True,0.01,1.01,3.01,39.01,0.6094232718382139
True,0.01,1.01,1.01,29.009999999999998,1.2438513875017398
False,4.01,1.01,2.01,47.01,1.1029249771161536
False,3.01,1.01,2.01,42.01,1.25782837940954
True,0.01,1.01,0.01,38.01,1.098030886884494
True,2.01,0.01,1.01,49.01,1.0374499837606035
False,1.01,3.01,0.01,40.01,0.6677222985656153
True,1.01,2.01,0.01,30.009999999999998,1.4801300232653771
True,1.01,0.01,1.01,33.01,1.4971515274929759
True,2.01,2.01,0.01,44.01,0.9504979191378362
False,3.01,2.01,2.01,33.01,1.0196514544413444
False,2.01,4.01,0.01,41.01,0.8958482868400788
False,2.01,4.01,3.01,32.01,0.9204536545872543
False,3.01,2.01,3.01,22.009999999999998,1.1261623060139168
False,4.01,1.01,1.01,31.009999999999998,0.9862389217329425
False,2.01,3.01,0.01,31.009999999999998,0.7729352147822053
False,4.01,1.01,3.01,33.01,1.0922075501717574
False,1.01,4.01,0.01,41.01,0.47858603279749334
False,3.01,5.01,1.01,33.01,1.6519047707230432
False,6.01,4.01,6.01,41.01,0.9559160020004671
True,2.01,2.01,3.01,41.01,1.3616561004047127
False,7.01,7.01,3.01,44.01,1.0212552886465929
False,10.01,6.01,3.01,32.01,1.0485550840438058
False,4.01,9.01,2.01,37.01,1.3068804174800075
False,0.01,1.01,2.01,48.01,1.2298108792585536
False,0.01,1.01,2.01,44.01,0.8635925602055353
True,0.01,0.01,1.01,35.01,1.0621974299245194
True,0.01,0.01,1.01,31.009999999999998,0.7341824090673
True,0.01,0.01,0.01,47.01,0.6250344827330506
False,0.01,2.01,4.01,45.01,1.3654300502456593
True,1.01,1.01,2.01,37.01,0.7665153418348253
True,1.01,0.01,0.01,54.01,0.8983824344820244
True,4.01,1.01,1.01,48.01,0.9018605980041324
True,0.01,0.01,1.01,43.01,0.9266203834934484
False,0.01,0.01,3.01,49.01,1.4718937735317046
False,0.01,0.01,2.01,35.01,0.6909174485645073
False,0.01,0.01,3.01,41.01,0.8628740298219825
False,1.01,2.01,2.01,43.01,0.8746828458504108
True,6.01,0.01,0.01,50.01,0.4834269134543122
False,2.01,3.01,3.01,39.01,0.8709599614913963
False,1.01,7.01,2.01,39.01,1.151703152655165
False,0.01,2.01,1.01,34.01,0.6841746728356902
True,4.01,1.01,1.01,43.01,0.8171657350175401
False,2.01,0.01,3.01,41.01,0.938287433210767
False,1.01,3.01,1.01,36.01,1.4223845804905975
True,4.01,2.01,1.01,35.01,1.678547133989325
False,3.01,3.01,0.01,43.01,1.7027166021727957
False,1.01,3.01,0.01,42.01,0.46739069699022806
False,5.01,4.01,0.01,34.01,1.0412736616057168
False,3.01,2.01,1.01,40.01,1.1992814623122046
False,2.01,6.01,2.01,43.01,1.7325274588235415
True,7.01,9.01,1.01,47.01,1.9486252816226446
True,4.01,9.01,1.01,44.01,1.0119361847303023
True,10.01,16.009999999999998,0.01,41.01,0.8800230997251121
False,9.01,8.01,0.01,43.01,1.0506102356280094
False,8.01,3.01,3.01,38.01,1.2901908337610102
True,1.01,1.01,2.01,44.01,0.8123624704024968
True,0.01,1.01,3.01,49.01,1.2689908786890212
True,0.01,1.01,0.01,43.01,0.803096279743765
False,2.01,0.01,5.01,47.01,0.6499620087625065
True,1.01,0.01,1.01,40.01,1.3190640958135185
False,1.01,2.01,2.01,39.01,1.5407237337729593
True,1.01,0.01,1.01,56.01,1.4119282318635222
False,2.01,1.01,1.01,53.01,0.5395794506342679
False,1.01,3.01,1.01,37.01,0.8178230720614335
False,3.01,2.01,0.01,51.01,1.2577016209175838
False,1.01,0.01,3.01,39.01,0.861407289883701
False,3.01,2.01,2.01,40.01,0.9595122933291979
True,0.01,0.01,1.01,37.01,1.9810538416293544
False,0.01,0.01,1.01,28.009999999999998,1.278364071260928
True,2.01,0.01,0.01,60.01,0.8856985238747299
True,2.01,4.01,0.01,35.01,1.1029465641629295
False,0.01,2.01,0.01,39.01,0.91814629171481
False,1.01,1.01,2.01,48.01,1.2694666942487491
False,1.01,3.01,2.01,39.01,0.5551620580811205
False,2.01,2.01,0.01,40.01,1.5154088553363405
False,4.01,3.01,3.01,37.01,0.8375908797306013
True,2.01,5.01,1.01,38.01,0.596964866239264
False,1.01,3.01,3.01,35.01,1.5248923925523925
True,1.01,3.01,1.01,44.01,1.588813299981942
True,10.01,2.01,1.01,48.01,1.649837269163212
False,9.01,1.01,1.01,33.01,0.7937008936837685
False,5.01,4.01,5.01,33.01,0.8604657100882575
False,8.01,4.01,2.01,39.01,1.0884060810452316
True,8.01,4.01,0.01,37.01,0.9917146874800796
True,8.01,7.01,1.01,40.01,1.613691621530991
False,17.009999999999998,9.01,4.01,36.01,1.1140368860002308
False,16.009999999999998,9.01,5.01,37.01,1.0771265021246201
False,0.01,0.01,1.01,42.01,0.7628362725316505
True,3.01,1.01,0.01,42.01,0.7441583651185317
True,2.01,0.01,2.01,44.01,1.1815177309696236
False,2.01,2.01,1.01,35.01,0.9418907404580338
False,1.01,1.01,2.01,36.01,1.2597328739501412
True,2.01,0.01,0.01,34.01,1.0352402350330787
False,2.01,1.01,2.01,50.01,0.5742153551069424
False,0.01,2.01,2.01,36.01,0.6369253157088102
True,1.01,1.01,0.01,50.01,0.6341579184549356
False,0.01,0.01,0.01,31.009999999999998,1.2291899032754587
True,1.01,2.01,0.01,42.01,0.6806574718481335
False,1.01,4.01,1.01,37.01,0.5111423761423761
True,3.01,4.01,2.01,37.01,0.9526875094967096
False,4.01,2.01,6.01,48.01,1.218370171283182
True,2.01,2.01,1.01,42.01,1.2059260967965015
True,2.01,2.01,1.01,39.01,1.5360917909891747
False,0.01,4.01,1.01,42.01,0.8987737363646605
True,3.01,2.01,4.01,42.01,0.9721313997294262
False,3.01,3.01,1.01,37.01,1.1227570221781338
True,0.01,4.01,2.01,43.01,0.9101578684309707
False,4.01,2.01,4.01,38.01,0.8476162508226252
True,1.01,2.01,1.01,40.01,1.2759387823770236
False,7.01,2.01,0.01,32.01,0.5224576003760423
True,0.01,6.01,3.01,45.01,0.8674240529504833
False,8.01,4.01,0.01,38.01,1.1669440153089417
True,3.01,9.01,1.01,30.009999999999998,0.7474179216144997
False,3.01,4.01,1.01,30.009999999999998,0.8602423683325113
False,11.01,3.01,2.01,41.01,0.8657122680633637
False,7.01,10.01,2.01,52.01,0.7637810745330996
False,6.01,5.01,0.01,38.01,1.3214741774186616
False,18.009999999999998,13.01,1.01,34.01,1.0589616666704766
True,15.01,19.009999999999998,2.01,34.01,1.4321069923515575
True,0.01,0.01,0.01,34.01,0.8349935722818049
False,0.01,1.01,1.01,45.01,1.101714844649966
True,1.01,1.01,5.01,39.01,0.9067151641104455
False,2.01,2.01,0.01,35.01,0.8853907724893738
True,3.01,1.01,2.01,44.01,0.9980198527076324
False,0.01,0.01,1.01,48.01,0.67833563533963
True,3.01,1.01,2.01,40.01,1.1247058807708732
False,2.01,2.01,0.01,39.01,1.164645117065684
True,1.01,3.01,3.01,46.01,1.590712147881409
False,3.01,2.01,2.01,47.01,1.4094729263111618
False,1.01,4.01,3.01,39.01,0.910774967566782
True,7.01,4.01,0.01,40.01,1.0574123409625327
True,2.01,4.01,0.01,40.01,1.1809078347749076
False,2.01,2.01,2.01,45.01,0.47831961453199484
False,2.01,1.01,1.01,34.01,1.4201636881838282
True,4.01,6.01,1.01,46.01,0.8596354978200322
False,3.01,3.01,2.01,36.01,0.7525407362363884
False,3.01,1.01,3.01,41.01,1.2108329082172162
True,5.01,6.01,0.01,37.01,1.191564969709064
False,5.01,3.01,1.01,46.01,1.2991095272277386
False,5.01,2.01,1.01,44.01,0.49049365612523965
False,8.01,8.01,1.01,41.01,0.6320656722649324
False,6.01,8.01,1.01,54.01,0.7477102922237561
False,7.01,5.01,1.01,36.01,0.7015927220165356
False,2.01,4.01,1.01,36.01,1.1182544822293838
True,7.01,11.01,0.01,45.01,0.9388006739794847
False,4.01,5.01,4.01,32.01,1.1372790535454051
True,8.01,8.01,2.01,40.01,1.4125031287101395
False,10.01,5.01,0.01,31.009999999999998,0.9866306933414477
False,18.009999999999998,10.01,3.01,27.009999999999998,0.9966233100288951
False,18.009999999999998,10.01,1.01,45.01,0.9437722762140586
False,19.009999999999998,24.009999999999998,3.01,35.01,0.7618381898092264
True,0.01,0.01,2.01,34.01,1.7770685469381415
False,0.01,0.01,0.01,55.01,1.4623435346015987
True,0.01,0.01,0.01,47.01,0.580818119666804
True,0.01,0.01,0.01,42.01,0.7221337164769368
False,0.01,0.01,0.01,26.009999999999998,0.977581793368621
False,1.01,2.01,0.01,42.01,1.0699447092182452
False,1.01,0.01,3.01,37.01,1.0015265740428216
True,0.01,1.01,0.01,52.01,0.6649474954504233
False,1.01,1.01,0.01,43.01,1.0989194435799918
True,0.01,0.01,0.01,45.01,1.0582696409241736
True,1.01,0.01,0.01,26.009999999999998,1.0873972706572999
False,0.01,0.01,0.01,38.01,0.9021178960562521
False,0.01,0.01,0.01,49.01,0.819555067340903
True,1.01,1.01,1.01,49.01,0.9008226337627886
True,2.01,0.01,1.01,49.01,1.2041934541285986
False,1.01,0.01,0.01,24.009999999999998,0.9558353233934279
False,0.01,1.01,1.01,34.01,0.8964197607564157
True,0.01,0.01,2.01,44.01,1.3033554891834735
False,0.01,1.01,0.01,40.01,1.63015342184307
True,0.01,1.01,0.01,38.01,1.0749868472958608
True,0.01,0.01,0.01,43.01,0.6945270962973559
False,1.01,1.01,0.01,44.01,1.0689326898978482
False,0.01,0.01,0.01,38.01,1.1291739384736996
True,0.01,0.01,1.01,48.01,0.9301724874346902
False,0.01,0.01,0.01,40.01,1.7559980300216556
False,0.01,0.01,1.01,44.01,0.5486374342358115
False,1.01,1.01,2.01,38.01,0.8168380942547011
False,2.01,2.01,1.01,44.01,1.5487419617090612
False,1.01,0.01,2.01,44.01,0.9837583313035833
True,4.01,1.01,4.01,41.01,0.973251516415996
True,1.01,1.01,2.01,35.01,1.261637322461928
True,0.01,13.01,1.01,37.01,1.721727711994675
False,3.01,2.01,1.01,47.01,1.2770600920215909
False,0.01,0.01,0.01,49.01,0.6398299269102701
True,0.01,1.01,1.01,40.01,1.1166692640755727
False,0.01,0.01,0.01,34.01,0.7256662920605843
False,0.01,0.01,2.01,29.009999999999998,0.9496264454699572
False,1.01,0.01,0.01,35.01,0.9406513633410436
True,0.01,0.01,0.01,45.01,1.0594412795812402
True,0.01,0.01,0.01,47.01,0.5756836871377585
True,0.01,0.01,0.01,42.01,1.3126727126832887
False,0.01,0.01,0.01,47.01,1.224303849677958
True,0.01,0.01,1.01,36.01,0.6548022740200747
False,0.01,0.01,1.01,35.01,1.4603562015046283
True,0.01,0.01,0.01,38.01,0.8904840170522089
False,0.01,0.01,1.01,36.01,0.7097130020088404
False,0.01,0.01,1.01,30.009999999999998,0.8459138757909943
False,1.01,0.01,2.01,44.01,0.55035143018487
False,1.01,0.01,1.01,44.01,0.7420665564598831
True,0.01,0.01,0.01,49.01,0.9712849724547343
True,0.01,0.01,1.01,40.01,0.807448385776391
True,0.01,0.01,0.01,46.01,1.0520211031760331
False,0.01,0.01,2.01,36.01,1.1165314874425303
False,0.01,0.01,0.01,33.01,0.8947266853841187
True,1.01,0.01,1.01,43.01,1.2713220178586067
False,0.01,0.01,0.01,38.01,1.4456231304772658
False,0.01,1.01,0.01,49.01,0.5115858868800045
True,0.01,1.01,3.01,45.01,0.7869006675585624
False,0.01,2.01,1.01,41.01,0.846007323683329
True,2.01,1.01,1.01,34.01,1.473100772059064
False,1.01,0.01,1.01,50.01,1.0583674606632862
True,0.01,2.01,1.01,42.01,1.1836644506016207
True,0.01,2.01,0.01,34.01,0.7784007414897202
True,2.01,1.01,5.01,37.01,0.653287076804597
True,4.01,2.01,6.01,56.01,1.7549977283529916
False,0.01,1.01,1.01,44.01,1.6494726530122048
True,1.01,1.01,1.01,42.01,1.2368783912166266
False,0.01,0.01,1.01,41.01,0.8370481411472047
True,0.01,0.01,1.01,41.01,0.8900665096340271
False,0.01,0.01,0.01,32.01,0.9103971708024542
True,0.01,0.01,0.01,53.01,0.7259177644349077
False,0.01,0.01,0.01,36.01,1.1198553351487985
True,0.01,0.01,0.01,43.01,0.8357121944078465
True,0.01,0.01,0.01,46.01,1.012330342795819
False,0.01,0.01,2.01,45.01,0.713651096923919
True,0.01,0.01,0.01,42.01,1.2420897351222004
True,0.01,0.01,0.01,29.009999999999998,0.5594903965860741
False,0.01,1.01,1.01,41.01,1.1867083950517117
False,1.01,0.01,1.01,39.01,1.4210733111676146
True,0.01,0.01,1.01,37.01,1.0061636074414506
True,0.01,0.01,0.01,41.01,0.9734108404140533
False,0.01,0.01,1.01,35.01,1.3200176741794691
False,0.01,0.01,0.01,29.009999999999998,2.034768480827216
False,0.01,1.01,0.01,52.01,0.9610655417846335
False,0.01,0.01,1.01,25.009999999999998,1.5442311826519204
False,0.01,2.01,1.01,44.01,0.836680031438096
True,0.01,3.01,0.01,40.01,1.051982857249632
False,2.01,1.01,0.01,50.01,0.9297218322218322
False,0.01,1.01,2.01,43.01,1.0613020401203124
True,0.01,0.01,1.01,36.01,0.7673036420160205
True,2.01,0.01,1.01,43.01,1.1877070836955657
True,0.01,2.01,0.01,32.01,1.5404535036062326
False,0.01,3.01,1.01,38.01,0.909884662377245
False,4.01,0.01,1.01,40.01,1.5231540775706098
False,0.01,3.01,1.01,50.01,0.8063089046668643
False,2.01,2.01,3.01,45.01,0.8886905717550092
False,4.01,1.01,4.01,31.009999999999998,1.4440444973749045
True,2.01,1.01,1.01,35.01,0.9648448577702013
False,2.01,1.01,3.01,37.01,1.401695409051425
False,0.01,0.01,0.01,40.01,1.433029738141111
True,0.01,0.01,0.01,35.01,0.6268763482404456
False,0.01,0.01,0.01,41.01,0.59458804381513
False,0.01,0.01,0.01,33.01,0.7635736588578459
False,0.01,0.01,1.01,48.01,0.8359784155374468
False,0.01,0.01,1.01,33.01,0.9298204693236348
True,1.01,0.01,0.01,38.01,0.854185185289064
True,0.01,0.01,0.01,44.01,0.6114850620269376
True,0.01,0.01,0.01,41.01,0.5031046223069554
False,0.01,0.01,1.01,30.009999999999998,1.1459440320063385
False,0.01,0.01,0.01,31.009999999999998,1.3625283395995387
True,0.01,1.01,0.01,29.009999999999998,0.6687502025910197
True,0.01,0.01,2.01,46.01,0.982297909575934
False,1.01,1.01,1.01,41.01,1.1540636190382325
False,0.01,0.01,0.01,38.01,0.9431331948293931
False,0.01,0.01,2.01,46.01,0.6137308701094181
False,0.01,0.01,1.01,32.01,1.5913012385263026
False,0.01,0.01,1.01,36.01,0.7181754835048627
False,0.01,0.01,0.01,34.01,1.053685864843028
True,2.01,0.01,0.01,48.01,0.9086506878584976
True,0.01,0.01,2.01,36.01,0.5217258843314534
False,0.01,0.01,0.01,45.01,0.6821139311558831
False,1.01,0.01,1.01,43.01,1.140615477922745
True,1.01,1.01,2.01,31.009999999999998,0.4150803694445525
False,0.01,1.01,0.01,38.01,0.6390662008365245
False,1.01,1.01,0.01,42.01,0.7871606201912275
False,1.01,2.01,1.01,55.01,1.3014980767641071
False,0.01,1.01,1.01,39.01,1.1551230184622676
True,0.01,1.01,2.01,30.009999999999998,0.8908278697662257
True,1.01,3.01,0.01,50.01,1.2444466025971135
True,0.01,1.01,3.01,34.01,0.6448607041945278
True,2.01,0.01,1.01,43.01,0.8217914949472802
True,1.01,2.01,2.01,38.01,1.0352730181319403
False,0.01,0.01,0.01,35.01,1.0306746577620836
True,0.01,0.01,0.01,37.01,1.0250272828413116
False,0.01,0.01,0.01,49.01,0.832969972204405
False,0.01,0.01,0.01,38.01,1.0444658743403992
True,0.01,0.01,1.01,44.01,0.9814044307934345
False,0.01,0.01,1.01,28.009999999999998,0.9543856047350996
False,1.01,2.01,1.01,52.01,0.698001596005061
True,1.01,0.01,1.01,38.01,0.5093901728942615
False,0.01,0.01,2.01,38.01,0.47442885057416734
False,0.01,0.01,1.01,31.009999999999998,0.9042425741863996
True,0.01,0.01,2.01,37.01,0.5980696877865858
False,0.01,0.01,1.01,35.01,1.3002190785939012
True,0.01,0.01,0.01,32.01,0.7300983221733064
True,1.01,0.01,0.01,36.01,0.8590145678590904
False,0.01,0.01,0.01,33.01,0.6740886793038023
False,0.01,0.01,0.01,31.009999999999998,1.074155636030636
False,1.01,0.01,1.01,50.01,1.2137894798597768
False,1.01,0.01,0.01,43.01,0.5553913346605723
False,0.01,0.01,2.01,36.01,1.1147219785078881
True,0.01,0.01,2.01,31.009999999999998,1.2622537348272644
False,0.01,0.01,0.01,44.01,0.9848529697895717
False,2.01,0.01,0.01,39.01,0.9155526411106617
False,1.01,0.01,0.01,38.01,0.5255110769448338
False,1.01,2.01,2.01,43.01,0.7906753476875429
True,1.01,0.01,1.01,38.01,0.7947795326366756
True,1.01,2.01,2.01,35.01,0.805346998872729
False,1.01,0.01,2.01,32.01,0.9784298089115575
False,2.01,0.01,0.01,36.01,0.5401344084455705
True,1.01,0.01,0.01,34.01,0.4477298611752394
False,0.01,1.01,0.01,45.01,1.1373562796143442
True,0.01,2.01,1.01,42.01,0.8275692934516463
False,0.01,2.01,1.01,44.01,0.9240065891567228
True,0.01,1.01,2.01,40.01,1.050822668033358
False,0.01,0.01,2.01,44.01,0.6153194786778374
False,0.01,1.01,1.01,44.01,0.7500772589799427
True,0.01,1.01,1.01,54.01,0.7844102417473927
True,0.01,0.01,1.01,48.01,1.2464684506896324
False,0.01,1.01,1.01,37.01,0.46538640330933556
True,0.01,1.01,0.01,33.01,0.7323168847852886
False,0.01,0.01,1.01,41.01,1.3551702319255783
True,0.01,0.01,0.01,56.01,1.0159765573626165
False,0.01,0.01,0.01,39.01,0.9751281613150102
False,0.01,1.01,1.01,32.01,0.9444432828952951
False,1.01,0.01,0.01,39.01,0.7506235100359413
False,1.01,0.01,1.01,46.01,0.8430306295030514
False,0.01,0.01,0.01,46.01,1.1743069007378837
False,2.01,0.01,0.01,34.01,1.1410439163402428
False,0.01,0.01,1.01,47.01,0.9549205266946329
False,0.01,0.01,1.01,40.01,1.456351305405925
True,0.01,1.01,1.01,42.01,1.0856712237084374
True,1.01,0.01,3.01,40.01,0.8616075529512748
False,1.01,0.01,1.01,54.01,0.9497843966746063
True,1.01,1.01,1.01,50.01,0.7425686443028757
True,1.01,0.01,0.01,45.01,0.7703650212098411
True,0.01,1.01,0.01,33.01,0.6638208802607409
True,1.01,0.01,0.01,44.01,1.5091145966987576
False,3.01,3.01,3.01,45.01,1.2773755497780985
True,1.01,3.01,1.01,49.01,1.0986839708414895
True,0.01,3.01,3.01,35.01,1.6271846171854238
False,2.01,0.01,4.01,38.01,1.1803955017914973
False,3.01,3.01,1.01,46.01,1.4042903964653917
False,4.01,1.01,3.01,33.01,1.127651639615281
True,5.01,2.01,1.01,38.01,1.3807357984239876
False,2.01,3.01,2.01,42.01,1.0098477652565618
False,5.01,2.01,4.01,36.01,1.6960958041450034
False,1.01,2.01,1.01,41.01,1.0853517519611413
True,0.01,0.01,2.01,47.01,1.0010634556962896
False,0.01,0.01,1.01,38.01,0.8770215226617327
True,0.01,0.01,2.01,41.01,1.1592164569622578
False,0.01,0.01,0.01,34.01,0.9313989533704675
True,0.01,0.01,2.01,33.01,0.7649648599702616
True,0.01,0.01,0.01,41.01,0.9406640796490578
False,0.01,0.01,0.01,43.01,0.6094545793747264
True,0.01,1.01,2.01,43.01,0.6959156263828938
True,0.01,0.01,1.01,44.01,1.3866035262794338
False,0.01,0.01,1.01,33.01,0.9767092710913464
True,0.01,0.01,1.01,37.01,0.6474659735920096
False,0.01,0.01,0.01,40.01,1.3826872876816816
True,0.01,1.01,1.01,26.009999999999998,1.4403178388449183
True,0.01,0.01,0.01,34.01,0.5358465358089418
False,0.01,0.01,0.01,45.01,1.0508421464166875
False,0.01,0.01,0.01,43.01,0.5583583240490502
True,0.01,2.01,0.01,37.01,0.995866177953482
False,0.01,0.01,2.01,42.01,0.8532160145879941
True,2.01,0.01,1.01,32.01,1.1216223443735784
True,0.01,1.01,2.01,43.01,0.9289747189203711
True,0.01,0.01,1.01,45.01,0.675061906315504
False,1.01,1.01,2.01,42.01,0.8700985896107849
True,0.01,0.01,0.01,45.01,1.510646567578616
True,1.01,0.01,1.01,50.01,0.8174459168990994
False,0.01,2.01,1.01,41.01,0.7038098497871995
False,0.01,0.01,0.01,40.01,1.2922836407802758
False,0.01,0.01,0.01,35.01,0.5711900201897601
False,1.01,0.01,1.01,48.01,0.949888902449762
False,4.01,2.01,2.01,45.01,0.7724074559277926
False,2.01,0.01,1.01,45.01,0.7196025792719752
False,1.01,2.01,2.01,37.01,0.7345034716642821
True,3.01,1.01,1.01,40.01,1.3176048678100185
True,3.01,0.01,3.01,50.01,1.3883666358822089
False,0.01,0.01,0.01,37.01,1.0533387710863473
False,0.01,0.01,2.01,42.01,1.1079914288005668
False,0.01,0.01,0.01,41.01,0.4115451536599235
False,0.01,0.01,3.01,43.01,0.7417927211374682
True,0.01,0.01,0.01,38.01,1.7865635413274286
True,0.01,1.01,0.01,34.01,0.66093053618258
False,0.01,1.01,1.01,47.01,1.074596304023486
True,0.01,0.01,1.01,51.01,0.8340254484368318
True,0.01,0.01,1.01,39.01,1.1394419140942693
False,1.01,1.01,0.01,38.01,0.8362179803246002
False,1.01,1.01,0.01,37.01,0.8562590625748521
False,1.01,0.01,0.01,45.01,0.6866933833344555
False,2.01,0.01,2.01,39.01,1.3186649236817507
False,0.01,0.01,0.01,34.01,0.8769770386668845
False,0.01,0.01,1.01,38.01,0.8196192222612689
True,1.01,0.01,0.01,41.01,0.644675177763413
False,0.01,1.01,1.01,46.01,0.8153864725303062
False,0.01,0.01,1.01,36.01,1.0151942099618037
True,2.01,1.01,1.01,25.009999999999998,0.8754104068369131
True,1.01,0.01,0.01,45.01,0.7048190205260658
False,0.01,2.01,2.01,41.01,0.7143056273031242
False,0.01,1.01,1.01,28.009999999999998,0.8881426179837317
False,2.01,1.01,2.01,38.01,0.7217571968655614
True,0.01,0.01,0.01,44.01,0.6441920579420581
True,1.01,2.01,0.01,34.01,0.7142291219466947
False,1.01,2.01,1.01,40.01,0.7287734685313623
True,1.01,2.01,1.01,47.01,0.9647122095185224
True,0.01,2.01,3.01,33.01,0.8103507798137111
False,1.01,3.01,1.01,40.01,1.1306497858238094
True,1.01,7.01,1.01,44.01,1.7837709272171147
False,4.01,6.01,3.01,33.01,0.7798520569844101
True,3.01,2.01,3.01,44.01,1.2676624384051356
True,3.01,3.01,3.01,36.01,1.101883926350976
False,0.01,0.01,0.01,41.01,1.1245647574246644
True,2.01,0.01,0.01,36.01,1.1977653896207872
True,0.01,0.01,2.01,56.01,0.9653173644481574
True,0.01,0.01,0.01,49.01,1.023355582427559
True,0.01,0.01,1.01,42.01,0.5951883212064402
False,0.01,0.01,0.01,47.01,0.5969458079137693
False,0.01,1.01,1.01,58.01,1.0052815576028657
True,0.01,0.01,0.01,34.01,0.8376094461681816
False,0.01,0.01,0.01,32.01,0.9394716401449528
True,0.01,0.01,1.01,44.01,0.928409441159068
False,0.01,0.01,1.01,25.009999999999998,1.054517978825454
True,1.01,0.01,1.01,47.01,1.1783852957137442
True,0.01,0.01,0.01,44.01,1.0228440885034034
True,0.01,0.01,2.01,49.01,1.2053030559641
False,0.01,0.01,2.01,41.01,0.8649253358425352
False,2.01,0.01,0.01,42.01,0.743804811871295
False,1.01,0.01,0.01,35.01,0.9768869490004085
False,0.01,0.01,0.01,38.01,0.5158033906524618
False,1.01,0.01,1.01,33.01,0.7800856002037645
True,0.01,1.01,1.01,42.01,0.9911056254323322
False,0.01,0.01,1.01,31.009999999999998,0.8972877145925319
False,0.01,1.01,1.01,38.01,1.289536745327189
False,0.01,0.01,4.01,38.01,1.0578776840189883
False,2.01,0.01,0.01,39.01,1.0046726105451609
False,1.01,0.01,1.01,35.01,1.016418744939829
False,1.01,0.01,2.01,34.01,1.016223358908781
True,2.01,1.01,0.01,33.01,1.2592986589329842
False,1.01,0.01,3.01,43.01,0.3228113407525172
False,1.01,0.01,0.01,31.009999999999998,1.2112888915558548
True,1.01,0.01,0.01,26.009999999999998,0.5115977192158837
True,3.01,2.01,2.01,37.01,1.4042665500910856
False,3.01,2.01,0.01,34.01,1.0663176680572986
False,4.01,1.01,2.01,33.01,1.0513840257396159
True,1.01,0.01,1.01,35.01,1.3110123529603401
False,0.01,0.01,0.01,38.01,1.2402189266831916
True,0.01,0.01,0.01,40.01,1.2012465703797652
False,0.01,0.01,0.01,35.01,0.8899293777719801
False,0.01,0.01,2.01,47.01,0.7167307717609942
True,0.01,1.01,0.01,42.01,0.8457308491012538
True,1.01,0.01,0.01,41.01,1.436970371398693
False,0.01,0.01,1.01,41.01,1.2666545840776249
False,0.01,0.01,2.01,45.01,1.7033879446532811
False,0.01,1.01,0.01,41.01,0.9679313947069861
True,1.01,0.01,1.01,37.01,1.029770436731097
False,0.01,1.01,1.01,42.01,0.9641714773575676
True,1.01,2.01,1.01,47.01,1.2642815340640816
False,1.01,1.01,2.01,31.009999999999998,1.2076994840308897
False,0.01,1.01,1.01,42.01,1.1530859685424362
False,0.01,0.01,1.01,37.01,0.8572553436754335
False,3.01,1.01,0.01,31.009999999999998,0.4094818988201341
False,1.01,0.01,1.01,36.01,0.9667765308798039
False,2.01,1.01,1.01,37.01,0.9110208993904645
True,0.01,2.01,2.01,49.01,1.5325039901250648
False,3.01,2.01,1.01,43.01,1.1164260954986502
False,2.01,2.01,2.01,52.01,1.4105653566392107
False,2.01,0.01,2.01,39.01,0.710602512246164
True,1.01,1.01,1.01,44.01,0.851022841536024
False,3.01,2.01,0.01,42.01,1.1271544554062962
False,1.01,0.01,1.01,31.009999999999998,1.0965448857315192
False,1.01,0.01,0.01,53.01,1.5528435220639865
True,0.01,2.01,2.01,48.01,1.401716998292819
True,0.01,4.01,1.01,37.01,0.8311501184363431
False,4.01,1.01,1.01,49.01,1.29927698814496
True,4.01,2.01,1.01,44.01,1.4100536056425714
True,1.01,4.01,0.01,45.01,0.9134789520245774
True,2.01,1.01,1.01,34.01,1.518627160967556
False,0.01,0.01,1.01,46.01,0.9817340642930479
False,0.01,0.01,0.01,33.01,1.0174213337094076
False,0.01,0.01,0.01,40.01,0.7073724533531023
True,1.01,1.01,1.01,39.01,0.9447358068608668
True,1.01,0.01,0.01,42.01,0.7690155450984874
False,0.01,0.01,2.01,35.01,0.9209395542452803
False,1.01,0.01,0.01,40.01,1.041009816889192
False,1.01,0.01,0.01,42.01,0.963968737168865
True,0.01,0.01,3.01,44.01,1.2351310956244541
False,1.01,2.01,2.01,35.01,0.8592852016197097
False,0.01,0.01,0.01,46.01,0.8451990028895406
False,0.01,0.01,2.01,47.01,0.882881544836419
False,2.01,0.01,1.01,48.01,0.5544112118653199
True,0.01,0.01,1.01,41.01,0.6727616416987833
False,0.01,0.01,2.01,45.01,1.1291174389308156
False,1.01,1.01,0.01,43.01,0.9460700263741983
False,0.01,2.01,0.01,47.01,0.7243036817576539
True,0.01,0.01,1.01,45.01,1.2630817872915994
True,1.01,1.01,0.01,37.01,1.1855303661644918
True,0.01,0.01,2.01,41.01,1.0221332090652577
False,1.01,0.01,0.01,35.01,1.3053963262152917
False,1.01,0.01,0.01,44.01,1.0870239157142298
True,2.01,0.01,0.01,38.01,1.1596377222576664
True,1.01,2.01,2.01,40.01,1.2926833146754215
True,3.01,2.01,0.01,40.01,1.2607244245922562
False,0.01,1.01,1.01,39.01,1.0014601159991192
False,3.01,0.01,1.01,42.01,0.6867067300361652
False,1.01,1.01,1.01,31.009999999999998,1.0718861985668706
False,2.01,1.01,2.01,44.01,1.3396214600855743
True,2.01,0.01,1.01,41.01,0.9126802112494286
True,0.01,2.01,2.01,40.01,0.7743644343455409
False,3.01,2.01,2.01,38.01,1.475517805114056
False,3.01,4.01,5.01,36.01,0.8796051460757344
False,0.01,0.01,0.01,40.01,0.9234868090750444
False,0.01,0.01,5.01,44.01,1.0988382156497545
False,1.01,0.01,1.01,37.01,0.7466363726139692
False,0.01,0.01,2.01,48.01,0.9432606452175955
True,1.01,0.01,1.01,41.01,0.9003094590682137
True,0.01,0.01,0.01,40.01,1.1623853433357065
False,1.01,0.01,0.01,38.01,1.1798447886038952
True,0.01,0.01,1.01,41.01,1.3439294185796944
False,0.01,0.01,0.01,28.009999999999998,1.2563834189518457
True,1.01,0.01,0.01,40.01,0.5260435759560663
False,0.01,2.01,1.01,37.01,0.5705035255252302
True,0.01,0.01,0.01,41.01,0.7245646543142603
False,0.01,0.01,0.01,47.01,1.2118782461754727
False,1.01,0.01,0.01,40.01,0.9081708004885753
False,2.01,0.01,1.01,44.01,1.2488056906884837
False,1.01,0.01,1.01,33.01,1.9201697419246473
True,1.01,0.01,1.01,56.01,0.6274817478376384
False,1.01,0.01,1.01,42.01,1.0604227495501253
True,0.01,1.01,2.01,32.01,0.8518879875175385
True,3.01,1.01,1.01,42.01,1.222994683488042
True,0.01,1.01,0.01,36.01,1.16542764941235
False,2.01,2.01,0.01,41.01,0.9745505681001926
False,0.01,0.01,0.01,37.01,0.6543503154180903
True,2.01,2.01,1.01,36.01,1.2399969840577043
False,1.01,0.01,1.01,40.01,0.7821892891208135
False,3.01,2.01,1.01,43.01,0.8494539380876726
True,1.01,1.01,3.01,39.01,0.8027366731970312
False,3.01,1.01,3.01,31.009999999999998,1.8491042467711722
True,0.01,0.01,2.01,46.01,0.7583981168430622
False,4.01,0.01,3.01,38.01,1.653908190311521
True,0.01,3.01,3.01,32.01,0.7633277476070159
True,4.01,4.01,3.01,43.01,2.3702731611279195
False,5.01,6.01,1.01,51.01,1.5081882180472903
False,0.01,0.01,3.01,37.01,1.1823522117092309
True,0.01,0.01,0.01,39.01,0.6666956396268693
False,0.01,0.01,1.01,40.01,0.8369504419314175
True,0.01,0.01,2.01,35.01,0.8335099036561676
False,0.01,0.01,0.01,40.01,0.8296471268508434
True,0.01,0.01,0.01,54.01,0.5231981076783334
False,0.01,0.01,1.01,48.01,0.8506112730473847
False,1.01,0.01,1.01,40.01,0.8049029494911646
True,1.01,0.01,2.01,42.01,0.9990590805731773
False,1.01,0.01,0.01,44.01,1.0125371417783022
True,0.01,1.01,0.01,29.009999999999998,0.7822899159827261
False,0.01,1.01,3.01,43.01,0.5931344192107557
True,0.01,0.01,1.01,24.009999999999998,0.8681917150267339
True,0.01,1.01,2.01,36.01,0.9097544853957127
True,0.01,1.01,0.01,36.01,1.458380992863595
False,0.01,1.01,0.01,37.01,0.41861855089296507
False,0.01,0.01,1.01,43.01,1.5278721504986097
False,0.01,0.01,1.01,48.01,1.1728445729203525
False,3.01,0.01,1.01,33.01,0.9338138614131455
True,0.01,2.01,0.01,49.01,1.2725915001970693
False,2.01,1.01,0.01,30.009999999999998,0.9062411421668434
False,1.01,1.01,1.01,49.01,1.1284396888049977
False,0.01,2.01,0.01,42.01,0.7611857203609121
False,3.01,1.01,1.01,42.01,0.9773456053826352
True,1.01,1.01,2.01,43.01,0.7838859464692556
False,0.01,3.01,2.01,39.01,0.7187014140937965
True,1.01,0.01,3.01,40.01,1.4597526412005104
False,1.01,3.01,3.01,32.01,1.0300670390386941
True,1.01,3.01,3.01,32.01,1.2202829754694773
False,2.01,2.01,3.01,33.01,1.5258174934338817
False,5.01,5.01,2.01,41.01,0.739084264028529
True,4.01,5.01,4.01,31.009999999999998,1.289517131760121
True,5.01,6.01,1.01,37.01,1.0872122004429514
True,0.01,0.01,0.01,41.01,0.9397914863539306
False,1.01,1.01,1.01,41.01,1.4230877562412556
False,1.01,0.01,1.01,45.01,1.1424725730664422
True,0.01,0.01,1.01,46.01,0.6911112605064648
False,1.01,0.01,1.01,44.01,0.968890048704142
True,0.01,0.01,1.01,30.009999999999998,2.4432728024577703
False,0.01,0.01,0.01,43.01,0.7456287830754635
True,0.01,1.01,0.01,39.01,1.3403629562087553
True,0.01,1.01,1.01,49.01,0.7126170385244772
False,1.01,0.01,0.01,46.01,0.7476572663106795
False,1.01,0.01,1.01,35.01,0.84511109736164
False,1.01,0.01,2.01,32.01,0.6297805410622667
False,0.01,0.01,0.01,40.01,1.4276797697598564
True,1.01,1.01,3.01,43.01,1.1297932082959472
True,0.01,1.01,0.01,34.01,0.8959894289892526
False,0.01,3.01,0.01,38.01,0.7850920977804539
True,0.01,1.01,1.01,46.01,0.8024940505349226
False,1.01,0.01,1.01,47.01,0.6695160651912442
False,0.01,0.01,3.01,46.01,0.7494111384442101
False,0.01,0.01,0.01,50.01,0.9812829489919546
False,1.01,3.01,1.01,42.01,1.1618388442714604
False,1.01,0.01,0.01,47.01,0.7325196569261642
False,1.01,2.01,2.01,37.01,0.9760826332010032
False,0.01,1.01,2.01,51.01,0.5893178598670589
True,2.01,2.01,0.01,46.01,1.1333100279021893
True,3.01,0.01,0.01,31.009999999999998,0.9274219528898371
False,0.01,1.01,3.01,51.01,0.8981501431693246
False,0.01,1.01,0.01,49.01,0.883157949444476
True,2.01,0.01,1.01,41.01,1.022879722812229
False,0.01,3.01,0.01,36.01,1.2418441938178781
False,3.01,0.01,0.01,56.01,1.3762615584255502
True,3.01,6.01,5.01,48.01,0.9922394059595597
False,2.01,5.01,3.01,49.01,1.2340323277017629
False,0.01,0.01,1.01,48.01,1.1973550393485168
False,0.01,0.01,0.01,47.01,1.079640435670306
True,0.01,0.01,1.01,47.01,1.0353733050395675
True,0.01,0.01,1.01,51.01,0.3794030959698997
True,2.01,0.01,0.01,45.01,1.1009469550473263
False,0.01,0.01,1.01,32.01,0.7502350315505123
True,1.01,1.01,2.01,41.01,0.8410917683881222
False,1.01,0.01,1.01,35.01,1.2088062915729316
True,0.01,0.01,2.01,64.00999999999999,1.1998221787881729
False,0.01,0.01,2.01,38.01,1.3021034531985296
True,0.01,1.01,1.01,49.01,0.6273435084215006
True,0.01,0.01,0.01,53.01,1.1928406843116872
False,1.01,1.01,2.01,49.01,0.8245250506627922
False,1.01,1.01,0.01,34.01,0.8879645699253544
False,0.01,0.01,1.01,43.01,0.9357791943459095
True,1.01,0.01,2.01,29.009999999999998,0.8814517536000387
False,0.01,0.01,1.01,33.01,0.973239359158755
True,0.01,0.01,0.01,52.01,0.5655691300261674
False,1.01,0.01,0.01,39.01,0.8280318706830192
True,0.01,0.01,2.01,40.01,0.8490979860731157
False,3.01,1.01,2.01,52.01,0.6144046789736445
True,0.01,1.01,0.01,43.01,0.7120393811880257
False,1.01,1.01,1.01,42.01,1.1537409624316648
False,5.01,1.01,2.01,48.01,0.9599333070274456
False,1.01,0.01,2.01,55.01,0.865544440771301
True,0.01,0.01,0.01,43.01,1.4598212987476866
False,4.01,0.01,0.01,48.01,0.9599042095230058
False,1.01,2.01,1.01,39.01,0.8843763504561133
False,4.01,1.01,1.01,39.01,1.2191991180735466
True,2.01,7.01,4.01,35.01,0.9334887142857988
False,4.01,5.01,1.01,43.01,0.6764982219066343
False,7.01,3.01,1.01,52.01,1.4205719661602012
False,4.01,6.01,5.01,33.01,0.8116672728607165
False,0.01,1.01,1.01,35.01,1.608603497584657
False,0.01,0.01,1.01,50.01,1.1955708799395495
True,0.01,0.01,0.01,39.01,1.1734832945003635
True,1.01,0.01,1.01,42.01,0.8785878800603936
True,0.01,0.01,0.01,46.01,0.899861854132114
False,1.01,1.01,0.01,44.01,1.6569544134865848
False,1.01,0.01,1.01,36.01,1.3053979851636812
False,0.01,1.01,0.01,45.01,1.3718506077142085
False,0.01,0.01,0.01,37.01,0.9555404650589217
False,1.01,0.01,1.01,43.01,1.6098616463479316
True,1.01,0.01,0.01,49.01,0.9817103102748522
True,0.01,0.01,1.01,45.01,0.6746579511455553
True,1.01,0.01,2.01,31.009999999999998,1.3019719994922978
False,0.01,0.01,1.01,45.01,1.6382106570187067
False,0.01,0.01,0.01,37.01,1.0804165422551926
False,0.01,2.01,1.01,36.01,0.9782981858014941
True,2.01,1.01,1.01,38.01,1.3060443687433405
False,1.01,0.01,3.01,35.01,0.9237874804866819
True,2.01,2.01,2.01,33.01,0.7022702751112995
False,0.01,1.01,3.01,43.01,1.2166927261892937
False,2.01,2.01,2.01,48.01,1.0820804430509638
True,0.01,1.01,0.01,46.01,1.011046059413824
False,1.01,1.01,2.01,37.01,0.8235897091453356
True,2.01,2.01,2.01,43.01,0.9694733241973041
False,3.01,0.01,2.01,39.01,1.146386344444348
True,1.01,0.01,3.01,40.01,1.4348872506245973
False,1.01,2.01,0.01,40.01,0.7490836131785804
True,3.01,3.01,1.01,37.01,0.5505103953412224
False,0.01,0.01,1.01,36.01,0.8817506345803104
True,3.01,0.01,0.01,40.01,1.2905115472104502
True,1.01,0.01,2.01,32.01,1.1387150831679367
True,4.01,4.01,2.01,37.01,0.9618086893115994
False,4.01,3.01,1.01,39.01,0.4600241863263686
False,0.01,0.01,0.01,41.01,0.7566276748329208
False,0.01,0.01,2.01,39.01,0.9755725551462094
False,0.01,0.01,1.01,53.01,1.5116095512900622
True,1.01,1.01,0.01,32.01,1.019560251163091
True,0.01,0.01,1.01,39.01,0.5346116015309379
False,1.01,0.01,1.01,33.01,0.7315987395418038
True,0.01,1.01,0.01,38.01,1.1862577010320148
False,0.01,0.01,0.01,47.01,1.1592836498289536
True,0.01,0.01,0.01,41.01,0.6664506720313557
True,0.01,0.01,1.01,38.01,1.8671319449233672
False,0.01,0.01,5.01,37.01,0.8595189857941858
False,0.01,0.01,0.01,44.01,1.1576430197784122
False,0.01,1.01,1.01,43.01,1.0543527878088417
False,0.01,0.01,1.01,34.01,1.0572662429359827
True,1.01,1.01,0.01,35.01,1.1217117828825154
True,0.01,2.01,0.01,41.01,0.8404283557278661
False,0.01,0.01,0.01,31.009999999999998,1.1453591956046907
False,1.01,0.01,1.01,34.01,0.7479184621633134
True,0.01,0.01,0.01,47.01,1.2017411570187884
False,1.01,1.01,1.01,44.01,1.1546754871325813
False,0.01,0.01,0.01,25.009999999999998,1.0237894548281312
True,0.01,1.01,0.01,36.01,0.7531264250033237
True,2.01,0.01,0.01,47.01,1.57377891030351
False,0.01,0.01,0.01,36.01,1.308928504105248
True,0.01,1.01,0.01,39.01,0.8220376935217727
False,1.01,0.01,0.01,37.01,0.9954588256629793
False,3.01,1.01,1.01,33.01,1.0374001105610202
False,0.01,0.01,0.01,38.01,1.1074055612748408
False,1.01,2.01,1.01,38.01,1.078033005425516
True,2.01,0.01,3.01,34.01,0.9272631790946083
True,1.01,0.01,2.01,42.01,0.6146563348381621
False,2.01,3.01,0.01,40.01,1.220495259281169
False,1.01,1.01,2.01,37.01,0.7838024739534779
True,0.01,0.01,1.01,49.01,0.5835228551666288
True,0.01,1.01,0.01,26.009999999999998,1.2908421456813333
True,0.01,0.01,1.01,32.01,0.7915127566230086
True,0.01,0.01,0.01,30.009999999999998,0.6934005568087476
False,0.01,0.01,1.01,37.01,0.5386877450477267
False,0.01,0.01,0.01,45.01,1.7464213854727897
False,0.01,0.01,1.01,41.01,0.851675904187346
False,0.01,0.01,1.01,45.01,1.2176500455318928
False,0.01,1.01,1.01,24.009999999999998,0.9713337433459386
True,1.01,1.01,2.01,37.01,0.9139718474501084
False,0.01,0.01,1.01,40.01,0.844209165588832
False,1.01,0.01,0.01,32.01,1.1252244974901338
False,1.01,2.01,0.01,43.01,1.011780332729058
False,0.01,0.01,0.01,33.01,0.9283872631948448
False,1.01,0.01,2.01,36.01,0.8121267443877426
False,1.01,1.01,2.01,42.01,1.4738930464174786
False,0.01,0.01,1.01,44.01,1.6344799981707203
False,0.01,0.01,0.01,29.009999999999998,1.1410082770736742
False,2.01,0.01,0.01,36.01,0.5816828922711275
True,0.01,1.01,1.01,35.01,1.2845788783619552
True,1.01,1.01,0.01,40.01,0.501348676296212
False,1.01,2.01,2.01,47.01,1.0161445644895852
False,0.01,4.01,0.01,42.01,1.1990599472552173
True,1.01,2.01,0.01,40.01,0.8222355583225148
False,0.01,1.01,4.01,40.01,1.040517636422145
True,3.01,0.01,2.01,45.01,0.8311261418964091
True,2.01,2.01,2.01,38.01,1.2524041315672874
False,4.01,0.01,2.01,31.009999999999998,1.6375872671745921
True,1.01,5.01,0.01,31.009999999999998,1.0727633598672028
False,4.01,2.01,1.01,49.01,1.2600518325482795
True,1.01,3.01,0.01,45.01,1.0176420782049662
True,1.01,2.01,0.01,37.01,1.7926134428687415
False,5.01,3.01,2.01,39.01,1.343180832591818
True,0.01,0.01,0.01,36.01,1.0322007209038577
True,0.01,1.01,2.01,36.01,1.6603371785850167
True,0.01,0.01,1.01,36.01,1.38219479194973
False,0.01,0.01,0.01,34.01,0.8145310119534868
False,0.01,0.01,0.01,34.01,0.392426948630189
True,0.01,0.01,0.01,45.01,0.863045094131626
False,0.01,0.01,1.01,41.01,0.931380013808168
False,0.01,0.01,0.01,39.01,0.6916789500398294
False,0.01,1.01,0.01,42.01,0.8805537024973654
False,0.01,0.01,1.01,33.01,1.1919261501041634
False,2.01,1.01,0.01,44.01,0.7891506805369765
False,0.01,1.01,1.01,46.01,0.5328130300498721
True,0.01,1.01,4.01,39.01,0.9123502564514228
True,0.01,0.01,1.01,44.01,0.4769979088821328
False,0.01,0.01,1.01,40.01,0.5921136933760963
False,0.01,0.01,0.01,37.01,1.2585654474621855
False,1.01,0.01,1.01,41.01,1.1978041225117586
True,0.01,2.01,0.01,48.01,0.9982622215165712
False,0.01,4.01,0.01,49.01,0.31515848885414105
False,0.01,0.01,2.01,33.01,1.3142082622530662
False,0.01,2.01,0.01,37.01,1.1619630417735296
True,0.01,2.01,1.01,47.01,1.2087338007652768
False,0.01,0.01,1.01,49.01,0.9459197963845574
True,2.01,4.01,0.01,31.009999999999998,1.2414663745118477
True,0.01,2.01,0.01,28.009999999999998,1.3443267400448249
True,0.01,0.01,2.01,40.01,0.6315543270503099
True,2.01,3.01,0.01,45.01,1.0105731927806367
False,2.01,1.01,2.01,48.01,1.4503120248700534
False,0.01,1.01,2.01,30.009999999999998,0.6132395167475813
False,3.01,1.01,3.01,30.009999999999998,1.0928237028850083
False,2.01,5.01,1.01,43.01,0.7030123477514032
False,4.01,2.01,3.01,36.01,0.8655393942626877
True,7.01,1.01,2.01,45.01,1.3607326606974428
False,0.01,0.01,0.01,51.01,0.6193698470412085
False,1.01,0.01,4.01,47.01,0.631866722346262
True,1.01,0.01,1.01,45.01,0.7594691845184932
False,0.01,0.01,0.01,40.01,1.2813396094772238
True,0.01,0.01,0.01,41.01,0.7948202316052213
True,0.01,0.01,1.01,36.01,1.5346899813196468
False,0.01,0.01,2.01,36.01,0.6609658874315424
False,0.01,0.01,0.01,41.01,0.7426117908968898
False,0.01,0.01,0.01,37.01,0.8533036829308315
False,0.01,1.01,0.01,39.01,1.2622001387820883
False,1.01,0.01,0.01,36.01,0.8875277661818262
False,1.01,1.01,0.01,31.009999999999998,1.0179476953233977
False,0.01,1.01,2.01,45.01,0.6232844742224745
True,0.01,1.01,0.01,32.01,0.42352936907856814
False,0.01,0.01,1.01,40.01,1.1849296902419262
True,0.01,0.01,0.01,39.01,1.131270601686561
True,0.01,3.01,0.01,45.01,1.059843341773615
True,3.01,2.01,1.01,39.01,1.3159753640096232
True,0.01,0.01,1.01,48.01,0.8046963684463685
True,3.01,0.01,4.01,38.01,0.8656539336749117
False,0.01,2.01,3.01,52.01,1.244209903763794
False,0.01,1.01,1.01,55.01,1.4240808587853537
False,0.01,0.01,1.01,39.01,0.7997278707260127
True,4.01,2.01,1.01,39.01,0.8092309129324758
True,0.01,1.01,0.01,47.01,1.1995462995373833
False,3.01,3.01,1.01,41.01,0.9207434654594898
False,2.01,5.01,2.01,29.009999999999998,0.9014733374862686
False,1.01,1.01,3.01,48.01,0.9607573710545635
False,4.01,3.01,0.01,34.01,1.3360617922346034
False,0.01,0.01,1.01,49.01,0.9628624153283514
True,3.01,2.01,4.01,35.01,0.8231328055869058
False,2.01,1.01,1.01,45.01,1.0212698850856743
False,4.01,3.01,0.01,36.01,1.0492020991904438
False,0.01,1.01,0.01,33.01,0.8386072820188708
True,0.01,0.01,1.01,42.01,1.223401121487647
True,0.01,0.01,1.01,42.01,1.5152740711170953
True,0.01,0.01,2.01,39.01,1.6977444023025527
False,0.01,1.01,2.01,45.01,1.1815547432238829
False,1.01,0.01,0.01,39.01,1.8300009085244895
False,1.01,0.01,1.01,47.01,1.1038152715500889
True,1.01,0.01,1.01,42.01,0.9533422097374519
True,0.01,0.01,2.01,45.01,1.7083621953302803
False,2.01,0.01,3.01,47.01,1.3577830264951318
True,0.01,0.01,1.01,32.01,0.9674541250294435
True,1.01,0.01,0.01,41.01,1.0409714116293065
True,0.01,0.01,1.01,38.01,1.0237362521695124
True,1.01,0.01,1.01,23.009999999999998,1.394324219719511
False,0.01,0.01,2.01,48.01,0.8139864464917402
False,1.01,1.01,3.01,36.01,0.8713809163128599
True,0.01,0.01,1.01,37.01,0.8990448057947557
True,2.01,0.01,0.01,47.01,1.570094521086094
True,2.01,1.01,0.01,40.01,1.3790246133413955
False,1.01,0.01,0.01,40.01,1.08325777806114
False,1.01,2.01,1.01,40.01,0.8693636724916493
False,2.01,3.01,1.01,45.01,0.9972690617962529
False,6.01,1.01,0.01,36.01,1.0893324218264975
False,2.01,5.01,0.01,43.01,1.424258421390373
False,2.01,3.01,0.01,35.01,1.478762207193281
False,2.01,3.01,0.01,44.01,0.897296744854132
True,3.01,7.01,1.01,44.01,1.913421153665739
False,6.01,4.01,1.01,38.01,1.7954344879391853
False,5.01,3.01,1.01,32.01,1.458593015464974
True,3.01,10.01,2.01,38.01,1.2833727880704051
False,8.01,4.01,6.01,38.01,1.3363657827044555
True,9.01,5.01,8.01,36.01,1.1376564376591538
True,2.01,1.01,2.01,37.01,1.2983214750801257
True,1.01,0.01,0.01,49.01,1.009993773939145
False,0.01,1.01,1.01,33.01,1.141588409253294
True,0.01,2.01,0.01,42.01,0.9465166263399485
False,0.01,0.01,2.01,36.01,0.619637554566094
False,0.01,0.01,1.01,33.01,0.9456070358297785
False,0.01,0.01,2.01,32.01,1.278889213389409
False,0.01,0.01,1.01,35.01,0.9887464870744717
True,0.01,0.01,2.01,32.01,0.9489571569199033
False,0.01,0.01,0.01,43.01,0.6314519176475697
False,0.01,0.01,0.01,42.01,1.577075818698139
True,0.01,2.01,0.01,34.01,1.068868734844901
False,0.01,1.01,1.01,54.01,1.3603170384899608
False,1.01,0.01,3.01,38.01,1.077700016346686
True,1.01,0.01,0.01,49.01,1.071738767569812
True,2.01,1.01,2.01,45.01,1.09471937950013
False,3.01,2.01,1.01,45.01,1.2335164673783392
False,2.01,0.01,1.01,43.01,0.6861777276653318
True,0.01,1.01,0.01,41.01,0.6413859045488114
False,3.01,1.01,0.01,37.01,0.6966702360239243
False,1.01,0.01,2.01,36.01,1.2809256608759128
False,3.01,1.01,1.01,36.01,0.6242327642865664
False,2.01,3.01,1.01,34.01,0.9277318810882682
True,2.01,1.01,2.01,49.01,1.4218996435399764
False,1.01,5.01,1.01,44.01,1.5246295928524842
True,4.01,1.01,0.01,45.01,0.9625309753774477
False,2.01,1.01,3.01,38.01,1.3639060229651672
False,1.01,0.01,4.01,51.01,0.9940281547477118
True,2.01,3.01,3.01,39.01,0.547383236122732
False,1.01,3.01,1.01,32.01,0.7296563660925363
False,2.01,5.01,0.01,39.01,0.9216340578809313
True,6.01,3.01,2.01,37.01,1.5628534895399258
True,0.01,0.01,0.01,37.01,0.7701058685220628
True,0.01,0.01,1.01,36.01,0.4253358404085148
False,0.01,0.01,0.01,39.01,0.9407355379728468
True,0.01,1.01,0.01,42.01,0.951876678769145
False,0.01,0.01,1.01,43.01,1.0621574799619278
False,0.01,0.01,0.01,52.01,1.0696208741367395
True,0.01,1.01,1.01,38.01,0.9827381058445408
True,1.01,0.01,0.01,46.01,0.8828144418791697
False,1.01,0.01,3.01,48.01,1.2628938935422658
False,0.01,0.01,0.01,42.01,1.422805682351887
True,0.01,1.01,1.01,39.01,0.8191892891621081
True,1.01,0.01,0.01,40.01,0.955111290985109
False,0.01,0.01,0.01,36.01,0.8582497850027127
False,0.01,1.01,1.01,38.01,1.2273723145368107
False,1.01,0.01,1.01,43.01,0.5470978478410978
True,0.01,0.01,0.01,33.01,1.1042295535165876
False,0.01,1.01,1.01,35.01,1.1307414265014557
False,0.01,1.01,0.01,38.01,1.31194163731989
False,2.01,0.01,0.01,43.01,0.7532387382312165
True,0.01,1.01,0.01,33.01,0.7316849171993604
True,0.01,0.01,2.01,34.01,1.1739826362404802
True,0.01,0.01,1.01,45.01,1.309850900927994
False,1.01,2.01,0.01,38.01,1.0460089163099273
False,0.01,0.01,3.01,41.01,1.455975219316871
False,3.01,1.01,1.01,38.01,1.07387853418559
False,1.01,3.01,1.01,44.01,1.1437733866734754
True,0.01,0.01,2.01,53.01,1.1527720568511477
True,0.01,2.01,2.01,35.01,1.6274960475704128
True,1.01,0.01,1.01,38.01,1.650096272372074
True,3.01,1.01,4.01,30.009999999999998,1.29833370172837
False,2.01,1.01,2.01,38.01,0.8660545051469349
False,1.01,2.01,5.01,44.01,0.9471542217212999
True,0.01,2.01,3.01,43.01,0.8031715837135983
False,0.01,0.01,0.01,42.01,0.8439149414323742
False,0.01,0.01,0.01,45.01,0.6919542934291926
True,0.01,0.01,1.01,39.01,1.1629445462737995
False,0.01,0.01,3.01,36.01,1.079867116489001
False,0.01,0.01,1.01,39.01,1.1682772127415684
True,0.01,0.01,2.01,43.01,0.9676805884933892
False,0.01,1.01,0.01,40.01,0.9899531991261314
False,0.01,0.01,1.01,37.01,0.511681571435766
False,2.01,0.01,0.01,35.01,0.7438365803665654
False,0.01,1.01,0.01,35.01,0.8079633595053114
False,0.01,2.01,0.01,38.01,1.5236531756248874
True,0.01,0.01,1.01,45.01,0.9202531660924049
False,1.01,0.01,1.01,42.01,1.0621920218284704
False,0.01,1.01,2.01,24.009999999999998,0.8715454365507099
True,1.01,0.01,0.01,28.009999999999998,0.6218977046232529
False,1.01,0.01,0.01,44.01,1.0624757622040353
False,0.01,0.01,1.01,45.01,0.7440232109178686
False,0.01,1.01,0.01,44.01,0.8373797290321695
False,0.01,0.01,1.01,44.01,0.7599234102650494
True,2.01,1.01,0.01,42.01,0.9494313414923038
True,0.01,0.01,2.01,36.01,1.1059079267607501
True,0.01,1.01,2.01,51.01,1.0029639021793786
False,0.01,0.01,3.01,37.01,0.87881462002022
True,1.01,1.01,1.01,45.01,1.3514971138332394
False,0.01,0.01,1.01,39.01,1.3005295041664444
True,0.01,0.01,2.01,36.01,0.5564267104150723
True,1.01,3.01,0.01,38.01,0.6738181254905496
False,1.01,2.01,2.01,41.01,1.5620825979222446
True,0.01,2.01,1.01,35.01,1.1282605816921818
True,4.01,3.01,2.01,41.01,0.6488959336377257
True,4.01,2.01,5.01,39.01,1.0808949374905934
False,0.01,1.01,2.01,54.01,1.2587475902695657
True,1.01,2.01,5.01,34.01,0.9228427920588416
False,0.01,0.01,1.01,47.01,0.5959947570502634
True,0.01,0.01,0.01,40.01,0.8070743264260609
True,0.01,0.01,0.01,38.01,1.4052494146880807
True,0.01,0.01,3.01,44.01,0.9408935614179423
False,0.01,0.01,0.01,49.01,1.004698992383103
False,0.01,0.01,0.01,32.01,0.9017057996398131
False,0.01,0.01,0.01,45.01,0.7417648754808116
True,0.01,0.01,1.01,39.01,0.7312838065765369
False,0.01,0.01,1.01,39.01,1.2692298091576186
True,0.01,0.01,0.01,39.01,1.3816706772908818
True,0.01,0.01,0.01,36.01,0.8000004961749405
False,0.01,0.01,0.01,41.01,0.6725601095362764
False,1.01,0.01,0.01,48.01,1.3173452892738973
False,0.01,0.01,1.01,43.01,0.7376893621004377
True,0.01,0.01,1.01,42.01,0.787200530153937
False,0.01,0.01,0.01,32.01,0.6671568912716791
False,0.01,0.01,2.01,46.01,1.7748667011473245
False,0.01,1.01,0.01,46.01,0.6882850402922766
False,0.01,0.01,1.01,43.01,0.9701351135318526
False,1.01,0.01,2.01,39.01,1.107996336688704
False,0.01,0.01,0.01,34.01,0.7730117751419625
False,2.01,0.01,1.01,47.01,0.8682036741524894
False,0.01,0.01,1.01,36.01,1.0529431516196222
True,0.01,1.01,0.01,44.01,1.403097339960739
False,0.01,0.01,0.01,38.01,1.1373757948535446
True,0.01,0.01,1.01,46.01,0.9940354744284176
True,2.01,0.01,2.01,50.01,1.413852486183496
False,2.01,2.01,1.01,30.009999999999998,0.9194452759745113
True,1.01,0.01,0.01,50.01,1.1827466375711893
True,1.01,3.01,4.01,47.01,0.47852218512305245
True,2.01,1.01,1.01,44.01,1.4115295409602941
False,1.01,1.01,2.01,38.01,0.6477939319733106
True,2.01,0.01,1.01,40.01,1.1706242227376586
True,0.01,0.01,0.01,42.01,0.40341245685407845
False,0.01,0.01,1.01,46.01,1.0787342134313485
False,0.01,0.01,0.01,34.01,1.0694299444238884
False,0.01,0.01,1.01,49.01,1.0271886768808112
True,0.01,0.01,1.01,41.01,1.1775444004393185
False,0.01,0.01,0.01,45.01,0.8598904273865574
False,0.01,0.01,0.01,39.01,0.6053916092283904
True,0.01,0.01,3.01,31.009999999999998,0.7869853232133173
False,0.01,0.01,0.01,49.01,1.8944310601372816
False,1.01,0.01,0.01,34.01,1.1319199556068744
True,0.01,1.01,1.01,48.01,1.0415397495057377
False,1.01,0.01,0.01,42.01,0.7641275026041026
True,0.01,0.01,3.01,44.01,1.4178186702940154
False,2.01,0.01,2.01,34.01,0.955011733552354
False,0.01,0.01,0.01,50.01,1.3605126151220954
False,0.01,0.01,1.01,33.01,0.8237747443658963
True,1.01,2.01,0.01,36.01,0.9159104916603482
True,0.01,0.01,4.01,29.009999999999998,1.1920644497345396
True,0.01,0.01,0.01,34.01,0.8832629102533722
True,0.01,1.01,4.01,34.01,0.9586613649113649
False,1.01,1.01,0.01,50.01,0.9739702760079719
False,1.01,0.01,1.01,35.01,1.1020809292486942
False,0.01,0.01,3.01,40.01,1.0848740784625934
False,2.01,1.01,0.01,33.01,1.0852516803408885
False,0.01,0.01,1.01,31.009999999999998,0.6863842875829829
True,1.01,0.01,1.01,52.01,0.9807164220843871
True,3.01,4.01,0.01,45.01,1.0205222068619615
True,4.01,2.01,2.01,35.01,1.131547008807085
False,1.01,2.01,0.01,52.01,1.5481131997302802
False,1.01,1.01,1.01,38.01,0.6797077741792884
False,0.01,1.01,1.01,42.01,0.4667934644635543
True,1.01,4.01,1.01,39.01,0.7821019033089972
False,3.01,4.01,1.01,44.01,0.9098362203310716
True,0.01,0.01,2.01,46.01,0.7558473300485623
False,1.01,0.01,0.01,34.01,0.6855361089252993
True,0.01,1.01,2.01,42.01,0.96169379453958
True,0.01,0.01,1.01,46.01,1.001606556865418
False,0.01,0.01,0.01,34.01,0.8974736321699539
False,0.01,0.01,0.01,35.01,0.7580234837663498
False,0.01,0.01,0.01,47.01,0.7108632299073477
False,0.01,0.01,1.01,42.01,0.9546088710657444
True,0.01,0.01,1.01,34.01,1.7644872166149879
True,1.01,0.01,1.01,40.01,1.013379380505152
False,0.01,0.01,1.01,45.01,1.336450430682304
False,0.01,0.01,0.01,43.01,0.6231935474107281
True,1.01,1.01,0.01,41.01,0.7535221059331391
False,0.01,0.01,0.01,45.01,0.9829044501356539
False,0.01,0.01,0.01,41.01,1.7724539109114772
True,0.01,1.01,0.01,52.01,0.9155502204603184
False,1.01,0.01,0.01,44.01,0.8319615624027389
False,0.01,1.01,0.01,39.01,0.8434685310778435
False,0.01,0.01,0.01,52.01,0.5960486802832051
False,0.01,1.01,1.01,35.01,0.9089754151102422
True,0.01,1.01,1.01,33.01,1.3790066231809845
False,0.01,3.01,0.01,31.009999999999998,0.9524218755332058
False,2.01,0.01,0.01,43.01,0.8592671177782852
True,0.01,1.01,1.01,44.01,0.9342617052386151
False,1.01,0.01,0.01,44.01,0.9987241827942317
True,1.01,0.01,0.01,42.01,0.969582414147979
True,2.01,1.01,5.01,33.01,1.177284023752053
True,1.01,0.01,4.01,53.01,0.888709360196051
True,2.01,0.01,0.01,42.01,0.7879887706277274
True,4.01,2.01,3.01,39.01,0.7485517679994425
False,1.01,1.01,3.01,45.01,1.300785167513387
False,0.01,0.01,2.01,36.01,1.0167772348254984
True,2.01,1.01,4.01,49.01,1.9183411256927358
True,0.01,0.01,2.01,37.01,0.9746193943506823
True,0.01,0.01,2.01,37.01,0.7619360621393249
True,1.01,0.01,0.01,42.01,0.6256507079618249
False,0.01,0.01,0.01,42.01,0.8164800387406982
False,0.01,0.01,0.01,42.01,0.7449094921446776
True,0.01,0.01,1.01,47.01,0.7754108146097721
False,0.01,0.01,2.01,44.01,1.2213828400774767
True,0.01,0.01,1.01,44.01,1.5248935763715317
False,0.01,0.01,2.01,36.01,0.3528259276743208
True,0.01,0.01,0.01,29.009999999999998,1.0487016539968868
False,1.01,0.01,1.01,51.01,1.0780653634068715
True,0.01,0.01,1.01,38.01,1.2147576768143575
True,0.01,0.01,2.01,40.01,0.7765641468855021
False,0.01,0.01,0.01,34.01,1.34048661826712
False,0.01,0.01,2.01,41.01,1.2063053144257276
False,0.01,0.01,2.01,45.01,0.647815223932931
False,0.01,0.01,1.01,35.01,1.505685437949564
True,1.01,2.01,1.01,33.01,1.2732697620367412
False,0.01,0.01,1.01,39.01,1.3431471743406609
False,0.01,1.01,0.01,40.01,0.773446088662521
True,2.01,3.01,0.01,44.01,1.674721599326393
False,2.01,0.01,0.01,42.01,0.82941616890625
True,0.01,0.01,0.01,47.01,0.7911034435190054
False,2.01,1.01,1.01,35.01,0.9892481754027577
True,2.01,1.01,3.01,40.01,1.0941850309837686
False,3.01,0.01,0.01,48.01,1.363095976168312
False,0.01,0.01,3.01,32.01,1.1934187261305111
False,0.01,1.01,3.01,37.01,0.7718804651961506
False,3.01,2.01,1.01,37.01,1.4707464359147249
False,0.01,0.01,1.01,46.01,0.7184051667051871
True,4.01,2.01,1.01,47.01,1.8169568475053994
True,5.01,1.01,2.01,31.009999999999998,1.4348889950621446
True,5.01,2.01,3.01,39.01,1.6473539253741851
True,0.01,0.01,0.01,49.01,1.1659879866250236
True,0.01,0.01,1.01,41.01,0.8255488335971375
False,1.01,0.01,0.01,42.01,1.1586878681696606
False,0.01,0.01,0.01,60.01,0.7556533695229118
True,1.01,0.01,2.01,41.01,0.7010564306996176
False,0.01,0.01,0.01,46.01,1.2446604419759146
False,0.01,0.01,0.01,39.01,1.4353239664592155
True,0.01,0.01,1.01,25.009999999999998,1.3030674608511061
True,1.01,3.01,0.01,32.01,1.2122961063465172
False,0.01,0.01,3.01,32.01,1.126880182896461
False,0.01,0.01,1.01,40.01,0.8673663486610755
False,0.01,0.01,0.01,40.01,0.7902127272906929
False,2.01,0.01,1.01,43.01,0.5835745928557127
True,1.01,0.01,0.01,47.01,1.0832550861062147
False,2.01,1.01,0.01,53.01,1.6047964224887694
True,0.01,0.01,2.01,28.009999999999998,0.9256397212567504
True,0.01,1.01,0.01,49.01,0.5538105639439183
False,0.01,1.01,1.01,31.009999999999998,1.1991278693163663
True,0.01,1.01,0.01,35.01,0.6726888710875056
False,0.01,0.01,1.01,31.009999999999998,1.3048571673143419
False,1.01,1.01,0.01,32.01,0.8242383905646198
False,1.01,0.01,1.01,42.01,1.448287301335113
True,3.01,0.01,1.01,38.01,1.1084133280008988
False,0.01,1.01,2.01,35.01,0.8292477405321822
False,0.01,2.01,1.01,35.01,1.093706310438536
False,1.01,1.01,1.01,44.01,1.1363755929972545
False,1.01,0.01,2.01,38.01,0.8410593886480215
True,0.01,0.01,2.01,29.009999999999998,0.666295259950467
False,0.01,0.01,0.01,32.01,0.992363623252329
True,1.01,4.01,1.01,27.009999999999998,0.5248493575295994
False,1.01,1.01,1.01,45.01,1.3951372193492833
False,1.01,5.01,0.01,35.01,1.2251109106082443
False,5.01,3.01,4.01,33.01,1.1624338925316278
False,0.01,0.01,1.01,32.01,0.6623164088951398
True,0.01,0.01,2.01,47.01,0.7458055670684597
False,0.01,1.01,0.01,50.01,1.0176817369585573
False,0.01,0.01,0.01,40.01,1.3491156797215125
False,0.01,0.01,0.01,35.01,1.1184488284226761
False,0.01,0.01,0.01,26.009999999999998,0.9441554804396177
False,0.01,0.01,2.01,38.01,1.012447716775119
False,0.01,1.01,1.01,37.01,0.6109151705601291
False,0.01,0.01,1.01,49.01,0.8256078905458419
True,0.01,0.01,0.01,37.01,0.9859874310725085
False,0.01,1.01,1.01,45.01,1.4541819825667373
False,0.01,1.01,2.01,43.01,0.8028255254513619
False,0.01,0.01,0.01,47.01,1.296407535159381
False,0.01,1.01,2.01,40.01,1.1035170747990586
True,0.01,0.01,2.01,41.01,0.6862575040116496
True,2.01,0.01,0.01,32.01,0.917493075690669
False,2.01,1.01,1.01,49.01,1.0871577052308654
False,1.01,0.01,1.01,49.01,0.8302418746409695
True,0.01,1.01,0.01,41.01,0.681334117505869
True,2.01,2.01,2.01,49.01,1.3393395510237123
False,3.01,3.01,0.01,38.01,1.1820895650699221
False,0.01,1.01,4.01,39.01,0.9573866358087842
True,0.01,0.01,1.01,40.01,0.7284092820664029
False,2.01,3.01,1.01,35.01,1.8657285796134977
True,2.01,0.01,1.01,52.01,0.9816690865046921
True,2.01,3.01,3.01,43.01,1.738369762119621
False,1.01,3.01,1.01,35.01,0.5533870613055032
False,0.01,3.01,2.01,31.009999999999998,0.6627192335706268
True,1.01,1.01,2.01,40.01,1.0130226073608426
True,3.01,1.01,1.01,28.009999999999998,0.9191793744317008
True,2.01,4.01,6.01,40.01,1.9987518237268385
False,1.01,0.01,1.01,39.01,1.3117438701649227
True,2.01,5.01,2.01,43.01,0.5213701671891326
True,0.01,1.01,0.01,53.01,0.9798822358359526
True,0.01,0.01,0.01,35.01,1.1709939616733314
False,0.01,0.01,0.01,36.01,1.3042132876634418
False,0.01,0.01,0.01,40.01,0.9741965452232796
False,0.01,0.01,1.01,31.009999999999998,0.9915147519566998
False,0.01,0.01,0.01,36.01,0.843622747489625
False,0.01,0.01,1.01,42.01,1.1281430920312043
True,1.01,0.01,0.01,36.01,1.2376066022979386
False,0.01,0.01,1.01,31.009999999999998,0.704201484559139
True,0.01,0.01,0.01,39.01,0.8137667979981924
True,0.01,0.01,1.01,44.01,0.942079616347121
False,0.01,0.01,0.01,44.01,1.4998410563345759
False,0.01,0.01,0.01,39.01,1.2188175892552127
True,0.01,1.01,2.01,35.01,0.760949872298663
True,0.01,0.01,1.01,43.01,1.3599442372798427
True,1.01,0.01,1.01,46.01,0.7255390213541169
False,0.01,0.01,2.01,43.01,1.0124043447652622
False,0.01,0.01,0.01,31.009999999999998,0.8409927372427374
True,0.01,0.01,1.01,43.01,0.9414318708698055
True,0.01,0.01,0.01,41.01,0.903325206458446
True,2.01,1.01,0.01,37.01,0.6059927850633743
False,2.01,0.01,0.01,30.009999999999998,0.514077601430199
False,0.01,0.01,0.01,38.01,1.035249558995689
False,2.01,0.01,1.01,38.01,1.0978329053305502
True,0.01,0.01,3.01,43.01,0.8453905703217091
False,1.01,1.01,0.01,43.01,1.2684808210007426
True,1.01,2.01,2.01,38.01,0.966782177754474
False,0.01,0.01,1.01,36.01,0.857697486213992
False,2.01,2.01,3.01,37.01,0.5985161476594241
False,2.01,1.01,4.01,34.01,0.9455176761140933
True,1.01,3.01,3.01,37.01,1.449163171990164
True,3.01,5.01,2.01,34.01,0.8233238421271393
True,4.01,2.01,0.01,32.01,1.418353625390525
True,0.01,1.01,2.01,36.01,0.5408543694659846
False,0.01,0.01,0.01,53.01,0.8897610396257051
False,0.01,2.01,0.01,38.01,1.3117248809463182
False,0.01,0.01,1.01,38.01,0.5132646716287523
True,0.01,0.01,0.01,35.01,0.8931566581566581
False,2.01,0.01,1.01,42.01,0.7604834556672122
True,0.01,1.01,0.01,45.01,0.6885787209711072
False,0.01,0.01,3.01,37.01,1.0561050870291144
False,1.01,0.01,0.01,38.01,0.7803888054149113
True,1.01,0.01,2.01,45.01,0.6225473542530933
False,1.01,0.01,2.01,39.01,1.2902555113825636
False,0.01,0.01,0.01,29.009999999999998,0.9774699169436011
False,1.01,0.01,1.01,48.01,0.7281445224284099
True,1.01,0.01,0.01,39.01,0.7611744690831929
False,0.01,0.01,1.01,41.01,1.061156024484266
True,0.01,1.01,1.01,24.009999999999998,0.6971639226685135
False,0.01,0.01,1.01,36.01,1.1508553554985428
False,0.01,2.01,0.01,31.009999999999998,1.2958229751082797
False,1.01,0.01,2.01,36.01,0.7122573327713998
False,0.01,1.01,1.01,30.009999999999998,0.7750017431905083
False,1.01,0.01,2.01,41.01,0.52004251004251
True,0.01,4.01,1.01,48.01,1.0785491007752672
False,2.01,1.01,1.01,44.01,1.4425464795228264
False,2.01,1.01,1.01,30.009999999999998,0.9619712923765076
True,0.01,0.01,1.01,31.009999999999998,1.596610951924122
False,2.01,1.01,1.01,42.01,0.7334020661304099
False,4.01,3.01,1.01,37.01,0.6597884308611909
True,3.01,2.01,0.01,31.009999999999998,0.9419212099643735
True,1.01,3.01,2.01,39.01,0.6668547864291967
True,1.01,1.01,4.01,45.01,0.7087708602126294
True,1.01,5.01,3.01,35.01,1.359842578149959
False,2.01,7.01,5.01,42.01,1.1081811861913329
True,7.01,4.01,4.01,39.01,1.5513955163916464
False,0.01,0.01,1.01,47.01,0.9034966111950854
False,0.01,0.01,1.01,48.01,1.2157266659297536
False,0.01,0.01,1.01,43.01,0.9111975384204246
True,0.01,0.01,1.01,44.01,1.157697934811304
False,0.01,0.01,1.01,49.01,1.111092249401315
True,0.01,0.01,0.01,33.01,0.5205874444580916
True,1.01,0.01,1.01,38.01,0.754431395708685
False,0.01,1.01,0.01,25.009999999999998,0.8996145992366024
False,0.01,0.01,1.01,47.01,1.03799746154556
True,0.01,0.01,2.01,45.01,1.6644502375213182
True,0.01,0.01,1.01,40.01,1.3863572926577499
False,1.01,0.01,2.01,42.01,0.47828420460480153
True,0.01,0.01,1.01,36.01,1.1337379668106957
False,0.01,0.01,0.01,36.01,1.235670051384995
False,0.01,0.01,0.01,43.01,1.1704267031567124
False,0.01,1.01,0.01,55.01,1.4359237061755028
False,0.01,0.01,0.01,42.01,1.1050265366045922
True,0.01,0.01,3.01,38.01,0.8684816375235894
True,1.01,0.01,0.01,32.01,1.5453759773803362
True,3.01,0.01,2.01,36.01,1.170760808323471
True,0.01,1.01,0.01,43.01,0.8775146086695278
False,2.01,2.01,1.01,41.01,0.9226160993435483
True,2.01,2.01,3.01,41.01,0.7780901158086472
True,0.01,1.01,0.01,43.01,0.8259534379878766
False,1.01,1.01,3.01,44.01,1.1239571296239064
False,5.01,2.01,0.01,40.01,1.286316589595232
False,4.01,3.01,0.01,34.01,0.8690652052898213
False,3.01,1.01,0.01,53.01,0.78931138378873
False,1.01,2.01,3.01,31.009999999999998,0.6279941920972448
False,5.01,2.01,0.01,49.01,0.7171563337883291
False,2.01,2.01,1.01,37.01,0.721637937926301
True,6.01,2.01,3.01,38.01,0.6438956803846198
False,1.01,6.01,3.01,32.01,0.8878787657353039
True,2.01,1.01,0.01,38.01,1.4094564432861036
True,1.01,1.01,0.01,50.01,1.2971782813732764
False,0.01,2.01,0.01,40.01,0.6637226615991458
False,1.01,0.01,2.01,33.01,1.1151203567466603
True,0.01,1.01,1.01,38.01,1.104772076480953
True,1.01,0.01,0.01,48.01,1.0677112773361084
False,0.01,0.01,0.01,40.01,0.7177265529272661
False,4.01,0.01,1.01,52.01,0.688401509837222
True,1.01,0.01,1.01,34.01,1.1568888955237875
False,1.01,0.01,1.01,42.01,1.0706278597064702
True,1.01,0.01,1.01,42.01,0.9308002933434582
True,3.01,0.01,1.01,49.01,1.3898473273802217
False,1.01,1.01,1.01,41.01,1.029104082907965
False,0.01,0.01,0.01,47.01,2.2166572180394692
False,0.01,0.01,0.01,36.01,1.009193071038418
True,0.01,1.01,0.01,43.01,0.8484011939358249
False,2.01,3.01,0.01,35.01,0.9880085103306544
False,1.01,0.01,1.01,38.01,1.3897717840556716
False,2.01,1.01,2.01,36.01,1.314143477421942
False,0.01,2.01,1.01,48.01,1.4426989400110404
False,4.01,2.01,2.01,48.01,1.0807061160909206
True,2.01,3.01,0.01,35.01,0.8265496163773447
True,5.01,1.01,1.01,38.01,1.8679036364597348
True,5.01,2.01,1.01,30.009999999999998,0.8792640506051527
False,3.01,3.01,0.01,39.01,1.1442939152078104
False,2.01,3.01,1.01,34.01,1.0350250891581536
False,2.01,3.01,2.01,47.01,1.3013836018448948
False,3.01,7.01,5.01,43.01,1.948927513665164
True,3.01,2.01,0.01,43.01,0.6723291319693665
False,5.01,4.01,2.01,39.01,0.5422647949401976
True,6.01,1.01,0.01,44.01,1.0380196617226882
True,9.01,23.009999999999998,0.01,51.01,1.1001297834842791
False,0.01,1.01,1.01,37.01,1.195259197021985
False,1.01,2.01,0.01,45.01,1.7674412993364683
True,1.01,0.01,1.01,36.01,1.2243233162553802
False,2.01,1.01,1.01,51.01,0.8368046604212244
False,0.01,0.01,2.01,34.01,1.6821412320308757
False,0.01,0.01,1.01,39.01,0.5069838183952815
False,1.01,0.01,1.01,41.01,1.0011154067342873
True,1.01,0.01,1.01,46.01,1.287764655161666
False,0.01,1.01,1.01,42.01,0.8099872711902152
True,0.01,1.01,0.01,37.01,0.890089390837229
False,0.01,0.01,1.01,34.01,0.9818311021454166
True,0.01,1.01,0.01,38.01,1.2428310529334956
False,0.01,2.01,0.01,51.01,1.180753540040247
True,1.01,1.01,0.01,45.01,1.1700915277649762
True,0.01,2.01,2.01,45.01,1.3483992482125349
True,0.01,1.01,0.01,43.01,0.6743183451550276
False,1.01,0.01,1.01,30.009999999999998,1.2852687571410473
False,0.01,1.01,1.01,51.01,1.351041950085879
False,2.01,3.01,0.01,45.01,0.5901533891090727
True,0.01,3.01,2.01,51.01,1.6476325120566375
False,3.01,0.01,1.01,37.01,1.046363253661397
True,4.01,0.01,1.01,42.01,1.1674734139219571
False,3.01,5.01,0.01,45.01,1.048983316324864
False,3.01,5.01,1.01,32.01,0.9253882065646774
True,6.01,4.01,0.01,28.009999999999998,1.0086945118049095
True,4.01,6.01,2.01,39.01,0.9539030917880832
False,3.01,3.01,2.01,40.01,1.2846919006736208
False,7.01,6.01,3.01,30.009999999999998,0.8944172925691516
True,2.01,6.01,0.01,30.009999999999998,1.9950422592543582
False,6.01,5.01,2.01,47.01,1.9101444034066624
True,10.01,4.01,8.01,37.01,0.8904866842277127
True,3.01,10.01,2.01,49.01,1.7043894406145719
True,0.01,1.01,3.01,32.01,1.0479716857113839
False,0.01,0.01,0.01,37.01,1.697680658448418
False,1.01,0.01,0.01,42.01,0.9532023150648564
False,0.01,0.01,0.01,45.01,1.6483588599623493
False,0.01,1.01,0.01,32.01,0.9492731790312434
True,0.01,1.01,0.01,46.01,1.6885666251782327
False,2.01,1.01,1.01,45.01,0.9598766862953286
True,1.01,2.01,1.01,39.01,1.0348651162187987
False,1.01,0.01,2.01,40.01,0.8669478220957902
False,2.01,0.01,1.01,40.01,1.188700094960721
True,1.01,0.01,0.01,50.01,0.7419567453638337
True,0.01,0.01,2.01,35.01,1.4268955318403533
False,1.01,1.01,1.01,57.01,0.9158410415295591
True,1.01,2.01,2.01,37.01,0.47865168400484653
False,1.01,4.01,0.01,37.01,0.9960146461700975
False,2.01,3.01,0.01,40.01,0.9628968587440456
True,2.01,0.01,4.01,47.01,1.0674323282081903
False,1.01,0.01,0.01,52.01,1.09396627328153
True,5.01,0.01,1.01,51.01,1.2762815437474595
True,2.01,1.01,1.01,50.01,1.442295130549294
False,1.01,2.01,0.01,44.01,1.231303550819676
False,3.01,2.01,0.01,41.01,0.7063644484975983
True,0.01,5.01,2.01,44.01,1.772383868589734
True,1.01,5.01,0.01,46.01,0.9912428563195826
False,2.01,3.01,0.01,42.01,0.9691989052537225
True,2.01,2.01,1.01,47.01,0.9517195730561927
False,2.01,2.01,2.01,51.01,0.8782266694720045
False,1.01,5.01,1.01,49.01,1.212946002281985
False,7.01,9.01,3.01,33.01,1.306129147623024
True,7.01,7.01,2.01,48.01,1.0528541434628784
False,8.01,8.01,2.01,49.01,1.586077705807514
False,5.01,6.01,3.01,45.01,0.7891245447280916
True,2.01,0.01,0.01,49.01,1.150897898624309
False,0.01,1.01,1.01,39.01,1.0291916250265878
True,0.01,1.01,0.01,38.01,0.491076376800061
False,1.01,1.01,2.01,47.01,0.5450025119612563
True,0.01,1.01,2.01,36.01,0.5866090498713089
True,1.01,2.01,1.01,42.01,1.2721148272694123
False,0.01,0.01,2.01,29.009999999999998,1.0665685856862326
False,0.01,1.01,1.01,38.01,0.9735846409596799
False,1.01,2.01,0.01,56.01,1.2101878156590902
True,3.01,0.01,2.01,47.01,0.6293908176966805
False,2.01,0.01,1.01,34.01,1.2843157740560247
False,0.01,1.01,3.01,46.01,0.931905709353495
False,1.01,0.01,0.01,33.01,0.9444759086766161
True,2.01,0.01,1.01,52.01,0.9479695529656831
False,2.01,0.01,1.01,61.01,0.9027298097432737
False,3.01,0.01,2.01,42.01,0.6874170531158175
True,3.01,0.01,1.01,58.01,1.0238165922849272
True,4.01,1.01,0.01,37.01,0.8781162838112033
False,0.01,1.01,4.01,47.01,1.26306482837623
False,1.01,1.01,1.01,51.01,1.1130563842437204
False,2.01,0.01,2.01,40.01,0.8388767638748124
True,1.01,2.01,2.01,48.01,1.1967706912246685
True,1.01,2.01,2.01,45.01,0.9083682102330013
False,1.01,2.01,1.01,38.01,0.7296379723920154
False,4.01,2.01,0.01,38.01,0.9430426396171265
False,3.01,4.01,1.01,56.01,0.7003315169646543
False,9.01,6.01,2.01,33.01,0.7450178548398602
False,4.01,1.01,1.01,34.01,0.9734261831624915
False,7.01,1.01,2.01,39.01,1.6234355470079647
True,2.01,4.01,1.01,45.01,1.0039797792195493
False,4.01,3.01,3.01,28.009999999999998,0.8710232223948069
True,5.01,4.01,2.01,44.01,1.1174286519866807
False,0.01,0.01,1.01,39.01,1.0244696332349668
False,0.01,0.01,4.01,38.01,1.2175453467977018
False,0.01,0.01,1.01,47.01,0.673518687268269
False,4.01,1.01,1.01,43.01,1.2766470918648165
True,1.01,0.01,0.01,52.01,0.6641431800073362
True,1.01,1.01,1.01,41.01,0.798763146818773
True,0.01,1.01,0.01,33.01,1.0264276555112386
False,1.01,2.01,0.01,39.01,0.8709394852820618
True,2.01,1.01,1.01,27.009999999999998,1.1623695983866595
True,1.01,0.01,0.01,36.01,0.7881472367319204
True,0.01,0.01,0.01,48.01,0.49778621563148423
False,1.01,0.01,1.01,38.01,1.292263480711098
False,1.01,0.01,1.01,33.01,1.1905802539626067
True,0.01,0.01,0.01,33.01,0.8662447113296412
True,1.01,1.01,2.01,51.01,0.9071764556682477
False,1.01,4.01,0.01,46.01,1.323841128464787
False,0.01,0.01,2.01,40.01,0.9387012529574087
True,1.01,0.01,1.01,35.01,1.2194183671547416
False,1.01,2.01,1.01,42.01,1.4116957734634277
False,2.01,3.01,3.01,45.01,0.6875418572067457
False,6.01,0.01,2.01,40.01,1.5041899985560925
True,2.01,5.01,1.01,29.009999999999998,0.8969680004597924
False,3.01,5.01,1.01,41.01,1.1016162189752732
False,0.01,0.01,1.01,40.01,1.1009171745498045
True,3.01,3.01,3.01,42.01,0.7778106440163506
True,6.01,6.01,0.01,44.01,0.8876473420379255
False,3.01,0.01,0.01,32.01,1.1485264107091453
False,2.01,3.01,1.01,33.01,0.9932893518441689
True,10.01,10.01,2.01,47.01,1.0481088337982432
True,4.01,13.01,0.01,44.01,0.9857036048817309
True,13.01,6.01,1.01,46.01,1.009326076145542
True,8.01,10.01,3.01,36.01,0.8768052208344562
False,0.01,0.01,0.01,44.01,0.8058579081911434
True,0.01,0.01,0.01,37.01,1.5040291096125897
False,0.01,0.01,0.01,32.01,0.7746877637155191
True,2.01,0.01,1.01,41.01,1.2243710443389781
True,0.01,1.01,0.01,32.01,1.1783301299796878
False,0.01,0.01,2.01,36.01,1.1955504794896739
True,2.01,1.01,2.01,36.01,1.149483402205827
False,1.01,0.01,0.01,35.01,1.2268502480583343
True,1.01,0.01,0.01,27.009999999999998,1.2899735089906315
False,0.01,0.01,0.01,46.01,0.8684602747585869
False,3.01,0.01,0.01,37.01,0.8398804745797137
False,0.01,2.01,1.01,45.01,0.8654496585147163
False,0.01,2.01,2.01,40.01,1.1843122553344736
False,1.01,2.01,2.01,36.01,0.8664940230320182
False,2.01,2.01,1.01,42.01,1.1437639339175765
True,2.01,2.01,0.01,41.01,1.1896613521480937
True,2.01,2.01,1.01,37.01,0.8342990878270268
True,2.01,4.01,1.01,50.01,0.42521168032890905
True,1.01,4.01,2.01,40.01,0.6645617699902574
False,3.01,3.01,5.01,46.01,1.6873546071682595
True,3.01,2.01,2.01,39.01,0.6249737600215403
False,4.01,1.01,2.01,36.01,1.0681248563142656
True,3.01,2.01,2.01,42.01,1.094302642724461
False,3.01,0.01,2.01,46.01,1.4779478318920083
True,2.01,4.01,0.01,43.01,1.0755710414582171
False,5.01,4.01,0.01,26.009999999999998,0.7485876286388723
False,4.01,2.01,5.01,37.01,0.993834824157819
False,12.01,5.01,2.01,51.01,1.5127756434673512
False,2.01,8.01,3.01,37.01,0.9488611589174794
False,13.01,7.01,4.01,38.01,1.9346949537390714
False,13.01,7.01,1.01,38.01,0.5392774971230541
False,15.01,8.01,4.01,48.01,1.9439755464611397
False,0.01,1.01,1.01,50.01,1.016921314966644
True,0.01,1.01,4.01,56.01,0.5737485607451283
True,1.01,2.01,2.01,39.01,1.1007964443913383
True,1.01,0.01,2.01,46.01,0.9972622076023658
False,0.01,1.01,0.01,51.01,1.1592606891396762
False,0.01,3.01,3.01,35.01,1.12445531511321
False,0.01,3.01,2.01,37.01,0.9629664819166456
True,0.01,0.01,0.01,49.01,0.6720985472107001
True,1.01,0.01,1.01,37.01,0.9789710465815703
False,1.01,2.01,1.01,45.01,0.8560879065254579
False,0.01,3.01,1.01,38.01,1.2645486066927891
False,0.01,1.01,1.01,35.01,0.9534914070044926
False,1.01,2.01,0.01,41.01,1.0736228546967084
True,1.01,4.01,0.01,28.009999999999998,0.8824338263323996
True,2.01,2.01,4.01,33.01,1.13285712724173
False,0.01,0.01,1.01,45.01,0.7303497156438333
False,2.01,2.01,1.01,39.01,1.4681652020077034
False,2.01,4.01,3.01,41.01,1.2336022292935698
False,2.01,2.01,0.01,42.01,0.5926673606671843
False,3.01,4.01,0.01,39.01,0.6137067322183943
False,4.01,3.01,1.01,33.01,1.4901559303098226
True,3.01,3.01,0.01,29.009999999999998,0.7980587186469538
False,6.01,1.01,3.01,45.01,0.8512778276980805
False,1.01,2.01,1.01,33.01,1.3064181760773468
False,1.01,4.01,1.01,41.01,0.9080613370529781
True,4.01,3.01,3.01,34.01,1.577923822090896
True,2.01,5.01,4.01,48.01,0.79156052037631
False,6.01,1.01,3.01,42.01,0.6250524366636229
False,5.01,4.01,2.01,34.01,0.6321952918902373
False,10.01,4.01,2.01,36.01,0.5798569276401083
False,9.01,10.01,1.01,41.01,1.1587183986609242
False,12.01,15.01,2.01,50.01,1.230719157981622
False,1.01,1.01,2.01,43.01,1.0644870747845487
True,0.01,0.01,4.01,29.009999999999998,1.149244045054467
False,1.01,3.01,0.01,41.01,0.7090884524090003
False,0.01,1.01,7.01,43.01,0.9990196796933153
False,1.01,0.01,0.01,38.01,1.121745728549968
False,1.01,0.01,0.01,39.01,0.9465673378118186
False,0.01,1.01,2.01,34.01,1.332466184426261
True,3.01,2.01,2.01,33.01,1.835130474496524
False,1.01,2.01,2.01,36.01,1.6452037572978222
False,2.01,1.01,1.01,37.01,1.6659124795210951
False,1.01,0.01,1.01,47.01,1.7560961825457333
False,2.01,1.01,3.01,36.01,0.9530573514528504
True,0.01,0.01,1.01,32.01,0.9259086547493791
False,2.01,1.01,0.01,43.01,0.8773240852642716
True,4.01,0.01,1.01,43.01,1.3129144721991008
False,2.01,2.01,1.01,47.01,1.1841581366581366
True,2.01,1.01,3.01,52.01,0.7476231207606046
False,0.01,1.01,1.01,45.01,1.8494932659603782
False,3.01,1.01,1.01,39.01,1.3681811011050398
True,3.01,1.01,2.01,41.01,0.8717025362364109
False,4.01,1.01,0.01,42.01,0.77673125520062
True,5.01,2.01,3.01,43.01,0.9228841261454778
True,4.01,7.01,0.01,42.01,0.8752319862458726
True,5.01,7.01,1.01,36.01,1.745922340007171
False,6.01,4.01,2.01,37.01,1.5207437738948024
False,7.01,0.01,5.01,29.009999999999998,0.804395592244995
False,6.01,5.01,1.01,36.01,0.995532948346991
False,8.01,3.01,0.01,54.01,0.8136461266964407
False,12.01,4.01,2.01,34.01,1.344691337980307
True,6.01,12.01,2.01,42.01,0.6354030013483795
True,15.01,12.01,6.01,35.01,1.1673897945879368
True,7.01,16.009999999999998,5.01,28.009999999999998,1.3219705382534706
False,0.01,0.01,3.01,36.01,0.7990016490911425
True,0.01,0.01,0.01,43.01,0.6664174367732112
False,1.01,0.01,0.01,38.01,0.8657031342284871
True,0.01,0.01,1.01,55.01,1.639278806900001
True,0.01,0.01,1.01,33.01,1.0316891496592346
True,0.01,0.01,0.01,50.01,0.6836696534008048
True,0.01,0.01,0.01,36.01,1.2677937401232693
False,0.01,0.01,0.01,34.01,0.9167810753779281
False,0.01,0.01,0.01,50.01,0.8487946724640273
False,0.01,0.01,1.01,40.01,0.8282888643946207
True,0.01,0.01,0.01,42.01,1.0556598854579329
False,1.01,0.01,1.01,46.01,0.9567654096533407
False,0.01,0.01,1.01,32.01,0.8996797967575925
False,0.01,0.01,1.01,47.01,0.9896646725079217
False,0.01,0.01,0.01,34.01,0.5884050581812206
True,0.01,0.01,0.01,59.01,1.1182668114225156
False,0.01,0.01,0.01,38.01,0.5822077489780086
True,0.01,0.01,3.01,43.01,1.1056030013130782
True,0.01,0.01,1.01,48.01,0.8069547078485709
False,0.01,1.01,1.01,47.01,0.49962163560441897
False,1.01,1.01,0.01,36.01,0.9807870196397508
True,1.01,0.01,1.01,25.009999999999998,1.0450232451249994
True,0.01,0.01,1.01,51.01,1.3186308598341225
False,0.01,0.01,0.01,43.01,0.8771201384017834
False,0.01,1.01,2.01,41.01,0.46161940050715694
False,1.01,2.01,0.01,30.009999999999998,0.6186158054290919
True,1.01,2.01,1.01,46.01,1.566476073599145
False,0.01,0.01,2.01,38.01,1.160982203035293
True,0.01,1.01,1.01,48.01,0.3842012184714781
False,1.01,0.01,2.01,38.01,0.7764952894120632
False,0.01,0.01,1.01,31.009999999999998,0.9677804611237777
False,1.01,1.01,2.01,44.01,1.1436561436355397
False,1.01,3.01,1.01,36.01,1.3251672969971817
True,0.01,0.01,1.01,32.01,0.8390227617633885
True,0.01,0.01,1.01,45.01,0.6802737803068863
False,0.01,0.01,0.01,51.01,0.6490536792653617
False,1.01,0.01,0.01,40.01,0.7481987866862081
False,0.01,0.01,0.01,36.01,1.1397328183322013
True,0.01,1.01,1.01,35.01,0.961682495714176
True,0.01,0.01,2.01,28.009999999999998,1.0452018822198395
True,1.01,1.01,5.01,41.01,2.178674423355168
True,0.01,0.01,1.01,42.01,1.7295463098877304
True,0.01,0.01,1.01,42.01,0.45327885028867504
True,0.01,0.01,2.01,49.01,0.6430198204654726
False,0.01,0.01,0.01,32.01,0.8514026635159463
True,0.01,1.01,0.01,40.01,0.6279152330463171
False,0.01,0.01,1.01,31.009999999999998,1.1377481779522072
False,1.01,0.01,1.01,41.01,0.9148337952870371
True,1.01,1.01,0.01,44.01,0.9641364268507897
True,0.01,0.01,0.01,53.01,1.0652280164197985
True,0.01,0.01,0.01,42.01,1.3614999927844953
False,0.01,1.01,1.01,48.01,1.3265759298649635
False,0.01,0.01,1.01,40.01,0.8079444836340836
False,0.01,0.01,2.01,35.01,0.9370404529158886
True,0.01,0.01,1.01,44.01,1.0505918121657225
False,1.01,0.01,1.01,42.01,0.9299127597414213
True,1.01,0.01,2.01,44.01,0.9094946901823082
False,1.01,0.01,1.01,35.01,0.7869599436439573
False,0.01,0.01,0.01,37.01,0.9633528889411243
False,1.01,0.01,1.01,47.01,0.5306034783732343
True,1.01,0.01,3.01,39.01,1.0311008611837083
True,1.01,1.01,0.01,43.01,1.7031396345838783
True,3.01,1.01,2.01,38.01,0.43893321530933693
False,1.01,3.01,4.01,44.01,1.4024818671023775
False,4.01,1.01,0.01,28.009999999999998,0.570541996091195
True,0.01,1.01,2.01,43.01,0.625052660559674
False,0.01,0.01,0.01,36.01,1.1431687199393357
False,0.01,0.01,0.01,36.01,0.8350664502398489
True,0.01,1.01,1.01,44.01,0.7145018547295421
False,0.01,0.01,0.01,36.01,1.1474600313321413
False,0.01,0.01,1.01,36.01,0.999742400109705
False,0.01,0.01,2.01,43.01,1.0382292775719306
False,0.01,0.01,1.01,43.01,0.8681635273341666
True,0.01,0.01,1.01,34.01,0.6776547446783814
True,1.01,0.01,1.01,38.01,0.8707287682451823
False,0.01,0.01,1.01,35.01,0.7646474891066697
False,0.01,0.01,1.01,32.01,0.8476220672553352
False,0.01,0.01,1.01,34.01,1.376721514477711
False,0.01,0.01,0.01,41.01,1.0763853287328136
True,1.01,1.01,0.01,42.01,1.017180449912459
False,0.01,1.01,0.01,45.01,1.124001613799377
False,0.01,0.01,1.01,35.01,1.1231174928026484
False,0.01,0.01,1.01,43.01,1.2342275295555891
False,1.01,0.01,0.01,38.01,0.9813576687087925
False,0.01,0.01,0.01,41.01,0.5495925245350503
True,0.01,2.01,0.01,34.01,0.8195138696756729
False,0.01,1.01,1.01,33.01,0.9057118033609021
True,0.01,0.01,2.01,51.01,1.1218483454211055
True,1.01,1.01,2.01,35.01,0.6654401010834277
True,1.01,0.01,2.01,35.01,1.1618640093021968
True,0.01,0.01,2.01,36.01,0.8607497897624429
True,1.01,0.01,1.01,42.01,1.5526933989424196
False,0.01,1.01,5.01,36.01,1.0870683742121483
False,0.01,1.01,1.01,24.009999999999998,1.612017090473907
False,1.01,1.01,1.01,43.01,1.0141466194416713
True,1.01,0.01,2.01,37.01,0.5833111012195735
True,0.01,10.01,0.01,29.009999999999998,0.6693733460689713
False,1.01,0.01,0.01,52.01,1.586475928779671
True,3.01,4.01,2.01,39.01,1.721662583698587
False,0.01,0.01,2.01,46.01,0.5893580436764851
False,0.01,0.01,0.01,44.01,1.1276489092588975
False,0.01,0.01,0.01,47.01,1.2513292956577675
False,1.01,1.01,1.01,37.01,1.4546393776346043
True,0.01,0.01,0.01,42.01,0.709126794615156
False,0.01,0.01,2.01,47.01,0.8210881288659768
False,0.01,0.01,0.01,35.01,0.7488214653658614
True,0.01,1.01,0.01,38.01,1.353938019939985
True,0.01,0.01,0.01,37.01,0.9333452991066842
True,0.01,0.01,2.01,39.01,1.1664905386894244
True,0.01,0.01,1.01,40.01,1.0840470465310326
True,0.01,1.01,1.01,33.01,0.8146469485694611
False,0.01,1.01,1.01,44.01,0.6933457636716922
True,0.01,0.01,0.01,39.01,0.7013303453201152
False,1.01,0.01,1.01,43.01,0.8785018398168377
False,0.01,1.01,0.01,41.01,0.7484831146902085
False,0.01,0.01,0.01,38.01,1.0363424836545005
True,1.01,0.01,1.01,29.009999999999998,1.0964065905686802
False,1.01,0.01,1.01,42.01,1.0732002506637641
True,1.01,1.01,0.01,43.01,0.5007799282093514
False,0.01,2.01,0.01,33.01,0.46535972883798976
False,0.01,0.01,0.01,31.009999999999998,0.5976067505832601
False,2.01,0.01,4.01,40.01,0.5792666090277766
False,0.01,0.01,0.01,44.01,0.875997952527188
True,1.01,1.01,1.01,49.01,0.6185793535054618
True,1.01,0.01,1.01,33.01,0.6699994731179412
True,3.01,0.01,2.01,42.01,1.582414792210618
False,2.01,2.01,1.01,42.01,1.2112576900205787
False,1.01,0.01,2.01,34.01,1.316821360793134
True,3.01,1.01,2.01,42.01,0.9862452619995803
True,1.01,2.01,0.01,60.01,1.6967193055306997
True,1.01,0.01,2.01,47.01,1.0332002934150544
True,0.01,1.01,2.01,41.01,0.8954335072678726
False,1.01,0.01,0.01,37.01,1.6141613346722226
True,0.01,0.01,0.01,51.01,1.420051167245504
False,0.01,0.01,0.01,45.01,1.0482973492490544
False,1.01,1.01,1.01,38.01,0.6486972138393393
True,0.01,0.01,0.01,38.01,1.2702573280796061
False,0.01,1.01,0.01,53.01,1.0285928079369788
True,0.01,0.01,0.01,35.01,0.6691833101316845
True,0.01,0.01,0.01,29.009999999999998,0.7176501674058837
False,0.01,0.01,0.01,43.01,0.7434582999875352
True,0.01,0.01,1.01,35.01,1.7965808789661286
False,0.01,0.01,3.01,47.01,0.5131315772589463
False,0.01,0.01,1.01,35.01,1.0414131187089444
False,0.01,0.01,0.01,43.01,1.0327915584012868
True,1.01,0.01,2.01,37.01,1.345315201268329
False,0.01,0.01,2.01,40.01,0.6757333378695608
False,0.01,0.01,0.01,43.01,1.4880656120827263
False,0.01,1.01,0.01,50.01,1.2834537338743255
False,0.01,2.01,0.01,42.01,1.2861202242632195
False,1.01,0.01,0.01,43.01,0.8880667323532596
False,0.01,0.01,1.01,45.01,0.9011143020462915
True,1.01,0.01,1.01,41.01,1.1156319501922805
False,1.01,0.01,2.01,52.01,2.258203651783802
True,0.01,1.01,0.01,39.01,0.6561879471797394
False,2.01,0.01,0.01,39.01,1.4083283718673538
True,2.01,1.01,0.01,36.01,1.0563574904080844
False,0.01,0.01,0.01,32.01,1.1506900102477746
False,1.01,1.01,1.01,40.01,1.1183885278449262
True,1.01,0.01,3.01,44.01,0.8917970827343844
False,1.01,0.01,0.01,34.01,1.6261850984343014
True,4.01,3.01,2.01,36.01,1.5799495998093025
True,2.01,1.01,1.01,37.01,1.2159375281195177
True,2.01,0.01,3.01,36.01,1.3116785676749596
True,3.01,2.01,3.01,42.01,0.7977008998290462
True,0.01,0.01,0.01,45.01,0.28281510386992115
False,2.01,0.01,1.01,43.01,0.9692035003424011
True,1.01,0.01,0.01,33.01,1.1677679484656227
True,0.01,0.01,1.01,39.01,1.1193425365484189
True,0.01,1.01,0.01,51.01,1.04428143729382
True,0.01,0.01,0.01,32.01,0.7475448528973913
False,1.01,0.01,1.01,50.01,0.8902332329871221
False,0.01,0.01,2.01,41.01,1.3443732143642426
True,0.01,0.01,1.01,50.01,1.2064694934752733
False,0.01,1.01,0.01,41.01,0.7318070004707936
False,0.01,0.01,0.01,49.01,0.8101879863292907
False,1.01,1.01,0.01,55.01,0.9915581197873534
True,0.01,0.01,1.01,41.01,0.4594305250884198
False,0.01,1.01,0.01,42.01,0.6690419095020588
True,0.01,0.01,0.01,45.01,1.098232141002534
True,0.01,0.01,0.01,45.01,1.139984218590904
False,0.01,0.01,1.01,42.01,0.5535415196986155
True,1.01,0.01,1.01,32.01,1.074353799869596
False,0.01,0.01,1.01,41.01,0.9096537926869335
False,2.01,0.01,1.01,32.01,0.5070707604555155
True,0.01,0.01,1.01,46.01,1.1437866050469583
False,0.01,0.01,1.01,36.01,1.1195438387160699
True,0.01,0.01,1.01,42.01,0.90827445553252
False,1.01,1.01,1.01,36.01,1.1365762111803073
False,2.01,1.01,2.01,51.01,1.134562569894999
False,0.01,0.01,1.01,40.01,0.9131019549940317
True,0.01,1.01,1.01,38.01,1.0487248771656439
False,1.01,2.01,1.01,46.01,1.2047624618404464
False,1.01,1.01,2.01,39.01,1.2865232892787068
False,4.01,1.01,1.01,37.01,0.6719552587435577
True,3.01,5.01,0.01,47.01,1.1107233731024053
False,1.01,4.01,1.01,35.01,0.9758041792934538
False,2.01,0.01,3.01,32.01,0.8641796437847191
True,0.01,0.01,3.01,32.01,1.0077963153156608
False,0.01,0.01,0.01,45.01,0.7623556088501828
False,0.01,0.01,1.01,52.01,0.7426118796755142
True,1.01,0.01,0.01,41.01,0.9078507330491955
True,0.01,0.01,0.01,39.01,0.937524800904218
False,1.01,0.01,2.01,32.01,0.4817061090497203
True,0.01,0.01,0.01,34.01,1.42125287304028
False,0.01,0.01,1.01,44.01,0.815997218486839
False,0.01,1.01,1.01,43.01,1.4103723517689835
True,0.01,0.01,1.01,36.01,1.133717370421961
True,0.01,0.01,0.01,42.01,0.7703978994621362
True,0.01,0.01,3.01,49.01,0.8913937557905824
True,0.01,0.01,1.01,41.01,1.039838278607222
False,1.01,0.01,1.01,42.01,1.3124705891183341
True,0.01,1.01,4.01,27.009999999999998,1.0100746061332102
False,0.01,1.01,1.01,40.01,1.1741887824443609
False,1.01,0.01,0.01,44.01,0.6141020707842173
False,1.01,0.01,0.01,41.01,1.2740233096016187
False,0.01,1.01,1.01,38.01,1.1839644730112873
False,1.01,0.01,1.01,43.01,0.9673158157080354
False,0.01,0.01,0.01,35.01,1.6175445437370488
True,2.01,1.01,0.01,45.01,1.154799574683619
False,2.01,0.01,2.01,47.01,0.5328909861683041
True,1.01,1.01,0.01,29.009999999999998,1.0206088580210264
False,0.01,4.01,1.01,39.01,0.8840045648983595
True,1.01,1.01,1.01,38.01,1.3587351455733807
True,0.01,2.01,2.01,57.01,0.3901082735358456
True,0.01,2.01,0.01,38.01,1.3969652519771167
False,3.01,1.01,1.01,30.009999999999998,0.9564589514218877
True,1.01,1.01,1.01,41.01,1.0208839208371752
False,0.01,1.01,2.01,48.01,0.8647065668062307
True,3.01,1.01,0.01,32.01,2.130030438035946
True,2.01,2.01,2.01,43.01,1.62519527494337
True,0.01,0.01,1.01,48.01,0.9446159009106116
True,0.01,0.01,0.01,36.01,1.1161061964129153
True,0.01,0.01,1.01,42.01,2.1489177479855703
True,0.01,0.01,1.01,49.01,0.903443592371991
False,0.01,0.01,1.01,33.01,1.1158753840733258
False,0.01,0.01,0.01,39.01,1.6065530847923004
False,0.01,0.01,1.01,36.01,0.730887390689059
False,0.01,0.01,0.01,44.01,0.9688220195336693
False,0.01,1.01,0.01,36.01,1.5925591712801894
False,0.01,1.01,0.01,49.01,1.278264051195364
False,0.01,0.01,0.01,40.01,0.6151498836168505
True,0.01,0.01,0.01,49.01,1.6945805075240716
False,0.01,0.01,2.01,39.01,1.4459213289120025
False,1.01,0.01,1.01,37.01,1.2183378747852058
False,2.01,0.01,0.01,37.01,1.0103043480484881
True,0.01,0.01,1.01,34.01,1.5192117218103434
False,0.01,1.01,1.01,23.009999999999998,0.7259039856284024
False,1.01,1.01,1.01,49.01,0.8005771116910841
True,1.01,1.01,1.01,37.01,1.2217513501601749
False,0.01,0.01,1.01,42.01,1.5159637060180078
True,2.01,1.01,1.01,38.01,1.9337801004853599
False,1.01,0.01,0.01,40.01,1.1612589687458756
False,1.01,2.01,0.01,43.01,1.0714241258397346
True,2.01,1.01,1.01,42.01,1.2718361138933727
True,0.01,2.01,1.01,41.01,1.2050363692958954
False,2.01,3.01,2.01,40.01,1.0329938922841608
False,1.01,0.01,0.01,30.009999999999998,0.91345343846488
True,3.01,0.01,1.01,37.01,1.325203330422527
False,1.01,0.01,1.01,34.01,0.629756884207012
True,1.01,2.01,3.01,33.01,1.2895767218383838
False,0.01,1.01,2.01,35.01,1.1272770905999527
False,2.01,1.01,1.01,47.01,1.4196981501741732
False,2.01,3.01,2.01,46.01,1.0221278167946628
False,0.01,0.01,2.01,43.01,0.7226207691595559
False,0.01,0.01,0.01,41.01,1.27470912729099
False,1.01,0.01,1.01,38.01,0.8973712239772612
False,0.01,0.01,0.01,55.01,0.6575988089955056
True,0.01,0.01,1.01,31.009999999999998,1.02681033031951
True,0.01,1.01,1.01,46.01,1.679218032929618
False,1.01,1.01,1.01,44.01,0.5160275787276108
True,0.01,0.01,1.01,47.01,1.01537632173568
True,0.01,0.01,1.01,40.01,0.6152323667743188
True,1.01,0.01,0.01,36.01,0.6551766079899073
True,0.01,1.01,0.01,38.01,1.0387552373104925
False,1.01,0.01,2.01,40.01,0.6955046831840446
False,0.01,0.01,0.01,36.01,1.0908379230204173
False,0.01,0.01,1.01,41.01,1.0619791563808878
True,0.01,0.01,1.01,47.01,0.7294150554804526
True,0.01,0.01,2.01,46.01,0.6462631891453442
False,0.01,0.01,0.01,40.01,1.0385181091878146
False,0.01,0.01,1.01,48.01,1.3582542460334608
False,0.01,0.01,0.01,35.01,0.8290192964490498
False,1.01,0.01,0.01,43.01,0.7773937892950499
True,0.01,0.01,0.01,51.01,1.0029399187388173
False,2.01,2.01,1.01,52.01,0.7401222994750055
False,0.01,1.01,0.01,46.01,0.7589430834033531
True,2.01,0.01,2.01,38.01,0.7631667111070168
True,0.01,2.01,2.01,34.01,1.0946157624047264
True,0.01,0.01,1.01,43.01,1.2191270980701683
True,3.01,3.01,1.01,49.01,1.1103402957654878
True,1.01,4.01,1.01,39.01,1.2429718816852762
False,1.01,0.01,1.01,46.01,0.9084136626255374
False,3.01,1.01,3.01,39.01,0.7443554687270941
True,2.01,6.01,2.01,37.01,1.0415596444706396
True,3.01,3.01,2.01,41.01,0.9635130497846843
True,9.01,3.01,1.01,42.01,0.8625892053506883
True,2.01,0.01,0.01,45.01,1.2605101852244998
False,0.01,0.01,1.01,49.01,0.911758088096573
True,0.01,0.01,1.01,44.01,1.014806691442725
False,0.01,0.01,0.01,41.01,0.8331370921703435
True,2.01,0.01,1.01,48.01,0.9644794129270212
False,0.01,0.01,0.01,42.01,0.49138458567151266
False,0.01,0.01,0.01,23.009999999999998,1.0328607766157885
True,0.01,0.01,0.01,35.01,0.928739160197668
False,1.01,0.01,0.01,36.01,0.7843947345272262
False,0.01,0.01,1.01,30.009999999999998,0.6522364197003984
True,0.01,0.01,0.01,51.01,0.7729511890080976
True,1.01,0.01,1.01,30.009999999999998,0.739428426867323
False,0.01,1.01,1.01,39.01,0.8462177085090774
False,0.01,1.01,2.01,36.01,1.15060932395068
False,0.01,2.01,0.01,45.01,0.7034356791388715
False,1.01,0.01,0.01,30.009999999999998,0.748651074353242
False,0.01,1.01,0.01,49.01,0.6766630699970293
True,1.01,2.01,2.01,37.01,0.8849671773080778
False,1.01,0.01,1.01,35.01,1.4869312058120605
False,0.01,1.01,2.01,34.01,0.5058705332499648
True,2.01,0.01,0.01,39.01,0.9129619966912376
True,1.01,3.01,1.01,41.01,1.2382228405421074
False,2.01,0.01,0.01,42.01,0.9138479332649069
False,0.01,2.01,1.01,39.01,0.6780318083035217
True,1.01,1.01,2.01,35.01,1.1059793147910093
False,1.01,1.01,2.01,38.01,1.0589732984444913
True,2.01,0.01,2.01,37.01,0.9429058130771719
False,0.01,2.01,2.01,33.01,1.1729152160135579
False,3.01,1.01,3.01,45.01,0.9316124547180448
False,0.01,0.01,3.01,31.009999999999998,1.2740415805929315
False,1.01,1.01,1.01,45.01,0.9643289341561115
False,0.01,3.01,2.01,51.01,1.6504686577669658
False,2.01,2.01,5.01,35.01,0.6000645885228499
True,0.01,0.01,1.01,39.01,0.7918911005666494
True,0.01,0.01,2.01,42.01,1.141865951969274
True,0.01,0.01,0.01,49.01,0.8778409435296092
False,0.01,0.01,1.01,37.01,0.4956772226708527
True,1.01,0.01,0.01,42.01,0.8196722438430696
True,0.01,0.01,0.01,27.009999999999998,0.7589980633441024
False,0.01,0.01,1.01,38.01,0.7820630227736232
False,0.01,0.01,0.01,35.01,0.6506127565280042
False,0.01,0.01,1.01,38.01,1.056382326703304
False,0.01,0.01,0.01,39.01,0.7436007945245753
False,0.01,0.01,0.01,41.01,0.9856486252768883
False,0.01,0.01,2.01,40.01,1.5813656130376408
False,0.01,0.01,0.01,44.01,1.2086296518473
True,0.01,0.01,1.01,40.01,1.0141588394597794
True,0.01,0.01,1.01,41.01,0.7032828794294078
False,0.01,0.01,0.01,45.01,0.7301224449182708
True,0.01,0.01,2.01,28.009999999999998,0.5987935224216608
False,0.01,1.01,0.01,37.01,0.6705978022635409
True,1.01,0.01,1.01,35.01,0.4254688828010062
False,1.01,0.01,1.01,39.01,0.880226416686036
False,1.01,0.01,0.01,34.01,0.9267559738030191
False,1.01,1.01,0.01,44.01,0.8548956757304472
False,0.01,3.01,1.01,34.01,1.2030841797670844
True,0.01,0.01,0.01,40.01,1.5844456945964551
False,1.01,0.01,0.01,37.01,0.4691786216589336
True,0.01,0.01,0.01,41.01,1.1111417915198645
True,1.01,0.01,2.01,41.01,2.0894414603883713
False,1.01,1.01,2.01,32.01,0.9747564393432645
False,3.01,1.01,2.01,41.01,0.8098575981893341
False,3.01,2.01,3.01,30.009999999999998,1.4128235902199748
False,3.01,4.01,2.01,51.01,1.0556297021938563
True,3.01,2.01,2.01,40.01,0.591191354941355
False,1.01,2.01,0.01,44.01,1.1913361014526855
False,2.01,0.01,1.01,42.01,1.243763894156609
False,0.01,1.01,0.01,45.01,0.8475052661873841
True,0.01,1.01,2.01,50.01,0.9067512092493119
True,0.01,0.01,1.01,33.01,1.4135079399358976
False,0.01,0.01,1.01,41.01,1.2806816286547094
True,0.01,0.01,0.01,47.01,1.139279680835557
False,0.01,0.01,0.01,41.01,0.7735296084119099
False,0.01,0.01,0.01,38.01,0.9855285099947378
False,0.01,0.01,0.01,63.01,1.011283990200126
False,1.01,0.01,1.01,41.01,0.8073649905619542
True,0.01,0.01,1.01,35.01,1.7056846919625124
False,0.01,0.01,1.01,33.01,1.2831318241521612
True,0.01,1.01,0.01,48.01,0.9215938448015442
False,0.01,0.01,3.01,29.009999999999998,0.9127119780477915
False,0.01,0.01,0.01,31.009999999999998,1.0952651641458608
True,1.01,0.01,0.01,40.01,1.086108041119325
False,1.01,0.01,1.01,41.01,0.9150065089546469
False,0.01,0.01,0.01,37.01,0.87910986308253
False,0.01,0.01,0.01,37.01,1.4392999154650734
True,0.01,2.01,1.01,37.01,1.0882107602227475
False,0.01,0.01,0.01,46.01,0.9370556608544023
False,1.01,0.01,0.01,36.01,0.9783587976842587
True,2.01,0.01,2.01,46.01,1.8339453769950558
False,1.01,0.01,1.01,31.009999999999998,0.7830936549039573
True,1.01,1.01,1.01,38.01,0.8866873193122642
True,2.01,0.01,1.01,51.01,1.2481392157142763
False,2.01,0.01,0.01,35.01,1.1001078256242154
False,0.01,1.01,0.01,31.009999999999998,1.4713965150926078
True,2.01,1.01,0.01,41.01,1.0794266121074028
True,6.01,4.01,4.01,44.01,1.140257928439977
True,2.01,2.01,5.01,45.01,1.6913181399526387
True,5.01,3.01,1.01,36.01,1.551269751510715
True,4.01,6.01,3.01,37.01,0.4600744751128382
False,0.01,0.01,1.01,37.01,1.4304792685100323
True,0.01,0.01,1.01,35.01,1.232945040621529
False,0.01,0.01,1.01,36.01,0.8699131011595945
False,0.01,2.01,0.01,45.01,0.6708540636975744
True,2.01,0.01,0.01,38.01,0.7194570858250573
False,0.01,0.01,1.01,43.01,1.170692480365401
True,0.01,0.01,0.01,51.01,1.106264965140808
True,0.01,0.01,0.01,41.01,0.8188345109888802
False,0.01,0.01,1.01,40.01,0.8183504606860661
True,0.01,0.01,1.01,41.01,0.813240890834054
False,0.01,1.01,0.01,37.01,0.7791215131354803
False,0.01,0.01,1.01,39.01,0.7917933917480049
True,0.01,0.01,2.01,42.01,1.0690697717885298
False,1.01,0.01,0.01,42.01,0.511614136005409
False,0.01,1.01,1.01,40.01,1.2803063576837472
False,0.01,1.01,0.01,34.01,0.8906234281348697
False,0.01,0.01,1.01,42.01,1.101343654789033
False,2.01,0.01,2.01,44.01,0.7899120189493307
False,1.01,0.01,1.01,44.01,1.4536056067616037
True,1.01,0.01,2.01,45.01,0.6239143947018712
True,3.01,2.01,0.01,42.01,0.9524423682613231
True,2.01,0.01,2.01,44.01,0.8392679775341065
False,2.01,0.01,0.01,44.01,0.9082445220925205
False,0.01,1.01,0.01,40.01,0.8360574303854769
True,2.01,3.01,0.01,45.01,0.9833381327984028
True,1.01,1.01,1.01,44.01,0.8987894577123768
True,0.01,1.01,1.01,34.01,0.9884519778596794
False,3.01,3.01,1.01,35.01,0.8580839000275158
True,2.01,2.01,3.01,33.01,1.1309690948762958
True,2.01,2.01,8.01,45.01,0.6554255195634506
True,4.01,0.01,0.01,45.01,1.0561064667990663
False,0.01,4.01,0.01,45.01,1.2672691598136625
True,2.01,1.01,4.01,42.01,0.9511800345623874
True,0.01,0.01,4.01,31.009999999999998,0.6529066497553075
False,1.01,0.01,2.01,29.009999999999998,1.2241875991294204
True,1.01,0.01,1.01,28.009999999999998,0.6398257182922504
False,0.01,1.01,0.01,39.01,0.5946395368268228
False,0.01,0.01,0.01,40.01,0.889945592462945
False,0.01,1.01,2.01,38.01,0.8863553135057849
False,1.01,1.01,1.01,39.01,0.6779226468023698
False,0.01,0.01,3.01,36.01,0.5426437973131932
True,1.01,1.01,0.01,37.01,1.8087539860485484
True,1.01,1.01,0.01,43.01,1.3700188204152357
True,1.01,0.01,2.01,37.01,0.8400294597875242
False,0.01,0.01,0.01,47.01,0.7454526702142138
False,1.01,0.01,1.01,37.01,1.0807811518888566
False,0.01,1.01,0.01,29.009999999999998,0.7599080338285736
True,1.01,1.01,4.01,36.01,0.6607790094719186
False,1.01,0.01,0.01,33.01,0.8249421787934867
True,1.01,2.01,1.01,47.01,1.4938656677534434
False,0.01,2.01,0.01,36.01,1.2599581598226814
False,1.01,0.01,0.01,30.009999999999998,0.7286583228279632
True,4.01,5.01,1.01,28.009999999999998,0.7288862240066017
True,0.01,1.01,1.01,39.01,1.2254676961819115
True,2.01,2.01,1.01,36.01,0.8206269678549419
False,1.01,1.01,1.01,32.01,0.6663248970832222
True,1.01,4.01,2.01,39.01,1.037341193538366
True,1.01,4.01,1.01,41.01,1.1232645534146872
False,0.01,3.01,3.01,46.01,1.0984032364419312
False,0.01,2.01,4.01,30.009999999999998,0.5924000747560909
False,3.01,4.01,1.01,41.01,0.9121104165611333
True,6.01,2.01,1.01,33.01,0.9821871280111057
False,4.01,2.01,3.01,32.01,0.8681330914688159
True,7.01,4.01,0.01,38.01,0.5666356247238601
True,2.01,4.01,6.01,36.01,1.2340376155987491
True,8.01,3.01,1.01,49.01,0.6598550072326521
False,1.01,1.01,0.01,30.009999999999998,0.8219797953734541
True,0.01,0.01,1.01,41.01,1.2023035458057678
False,0.01,0.01,0.01,36.01,1.296786684178933
True,2.01,1.01,0.01,41.01,0.4895549865671816
False,0.01,0.01,1.01,42.01,1.2840999257627583
True,1.01,0.01,1.01,38.01,0.8017872144256715
True,0.01,0.01,1.01,33.01,0.9100013209787514
True,0.01,0.01,2.01,45.01,1.3817343823008654
False,1.01,1.01,0.01,36.01,0.72789549050124
True,1.01,0.01,0.01,42.01,0.6877643805985849
False,0.01,0.01,1.01,42.01,0.43403047687677665
False,0.01,1.01,1.01,42.01,0.5896546038816415
False,1.01,0.01,0.01,43.01,1.0246742020830812
False,0.01,0.01,0.01,35.01,0.4463983700252985
True,1.01,1.01,2.01,41.01,0.5089605846317952
False,0.01,1.01,1.01,41.01,1.0766943505976347
False,0.01,0.01,0.01,40.01,1.042600253688331
True,0.01,2.01,1.01,25.009999999999998,1.3475493620993626
False,0.01,1.01,0.01,41.01,1.9571599810679157
False,0.01,0.01,0.01,45.01,0.8500418977931566
False,1.01,0.01,0.01,37.01,1.763263633733602
False,0.01,1.01,3.01,48.01,1.3625621256753888
True,3.01,1.01,0.01,39.01,0.9559219951916863
True,1.01,0.01,1.01,49.01,1.2457765139152535
False,0.01,0.01,0.01,37.01,1.3278451213253382
False,1.01,2.01,2.01,32.01,1.4924201943117266
False,1.01,3.01,1.01,36.01,0.8616268467840477
True,1.01,2.01,0.01,31.009999999999998,1.0862787825858313
True,0.01,2.01,3.01,43.01,1.072049145053285
False,4.01,4.01,3.01,35.01,1.304168341559457
False,1.01,3.01,1.01,34.01,0.6144293468206511
False,2.01,3.01,1.01,45.01,1.291838687372614
False,5.01,4.01,0.01,41.01,1.0662975852359415
False,0.01,0.01,0.01,35.01,1.3117893366816114
False,1.01,1.01,0.01,48.01,0.794043820046893
True,0.01,0.01,0.01,51.01,0.6514056359178311
True,0.01,0.01,0.01,45.01,1.2677014935129998
True,3.01,0.01,0.01,43.01,0.6355358345959319
False,0.01,2.01,0.01,55.01,1.0527459629318634
False,0.01,0.01,0.01,42.01,1.0414932860322548
False,1.01,0.01,0.01,49.01,1.1499977914837305
True,0.01,0.01,0.01,56.01,1.0524807309420152
False,0.01,0.01,0.01,53.01,0.7262063211194287
False,0.01,0.01,0.01,42.01,0.7058540259819327
True,0.01,0.01,2.01,43.01,0.9415797569900743
True,0.01,2.01,0.01,50.01,1.1417688921171305
True,0.01,0.01,0.01,45.01,0.8360901917878664
False,1.01,0.01,0.01,43.01,0.9282940996839956
True,0.01,2.01,0.01,28.009999999999998,1.329282031946275
False,1.01,0.01,1.01,43.01,1.069704179575777
False,0.01,1.01,2.01,41.01,0.6872649623530542
True,1.01,1.01,1.01,40.01,0.9005537086361249
False,0.01,1.01,0.01,40.01,0.6707306875069002
True,1.01,2.01,0.01,46.01,1.0403427667023262
False,1.01,3.01,1.01,34.01,1.1226263824069718
False,1.01,1.01,2.01,46.01,0.7859554485619268
False,0.01,3.01,3.01,49.01,1.216919453459456
True,2.01,2.01,2.01,29.009999999999998,1.4458098446340877
False,2.01,1.01,0.01,46.01,0.5842491977438092
False,4.01,2.01,0.01,37.01,1.013732102568561
False,2.01,3.01,2.01,26.009999999999998,0.7092019241060161
False,7.01,0.01,1.01,41.01,0.9571676212468503
False,2.01,2.01,7.01,47.01,0.7524614252775107
True,4.01,3.01,0.01,42.01,0.6736964180119753
False,3.01,4.01,6.01,28.009999999999998,0.8190376556548634
True,2.01,4.01,5.01,33.01,0.9712399439100339
True,0.01,0.01,2.01,37.01,1.0826809851161123
True,0.01,1.01,3.01,34.01,0.9179326044403274
False,0.01,0.01,2.01,28.009999999999998,1.075639706406726
True,0.01,1.01,2.01,41.01,0.8445384554927157
True,0.01,0.01,0.01,37.01,0.7819923353191303
False,0.01,0.01,0.01,41.01,0.9998971522884565
False,1.01,1.01,1.01,42.01,0.9280735343674448
False,0.01,1.01,0.01,45.01,0.5442568659411721
True,2.01,1.01,0.01,38.01,1.4092543069005858
False,0.01,0.01,0.01,41.01,0.7630330326866037
True,3.01,1.01,0.01,44.01,1.1253664113617388
True,0.01,0.01,1.01,38.01,0.47498858779833397
False,0.01,1.01,0.01,45.01,0.5191780848237888
False,2.01,1.01,0.01,46.01,1.0149509756251194
False,2.01,0.01,1.01,45.01,0.7592465796693112
False,2.01,0.01,0.01,43.01,0.9100192160529552
False,0.01,1.01,1.01,31.009999999999998,1.0747018443039829
True,1.01,2.01,4.01,48.01,1.3711860352152703
True,0.01,3.01,0.01,33.01,1.11996707900335
False,2.01,2.01,1.01,35.01,0.8229070726975656
False,3.01,2.01,0.01,23.009999999999998,1.240873015873016
False,4.01,1.01,0.01,60.01,1.053150673872188
False,2.01,2.01,2.01,30.009999999999998,0.5133549281787821
False,1.01,3.01,1.01,40.01,1.1283110968927754
True,1.01,2.01,2.01,35.01,1.1563790525544595
False,1.01,4.01,1.01,37.01,1.9361365166119016
True,6.01,3.01,1.01,36.01,1.1087042574809514
False,3.01,3.01,2.01,32.01,0.8454736450574722
False,9.01,7.01,3.01,40.01,0.8502756102947918
True,13.01,7.01,1.01,41.01,0.6272401609714088
False,11.01,2.01,1.01,43.01,1.9330811507279537
False,12.01,15.01,8.01,24.009999999999998,1.1170117910918185
False,0.01,0.01,1.01,44.01,1.4572219245199722
False,0.01,0.01,0.01,44.01,0.7465670258509132
False,0.01,4.01,1.01,35.01,0.8179944002857722
True,0.01,0.01,0.01,42.01,1.1620166811252528
False,0.01,0.01,2.01,35.01,0.7316727033319329
True,2.01,1.01,1.01,35.01,0.9993073413048497
True,1.01,2.01,0.01,43.01,0.6367645101611592
True,3.01,3.01,0.01,55.01,1.2044529014253957
True,0.01,0.01,2.01,44.01,1.235887824345045
False,2.01,2.01,1.01,33.01,1.2073627473733584
False,1.01,0.01,1.01,38.01,0.8207771063543524
True,2.01,0.01,2.01,42.01,0.6073837999849738
False,1.01,2.01,0.01,33.01,0.8673637248952323
False,4.01,3.01,2.01,42.01,1.7857107771755516
True,0.01,4.01,1.01,48.01,0.6399487430912147
False,3.01,2.01,1.01,35.01,0.8135734241620314
False,2.01,1.01,3.01,41.01,0.7958295468747072
True,2.01,1.01,2.01,33.01,0.4369103766692966
True,1.01,0.01,1.01,36.01,0.9550980910871281
False,3.01,0.01,1.01,31.009999999999998,0.4887118167527207
False,0.01,1.01,0.01,27.009999999999998,1.6097173408882919
False,3.01,2.01,0.01,32.01,0.512712870538415
False,3.01,1.01,4.01,44.01,1.2555056225690613
False,2.01,5.01,0.01,36.01,0.7453303081766081
True,3.01,8.01,0.01,40.01,0.9377001870199637
True,4.01,7.01,1.01,37.01,1.562216788743596
False,4.01,5.01,0.01,46.01,1.0326948246191334
False,13.01,12.01,2.01,54.01,0.6600133314715526
False,13.01,6.01,3.01,36.01,0.9570473121389599
True,10.01,7.01,0.01,37.01,1.3461866708069177
False,9.01,6.01,5.01,51.01,1.4420150191850774
False,9.01,8.01,1.01,41.01,0.7152804286521267
True,1.01,2.01,2.01,42.01,1.1317132219391708
False,3.01,2.01,2.01,47.01,1.6536868393469109
True,0.01,0.01,0.01,41.01,0.7527717210325644
True,0.01,2.01,0.01,38.01,1.1637862340630158
False,3.01,2.01,1.01,45.01,0.7035039214834612
True,0.01,1.01,1.01,45.01,1.0642626738466217
True,1.01,0.01,0.01,46.01,1.5752994513394944
False,2.01,0.01,0.01,42.01,1.285042882161673
False,3.01,2.01,1.01,26.009999999999998,1.447101565021141
False,0.01,1.01,1.01,45.01,0.8995247020215712
True,2.01,1.01,0.01,44.01,1.291914856894172
False,2.01,2.01,0.01,47.01,1.031208946819861
True,2.01,3.01,4.01,42.01,0.8315785172360849
True,2.01,4.01,1.01,38.01,1.4759842158128729
False,3.01,2.01,2.01,26.009999999999998,1.255128558364785
False,2.01,5.01,0.01,32.01,1.7785177302189958
False,2.01,3.01,1.01,31.009999999999998,1.0517563051249337
False,1.01,5.01,1.01,34.01,1.4322369485186535
True,3.01,7.01,0.01,44.01,1.4559415275860754
True,3.01,3.01,0.01,38.01,1.62193102810299
False,2.01,3.01,0.01,36.01,1.0688980457554422
True,10.01,4.01,1.01,48.01,1.433312354208501
False,4.01,6.01,2.01,45.01,0.8175850942567744
False,5.01,5.01,0.01,38.01,0.5958041880256154
False,6.01,6.01,2.01,40.01,0.7767112441409116
True,12.01,5.01,4.01,44.01,2.0021375596062567
False,8.01,7.01,1.01,38.01,1.2411143408648102
True,12.01,18.009999999999998,2.01,39.01,1.8768770083212525
True,12.01,11.01,5.01,25.009999999999998,1.7094660264149004
False,14.01,11.01,4.01,42.01,1.4884755043327975
True,11.01,13.01,2.01,32.01,1.0850063289701324
True,12.01,17.009999999999998,1.01,37.01,1.6911735919163167
False,0.01,0.01,0.01,46.01,1.1741152264314854
False,0.01,0.01,0.01,39.01,0.7727982409543861
True,0.01,0.01,2.01,35.01,0.8670172870029655
False,1.01,0.01,0.01,48.01,1.1772496278957445
True,0.01,0.01,0.01,38.01,0.9789281922725245
False,0.01,0.01,0.01,35.01,0.8186288005366952
True,0.01,1.01,0.01,49.01,0.8068062641717492
False,0.01,0.01,1.01,48.01,0.7039110333822933
False,1.01,0.01,0.01,49.01,1.1625401539225864
True,0.01,0.01,1.01,38.01,0.8800250350598
False,0.01,0.01,0.01,42.01,0.6808259776790246
True,0.01,0.01,0.01,50.01,1.1319045060385016
True,0.01,0.01,1.01,40.01,1.4200981978379674
False,0.01,0.01,1.01,29.009999999999998,1.008103182509217
False,1.01,1.01,0.01,39.01,0.6035710373472993
True,0.01,1.01,0.01,36.01,1.1217002146847392
True,1.01,0.01,0.01,33.01,0.3995840334470284
True,0.01,3.01,0.01,42.01,1.2865114597207765
False,0.01,0.01,1.01,37.01,0.8582179934688107
True,0.01,0.01,2.01,52.01,0.63698888424622
False,0.01,1.01,0.01,40.01,0.9305005988006838
True,0.01,0.01,0.01,37.01,1.0252274299381199
False,2.01,1.01,2.01,39.01,1.2887357578025764
True,0.01,0.01,0.01,33.01,0.6572163399918521
False,1.01,0.01,0.01,40.01,0.6098759226856689
True,1.01,0.01,2.01,38.01,0.8250050964251564
False,0.01,2.01,3.01,49.01,1.1465087727019723
False,5.01,0.01,4.01,40.01,1.370529482603786
False,1.01,2.01,1.01,40.01,0.605561304673444
False,1.01,2.01,1.01,32.01,1.2645107848739638
True,1.01,1.01,1.01,49.01,0.9453544706283518
False,1.01,0.01,2.01,42.01,0.8599264957816943
False,2.01,3.01,7.01,43.01,1.0357182628575439
False,0.01,0.01,3.01,43.01,1.0029681237107078
True,0.01,0.01,0.01,47.01,1.3673812292020922
False,0.01,0.01,0.01,41.01,0.8122939296810772
True,1.01,0.01,0.01,45.01,0.5148127918339956
False,0.01,0.01,0.01,39.01,0.8794267401609709
True,0.01,0.01,0.01,29.009999999999998,0.7188514475809559
False,1.01,1.01,0.01,59.01,0.4961670113543854
False,0.01,0.01,1.01,38.01,0.79650640041992
False,0.01,0.01,0.01,29.009999999999998,0.8824828914921795
True,0.01,0.01,0.01,49.01,0.981432316026718
True,0.01,0.01,0.01,36.01,1.1616405770865552
True,0.01,0.01,0.01,27.009999999999998,0.8693229375543616
True,0.01,0.01,1.01,45.01,1.2436082791400007
False,0.01,0.01,0.01,38.01,1.2981884844321916
False,0.01,0.01,1.01,39.01,1.0158666590492582
False,0.01,0.01,2.01,47.01,0.7848267502186873
False,0.01,0.01,0.01,40.01,0.9526380139424796
True,0.01,0.01,1.01,36.01,1.368733895186973
False,1.01,2.01,0.01,36.01,1.1511900769637342
False,0.01,0.01,1.01,42.01,0.6587866753392249
True,2.01,1.01,0.01,43.01,0.9260161115580507
False,0.01,0.01,1.01,42.01,0.6275133615031313
False,0.01,0.01,0.01,27.009999999999998,1.2412802393684743
True,0.01,1.01,1.01,39.01,1.17354569258981
True,1.01,1.01,0.01,36.01,0.8551995221442705
False,2.01,1.01,1.01,39.01,1.4117398961529997
True,2.01,1.01,1.01,38.01,1.3333872563953006
False,1.01,1.01,1.01,54.01,1.0941758914573205
True,0.01,0.01,3.01,31.009999999999998,1.3574741344912598
False,1.01,1.01,0.01,43.01,1.2243159076424905
True,1.01,1.01,1.01,42.01,0.49646210652789596
True,0.01,1.01,4.01,37.01,1.2101292649531188
False,1.01,2.01,2.01,34.01,1.410520378726365
True,0.01,0.01,0.01,35.01,1.4170962200336377
False,0.01,0.01,1.01,34.01,0.5686727523835872
False,0.01,1.01,2.01,45.01,1.2341788291670555
True,0.01,0.01,1.01,38.01,0.7113891268294116
False,0.01,0.01,0.01,33.01,0.9021806597343601
False,0.01,0.01,0.01,45.01,0.5691414730752342
False,0.01,1.01,1.01,46.01,0.8828909113421288
False,0.01,0.01,1.01,44.01,1.1361803556804702
False,0.01,0.01,1.01,43.01,1.2765143008120499
True,1.01,1.01,0.01,35.01,1.08861969545205
True,0.01,0.01,0.01,43.01,1.5892499904922506
True,1.01,1.01,1.01,31.009999999999998,1.0064341072960181
False,0.01,0.01,0.01,39.01,0.5936503331184182
False,0.01,0.01,0.01,36.01,0.8027647248459276
False,0.01,0.01,2.01,36.01,1.1636908112484987
False,1.01,1.01,0.01,40.01,1.2363548373959157
True,1.01,2.01,1.01,36.01,0.7565106264450017
False,0.01,1.01,0.01,42.01,0.6066576603166302
False,0.01,0.01,2.01,36.01,0.8232492404365744
True,1.01,1.01,0.01,51.01,1.21944048198216
False,1.01,0.01,1.01,44.01,0.39822133002164417
False,2.01,0.01,0.01,31.009999999999998,0.6410222553933853
True,2.01,0.01,1.01,54.01,0.6820704855719526
True,0.01,1.01,0.01,34.01,1.2481931185444033
True,0.01,1.01,1.01,50.01,0.9343333463525786
True,2.01,2.01,1.01,38.01,1.35650245223943
False,1.01,0.01,0.01,41.01,1.1516600257979568
True,1.01,0.01,2.01,38.01,0.724443298013282
False,2.01,0.01,2.01,40.01,1.168759517265109
False,2.01,0.01,3.01,40.01,1.1590402810983098
False,4.01,1.01,0.01,41.01,1.2530234216998921
False,3.01,2.01,2.01,42.01,0.8442878398923481
False,2.01,2.01,3.01,49.01,1.2225456310723053
False,0.01,1.01,0.01,40.01,0.7656015617509425
False,0.01,0.01,0.01,38.01,1.0269517711543026
False,0.01,0.01,1.01,48.01,0.6671939566385046
True,0.01,0.01,1.01,44.01,0.8651041143007164
True,0.01,0.01,0.01,45.01,0.6666664151905696
False,0.01,0.01,0.01,35.01,1.050987420769101
True,0.01,0.01,0.01,39.01,0.9635552470003529
True,1.01,0.01,0.01,57.01,1.0656041189504064
False,0.01,0.01,0.01,34.01,1.3670718773716903
False,0.01,1.01,1.01,33.01,1.0772803147576289
True,0.01,1.01,2.01,42.01,1.2700311201991792
True,0.01,0.01,1.01,26.009999999999998,1.0611227805270236
False,0.01,1.01,1.01,44.01,1.6010509720477755
True,0.01,0.01,0.01,48.01,1.0004294501651454
False,0.01,0.01,0.01,38.01,1.4306247352158197
False,1.01,0.01,1.01,37.01,0.9044981090401789
False,0.01,0.01,0.01,47.01,1.066954745161054
True,1.01,1.01,2.01,50.01,1.392836385522319
False,1.01,0.01,1.01,37.01,0.998236160805528
True,0.01,0.01,0.01,33.01,1.8096114405542807
False,0.01,1.01,0.01,40.01,1.3180626582834722
True,0.01,0.01,2.01,36.01,0.9585415642383385
False,0.01,0.01,0.01,46.01,1.1560105482542828
True,2.01,1.01,0.01,38.01,1.2278858066891791
False,0.01,0.01,1.01,29.009999999999998,0.6132743905790715
False,0.01,0.01,0.01,53.01,0.911457220277184
False,0.01,0.01,0.01,38.01,0.8610148635452897
False,1.01,0.01,2.01,57.01,0.844630486099141
True,0.01,1.01,0.01,45.01,0.9715362267765587
True,1.01,2.01,0.01,30.009999999999998,1.1535809216521677
True,0.01,1.01,1.01,36.01,1.7949137782567623
False,5.01,0.01,2.01,39.01,1.82724374826885
False,3.01,5.01,2.01,41.01,0.6773560797951643
False,0.01,0.01,1.01,40.01,1.2325607895866557
True,0.01,0.01,0.01,31.009999999999998,1.555987697787085
False,0.01,0.01,1.01,43.01,1.017091812003908
False,0.01,0.01,1.01,33.01,0.8061225154548565
True,0.01,0.01,0.01,43.01,1.1676457982524873
True,0.01,0.01,1.01,37.01,1.8410513476681392
True,0.01,0.01,1.01,34.01,1.178919651725211
False,0.01,0.01,0.01,38.01,0.8783354770311294
False,0.01,1.01,1.01,42.01,1.0404058089755115
False,1.01,0.01,0.01,49.01,1.237291357715565
True,0.01,0.01,1.01,33.01,0.9934424045951508
False,0.01,1.01,1.01,50.01,0.9950213616765805
False,1.01,1.01,3.01,34.01,0.7914198644129533
False,0.01,0.01,0.01,49.01,0.5597109466951775
True,0.01,1.01,2.01,28.009999999999998,0.7277706479177066
True,0.01,1.01,0.01,46.01,0.8101615489773385
False,1.01,0.01,2.01,52.01,1.012798016974043
False,1.01,0.01,0.01,36.01,0.9216836169410489
False,0.01,0.01,0.01,30.009999999999998,1.1930422426300908
True,0.01,0.01,1.01,45.01,1.3814693316576876
True,0.01,0.01,1.01,53.01,1.0575530190559346
True,1.01,0.01,0.01,49.01,1.2141001985914026
False,1.01,0.01,2.01,34.01,1.1413081082780039
False,1.01,0.01,2.01,54.01,0.8330513195954373
True,1.01,0.01,1.01,33.01,1.498021641048891
True,0.01,3.01,3.01,35.01,0.8370685422823458
False,0.01,0.01,2.01,50.01,1.2241905774744521
False,0.01,1.01,0.01,40.01,1.2714593467156363
False,3.01,2.01,2.01,48.01,1.2366014428020016
False,2.01,0.01,1.01,46.01,2.0046620994501847
False,1.01,1.01,5.01,38.01,0.9596669061566759
True,0.01,1.01,2.01,36.01,1.0605101083448796
False,6.01,2.01,3.01,42.01,0.5873852622710315
True,0.01,0.01,1.01,42.01,0.8362969927412365
True,0.01,0.01,1.01,48.01,1.1444768046723173
False,0.01,1.01,2.01,46.01,1.327529322154966
True,1.01,0.01,0.01,37.01,0.8188059645849678
True,0.01,0.01,1.01,33.01,0.9510431032758876
False,0.01,0.01,0.01,29.009999999999998,0.9415977434254745
False,0.01,1.01,2.01,35.01,1.057059009255198
False,1.01,1.01,1.01,49.01,0.9343415500786537
False,0.01,0.01,3.01,58.01,0.4620436738808459
False,0.01,0.01,1.01,23.009999999999998,0.8466258162478767
True,0.01,1.01,1.01,36.01,1.082621197181619
False,0.01,0.01,0.01,48.01,1.3585223643223845
False,0.01,0.01,0.01,37.01,0.6322994334064327
False,0.01,0.01,1.01,32.01,0.9131704313167831
False,0.01,0.01,0.01,36.01,0.6379849294389702
False,0.01,0.01,0.01,42.01,0.833375857519484
True,0.01,0.01,1.01,36.01,0.557910231451662
False,0.01,0.01,0.01,34.01,0.9823752782218976
False,0.01,0.01,1.01,28.009999999999998,1.1548628357834272
False,0.01,0.01,1.01,31.009999999999998,1.04291828745142
False,0.01,1.01,2.01,28.009999999999998,1.0432826921382372
True,0.01,0.01,0.01,36.01,1.2999268577992482
True,0.01,0.01,1.01,44.01,0.4841240280601983
False,0.01,0.01,1.01,31.009999999999998,1.1003697612652603
False,0.01,1.01,0.01,32.01,0.8666526948337162
True,1.01,0.01,1.01,42.01,1.189197967351992
False,1.01,0.01,2.01,34.01,0.8062610986089631
False,0.01,0.01,3.01,36.01,1.25659907152294
True,2.01,1.01,1.01,35.01,0.654675727775448
False,2.01,0.01,0.01,34.01,0.4604509932816679
False,0.01,2.01,3.01,26.009999999999998,0.8174896178761616
False,0.01,1.01,1.01,33.01,0.5172831431423145
False,2.01,1.01,3.01,50.01,1.2598177652651625
False,0.01,0.01,0.01,43.01,0.7175873168210845
False,0.01,0.01,1.01,36.01,0.7257885819001876
True,0.01,0.01,1.01,46.01,0.8179666571473656
False,0.01,0.01,1.01,39.01,1.3436452923463333
False,0.01,0.01,1.01,38.01,1.0979341117466208
False,0.01,1.01,0.01,30.009999999999998,1.1155453796833106
False,0.01,0.01,1.01,46.01,0.6994463218033923
False,1.01,0.01,2.01,35.01,0.8991408898802422
False,0.01,0.01,2.01,47.01,0.7791270855762397
True,0.01,0.01,1.01,33.01,0.9310838597424482
False,1.01,1.01,0.01,49.01,1.083107127764569
True,0.01,0.01,0.01,39.01,1.2009927967635476
True,0.01,0.01,0.01,35.01,1.3615011338800336
False,1.01,0.01,0.01,34.01,0.4897027339556638
False,0.01,2.01,0.01,49.01,0.7657355863689976
False,1.01,0.01,0.01,35.01,0.5819301088981939
True,0.01,0.01,0.01,46.01,0.9933914129598221
False,0.01,0.01,1.01,48.01,1.1160549885008235
True,1.01,0.01,0.01,37.01,1.0437334507283158
True,0.01,1.01,2.01,40.01,0.6762366265693793
False,0.01,0.01,1.01,38.01,1.3670206681190662
False,1.01,0.01,2.01,45.01,1.1643383933643483
True,0.01,0.01,0.01,40.01,0.8328636679685898
True,0.01,0.01,1.01,35.01,1.0140525763249917
False,0.01,0.01,1.01,19.009999999999998,1.5116903132410995
True,0.01,1.01,1.01,39.01,1.0771473426985239
False,0.01,1.01,0.01,39.01,0.8182995469639172
False,1.01,1.01,0.01,34.01,1.953253541507536
True,0.01,0.01,0.01,32.01,1.398333079699414
False,4.01,0.01,2.01,42.01,0.6206493091805667
True,1.01,0.01,0.01,28.009999999999998,0.7602736043468881
False,1.01,5.01,3.01,40.01,0.7990539086753499
True,1.01,1.01,2.01,38.01,0.8829955225175813
False,0.01,0.01,0.01,33.01,0.818094048402427
True,2.01,0.01,0.01,43.01,1.4891366482264645
True,0.01,0.01,0.01,48.01,0.6299365944360963
False,0.01,0.01,3.01,33.01,0.8672289063220797
False,0.01,0.01,1.01,36.01,0.6990219487003636
True,0.01,0.01,0.01,44.01,0.9990563652814163
False,0.01,0.01,0.01,40.01,0.7174600076660074
False,0.01,0.01,0.01,39.01,1.2631256444773793
False,0.01,1.01,0.01,29.009999999999998,1.249280796256963
False,0.01,0.01,1.01,40.01,1.1102586634190408
False,0.01,0.01,0.01,34.01,0.7258973031799119
True,0.01,1.01,2.01,47.01,0.757640928353488
True,0.01,0.01,0.01,49.01,0.936628228952083
True,0.01,2.01,1.01,44.01,1.275108936360805
True,0.01,1.01,2.01,50.01,1.1065838217415729
False,0.01,1.01,1.01,39.01,0.8838533182275784
False,0.01,0.01,1.01,49.01,0.8343096086267648
False,0.01,0.01,0.01,35.01,0.9019202114172127
True,0.01,1.01,0.01,38.01,0.5989551382649485
False,0.01,0.01,4.01,33.01,1.2038688872682561
True,1.01,0.01,2.01,39.01,1.551277368645601
False,0.01,0.01,5.01,38.01,0.6477411652264289
False,0.01,0.01,1.01,29.009999999999998,0.8022705015063885
True,2.01,1.01,2.01,37.01,1.3344468981433186
False,0.01,0.01,4.01,36.01,1.104137798395391
False,0.01,1.01,0.01,50.01,0.5915605329379602
True,1.01,2.01,1.01,33.01,1.4260273793004814
True,0.01,1.01,0.01,53.01,0.4647857829383466
False,2.01,0.01,0.01,39.01,1.2192599407143758
False,3.01,0.01,2.01,45.01,1.4174339804674903
True,1.01,1.01,0.01,48.01,0.920773896054338
False,1.01,3.01,0.01,37.01,1.2454017377077058
False,0.01,3.01,0.01,37.01,1.224474805318122
False,0.01,0.01,2.01,40.01,1.4073342925543562
False,0.01,1.01,0.01,37.01,0.7577169075127334
True,0.01,1.01,1.01,41.01,1.3639638993291836
False,0.01,0.01,2.01,43.01,0.6349205569327009
True,0.01,0.01,2.01,44.01,2.373776523208928
False,0.01,0.01,0.01,38.01,1.1190815899655417
False,0.01,0.01,2.01,46.01,0.9074917803746372
False,0.01,1.01,1.01,42.01,1.4269411653101693
True,1.01,0.01,0.01,47.01,1.299645413583449
True,1.01,0.01,0.01,39.01,2.120956478835315
True,0.01,0.01,0.01,40.01,1.525424832719378
False,0.01,0.01,0.01,38.01,0.7919546697743012
False,0.01,0.01,0.01,42.01,1.3080784424069165
True,0.01,1.01,0.01,32.01,1.258691343911399
False,0.01,2.01,0.01,48.01,1.1570489157991863
False,0.01,1.01,0.01,45.01,1.1116318379191377
True,2.01,1.01,1.01,44.01,0.6832700912997466
False,1.01,0.01,1.01,42.01,1.203662033425561
True,0.01,0.01,0.01,46.01,1.315054118914165
True,0.01,1.01,0.01,35.01,0.9592681860944353
False,0.01,2.01,0.01,31.009999999999998,1.1933857736838087
True,2.01,1.01,0.01,44.01,0.7297547281817456
False,0.01,1.01,0.01,35.01,1.2936289128557457
False,0.01,0.01,1.01,40.01,1.1339461588475537
False,0.01,1.01,2.01,41.01,1.2395715175907884
True,1.01,0.01,0.01,54.01,0.8422908672312416
False,0.01,1.01,1.01,45.01,0.8383650706850547
True,1.01,0.01,0.01,32.01,0.732223098538888
False,0.01,3.01,2.01,42.01,0.5739910461387107
False,2.01,0.01,0.01,43.01,1.1072767760994506
False,3.01,3.01,1.01,50.01,1.1057719183355421
True,5.01,3.01,3.01,37.01,1.549756367824111
False,1.01,4.01,0.01,31.009999999999998,1.2637758799171843
True,0.01,0.01,1.01,48.01,1.2340485785434434
False,0.01,1.01,0.01,42.01,1.060580489506201
False,1.01,0.01,2.01,42.01,0.6419122407906908
True,1.01,0.01,1.01,44.01,0.7775690160438471
False,0.01,1.01,1.01,30.009999999999998,1.0639346761049582
False,1.01,0.01,0.01,34.01,0.6492725368622602
False,0.01,0.01,0.01,39.01,1.0663234606225918
False,0.01,0.01,1.01,39.01,0.49615747454457126
False,0.01,0.01,0.01,45.01,0.7887268982129529
True,0.01,0.01,0.01,40.01,0.8314333414840739
False,1.01,2.01,1.01,40.01,0.9650319016331865
False,0.01,0.01,1.01,42.01,1.5703723310573159
True,0.01,2.01,0.01,48.01,1.4499053498624435
False,0.01,0.01,2.01,44.01,1.1616554340364387
False,0.01,0.01,0.01,52.01,0.8074245178263728
True,0.01,0.01,0.01,38.01,0.5616790231594488
False,0.01,0.01,2.01,43.01,1.3517931605307092
False,0.01,0.01,1.01,39.01,1.5043684961210146
False,2.01,0.01,0.01,37.01,1.032767429173145
False,2.01,0.01,0.01,46.01,1.6781126025470576
True,0.01,0.01,0.01,45.01,0.9244228599218971
False,1.01,1.01,0.01,40.01,1.155048013561945
True,0.01,1.01,0.01,43.01,0.5832535257143007
True,2.01,2.01,1.01,30.009999999999998,0.8273198035659337
False,0.01,0.01,2.01,34.01,0.5376246423555584
True,1.01,2.01,1.01,40.01,0.9771374083443047
True,0.01,1.01,0.01,45.01,1.4255469888256311
False,1.01,0.01,1.01,35.01,1.13960570396697
True,0.01,2.01,1.01,39.01,1.1726354735202285
True,2.01,1.01,2.01,38.01,1.4252234260602508
False,0.01,2.01,1.01,41.01,1.0635500874739288
False,0.01,3.01,1.01,63.01,0.7519837807995702
False,0.01,2.01,1.01,44.01,1.4708057968154602
True,0.01,0.01,0.01,38.01,0.6334568861104534
False,0.01,0.01,1.01,33.01,0.8464584557599262
False,0.01,1.01,1.01,44.01,1.5765447300170263
True,0.01,0.01,0.01,46.01,0.7181562782513627
False,0.01,0.01,1.01,42.01,1.1681359984773094
True,0.01,0.01,1.01,48.01,1.1635639645108633
True,0.01,0.01,0.01,41.01,0.9324373153248084
False,0.01,0.01,1.01,37.01,1.3428342417819232
False,0.01,0.01,1.01,45.01,1.3992333148912097
False,1.01,0.01,0.01,38.01,0.9344608564476651
False,0.01,0.01,0.01,32.01,0.931880080147414
False,1.01,0.01,1.01,28.009999999999998,0.726225657330197
False,0.01,0.01,1.01,33.01,0.7965409334877056
True,0.01,0.01,0.01,39.01,1.2881086697169275
False,1.01,0.01,0.01,53.01,0.9951073124211277
False,1.01,0.01,1.01,38.01,1.0182173506028815
False,0.01,2.01,1.01,51.01,1.1224412546452076
True,0.01,0.01,1.01,35.01,1.3181086000221742
True,1.01,1.01,1.01,36.01,1.258855171388066
False,0.01,0.01,2.01,51.01,0.761757428915873
False,0.01,1.01,0.01,48.01,0.6303795548399707
True,0.01,1.01,2.01,46.01,1.0038835204312357
False,1.01,0.01,2.01,39.01,0.9536195625513223
False,1.01,0.01,1.01,37.01,1.0230148506880006
True,0.01,1.01,2.01,49.01,1.308732814120745
False,1.01,0.01,1.01,36.01,0.9237641431073635
True,3.01,2.01,0.01,48.01,0.6842234052184649
True,2.01,1.01,2.01,35.01,0.9760201059643706
False,1.01,1.01,3.01,40.01,1.0449454588500893
False,1.01,1.01,4.01,48.01,1.181218829941318
True,0.01,0.01,2.01,46.01,0.951825363215115
False,1.01,2.01,2.01,48.01,1.4062815764943373
False,2.01,3.01,4.01,43.01,1.4173995982290033
False,0.01,0.01,1.01,43.01,1.3161134921758213
True,0.01,0.01,2.01,36.01,0.99709681577542
True,0.01,0.01,0.01,33.01,0.626257947568024
False,1.01,0.01,0.01,31.009999999999998,0.9871876914471966
True,0.01,0.01,0.01,47.01,1.2859067879202517
False,0.01,0.01,1.01,37.01,1.209833767153751
False,0.01,0.01,0.01,43.01,1.2277093941676176
False,0.01,0.01,0.01,44.01,1.0823976804085502
False,0.01,0.01,0.01,42.01,0.9829341875902887
True,0.01,0.01,2.01,35.01,0.8340902615378863
True,2.01,3.01,1.01,39.01,1.393600137449667
False,1.01,0.01,0.01,27.009999999999998,0.7489109356290133
False,1.01,0.01,1.01,50.01,0.6272426679829471
False,1.01,1.01,0.01,46.01,0.6603495400655878
True,0.01,1.01,2.01,36.01,1.6463737330232657
True,2.01,1.01,1.01,34.01,0.8832583685771899
False,2.01,1.01,0.01,41.01,1.015050357495989
False,0.01,0.01,1.01,58.01,0.8991324690753163
False,0.01,1.01,0.01,46.01,1.4700994124803608
True,0.01,2.01,1.01,36.01,1.1235598333660342
False,5.01,0.01,1.01,43.01,0.7273544447973539
False,2.01,0.01,0.01,45.01,1.2335755912995963
True,0.01,2.01,1.01,28.009999999999998,0.7612753334790501
True,0.01,0.01,1.01,41.01,1.0668098554536731
True,0.01,1.01,1.01,39.01,0.8412530935489192
True,1.01,2.01,1.01,26.009999999999998,0.8037683735930582
False,1.01,0.01,1.01,37.01,0.9627704195010616
False,2.01,1.01,1.01,46.01,0.4763236529971796
True,2.01,4.01,1.01,38.01,1.066153261929128
False,6.01,4.01,2.01,34.01,1.0820705222870517
False,3.01,1.01,0.01,44.01,0.6738700356787382
False,5.01,1.01,1.01,40.01,1.5705575942493761
False,2.01,3.01,2.01,49.01,1.3870175427100249
False,1.01,0.01,0.01,35.01,0.9949077522973743
True,0.01,0.01,0.01,32.01,0.8669534899274848
True,0.01,0.01,1.01,42.01,0.567781737276285
False,0.01,0.01,0.01,36.01,0.6691185753434825
False,0.01,0.01,0.01,30.009999999999998,1.1086620994518088
False,1.01,0.01,0.01,41.01,1.3273653757110087
False,0.01,3.01,1.01,44.01,0.9366837719429952
True,1.01,0.01,0.01,37.01,0.41340285391649656
False,0.01,1.01,0.01,36.01,1.7087035986434456
False,0.01,0.01,0.01,31.009999999999998,0.7438110343622744
True,1.01,0.01,0.01,50.01,1.4446406010512696
False,0.01,0.01,0.01,37.01,1.3666017754726565
False,0.01,0.01,1.01,42.01,1.475856320533841
True,0.01,1.01,0.01,46.01,0.7879392231895822
False,1.01,1.01,0.01,42.01,0.4293284165497163
True,0.01,2.01,2.01,37.01,0.5324973932291222
True,0.01,0.01,0.01,39.01,0.9239770380027176
False,1.01,0.01,4.01,49.01,1.0106967416205328
True,2.01,1.01,3.01,39.01,1.3271596886970003
False,1.01,0.01,1.01,46.01,0.6373959776132215
True,0.01,1.01,0.01,42.01,1.336021546457893
False,2.01,2.01,2.01,49.01,0.7441046368916875
True,1.01,3.01,4.01,43.01,1.171102013870595
False,2.01,1.01,2.01,34.01,1.4216816514732384
True,1.01,1.01,1.01,52.01,1.1211705909969707
False,1.01,5.01,0.01,54.01,0.982614895779481
False,3.01,3.01,1.01,48.01,1.3373841314729593
False,4.01,3.01,2.01,46.01,0.9896345820275183
False,3.01,0.01,2.01,33.01,1.1971030308858417
False,2.01,2.01,1.01,44.01,1.3746825811197534
False,7.01,2.01,2.01,40.01,0.9558682542512725
True,0.01,5.01,5.01,38.01,1.5225438141055692
False,8.01,10.01,2.01,40.01,0.970132204297702
True,0.01,0.01,0.01,35.01,0.7787285794920434
False,2.01,1.01,0.01,54.01,0.9625146344811558
False,1.01,0.01,1.01,25.009999999999998,0.6654327413988625
True,0.01,0.01,1.01,39.01,1.149726367284429
True,0.01,0.01,1.01,38.01,0.949571042879844
False,0.01,0.01,1.01,45.01,0.6921611997802865
True,0.01,0.01,2.01,50.01,0.7816621380020813
True,0.01,1.01,4.01,43.01,1.4357392764065948
True,0.01,3.01,1.01,48.01,0.9292337316274379
False,0.01,0.01,4.01,28.009999999999998,0.6751404745939711
False,0.01,0.01,2.01,38.01,1.068151859757283
False,0.01,1.01,0.01,41.01,1.2290606772031734
False,0.01,0.01,0.01,41.01,1.1037596869675341
False,0.01,1.01,2.01,41.01,1.0643143918290787
False,0.01,2.01,1.01,41.01,1.9829922592525306
True,2.01,1.01,1.01,39.01,1.2973041512453776
False,0.01,1.01,1.01,39.01,0.864236480350114
False,2.01,0.01,0.01,37.01,0.9587205979309354
False,1.01,0.01,0.01,38.01,1.2529478072720823
True,0.01,2.01,1.01,36.01,1.7811188571101477
False,2.01,0.01,0.01,45.01,1.0940105438810215
True,2.01,1.01,0.01,50.01,1.1500006094738537
False,1.01,1.01,0.01,38.01,0.8045460973862978
True,1.01,0.01,0.01,40.01,0.7599546897902951
False,3.01,0.01,1.01,43.01,1.2961310849263192
True,1.01,2.01,2.01,25.009999999999998,1.0616673939254435
True,1.01,2.01,0.01,38.01,0.7997481082256853
False,0.01,2.01,0.01,38.01,0.7931817274337601
False,1.01,2.01,0.01,45.01,0.994781855019459
True,2.01,3.01,1.01,34.01,1.1843214935130064
False,1.01,3.01,2.01,43.01,1.3571952850766809
False,1.01,1.01,1.01,31.009999999999998,0.4945410844412106
False,4.01,7.01,1.01,42.01,1.406117496319816
True,0.01,2.01,2.01,43.01,1.3485523029827164
False,1.01,0.01,2.01,31.009999999999998,1.0160055109563526
False,1.01,0.01,0.01,26.009999999999998,1.5783308322699554
True,1.01,1.01,3.01,37.01,1.3544496095133765
True,1.01,0.01,0.01,38.01,1.4115126595552243
False,1.01,0.01,1.01,34.01,0.9754159208402383
False,1.01,0.01,0.01,39.01,1.3605409998992295
False,0.01,0.01,2.01,36.01,0.8098292464562561
False,0.01,3.01,0.01,37.01,0.993230805696387
True,1.01,0.01,1.01,42.01,1.1981870209531993
True,0.01,3.01,0.01,41.01,1.2232947922612816
False,1.01,1.01,1.01,41.01,1.1297044653974726
True,3.01,1.01,2.01,45.01,0.8932540163474966
False,4.01,1.01,3.01,39.01,0.7532027649345587
False,1.01,2.01,1.01,34.01,1.2001923307621427
False,2.01,2.01,0.01,37.01,1.3600773065566498
False,2.01,0.01,4.01,33.01,0.8299478627212082
False,3.01,0.01,0.01,32.01,1.021286862056094
True,3.01,0.01,1.01,43.01,1.4687737344891822
False,2.01,1.01,0.01,33.01,1.1599146511133451
False,1.01,1.01,1.01,48.01,1.5281515185772148
False,0.01,1.01,1.01,33.01,0.7838117150386775
True,1.01,0.01,0.01,36.01,0.8616170462435445
False,5.01,1.01,1.01,35.01,1.098685335574328
True,1.01,3.01,2.01,42.01,0.8552927723263786
False,0.01,0.01,2.01,40.01,0.8008107405258841
True,2.01,8.01,0.01,39.01,0.782689844208632
True,3.01,4.01,1.01,43.01,1.220928923197042
False,1.01,2.01,2.01,41.01,0.6641238493427012
False,0.01,1.01,0.01,39.01,1.1725703998637762
True,4.01,1.01,1.01,35.01,1.1793321570622932
False,4.01,4.01,5.01,39.01,1.5399375334269811
False,0.01,1.01,0.01,44.01,0.483995455915104
True,0.01,0.01,2.01,34.01,1.1256446235351538
False,1.01,1.01,1.01,40.01,1.1974289959299422
True,0.01,0.01,1.01,37.01,0.9231484183558111
True,0.01,1.01,2.01,34.01,1.0308694531275178
True,0.01,0.01,0.01,31.009999999999998,1.5581504682418503
True,1.01,1.01,1.01,44.01,0.8136542169822222
False,0.01,0.01,2.01,39.01,0.9893601801722005
False,0.01,0.01,4.01,51.01,1.4136221846625603
True,2.01,0.01,2.01,37.01,0.8246496623799427
False,1.01,0.01,0.01,49.01,1.0330289066915823
False,3.01,3.01,1.01,38.01,1.5425720296311185
True,0.01,0.01,2.01,37.01,1.4791879498412062
True,0.01,0.01,1.01,35.01,2.192105376204516
True,2.01,1.01,3.01,41.01,1.2798763226228131
False,4.01,0.01,0.01,44.01,0.9283274130531829
False,2.01,4.01,2.01,38.01,0.9784603869916447
True,1.01,4.01,1.01,44.01,1.0163618054997365
True,1.01,1.01,1.01,31.009999999999998,1.2453548297096675
False,1.01,1.01,0.01,42.01,1.0158469214115178
False,0.01,0.01,1.01,37.01,1.2537735553162757
False,4.01,1.01,2.01,43.01,0.43247930052620487
True,2.01,3.01,1.01,51.01,1.24122240930155
False,6.01,4.01,2.01,36.01,0.8804948475512268
False,2.01,1.01,1.01,43.01,1.0633197497925129
False,3.01,2.01,1.01,39.01,1.1437575800168558
False,5.01,3.01,1.01,56.01,0.9083018429568183
False,6.01,5.01,0.01,42.01,1.7221567219537544
False,8.01,5.01,2.01,46.01,1.0274973987570737
True,9.01,5.01,2.01,42.01,1.3244948810376111
False,11.01,4.01,0.01,35.01,1.3775550169124133
False,9.01,6.01,3.01,42.01,1.760447467616565
True,2.01,0.01,1.01,44.01,0.9130373255845161
False,1.01,1.01,1.01,39.01,1.2519774735330325
True,1.01,0.01,1.01,40.01,1.0753666421257921
False,1.01,0.01,0.01,28.009999999999998,0.6696286563677868
False,0.01,0.01,0.01,37.01,1.2073243987711808
True,1.01,0.01,2.01,34.01,0.9110831544192934
False,0.01,0.01,3.01,39.01,0.8427553170199189
False,0.01,1.01,0.01,53.01,0.7534857257437904
False,0.01,0.01,1.01,50.01,0.8210926051713952
False,1.01,0.01,1.01,45.01,0.8260108675547742
True,2.01,3.01,2.01,45.01,1.0707388852065338
False,0.01,1.01,0.01,40.01,0.8515925394113641
False,1.01,0.01,1.01,42.01,0.6718732875311823
True,1.01,0.01,1.01,31.009999999999998,1.1169570396593733
False,1.01,0.01,1.01,36.01,1.1840904332829312
False,1.01,0.01,0.01,42.01,0.7375398915033589
True,4.01,1.01,4.01,37.01,1.1840180795068747
False,1.01,0.01,1.01,37.01,1.3186020518255894
True,1.01,0.01,0.01,37.01,1.8640856251275808
False,2.01,0.01,2.01,34.01,0.6457331971365279
False,2.01,3.01,0.01,39.01,1.3493041138070927
True,2.01,0.01,1.01,39.01,1.3834956758057138
False,2.01,4.01,2.01,44.01,1.138992434066978
True,1.01,5.01,1.01,30.009999999999998,0.859062820564825
False,6.01,4.01,2.01,44.01,0.6086098942581855
False,2.01,3.01,3.01,44.01,1.2494121114862258
True,3.01,5.01,1.01,44.01,0.915111376691404
False,2.01,4.01,3.01,34.01,1.473559844859861
False,8.01,1.01,1.01,43.01,0.8497322382148935
True,11.01,10.01,3.01,43.01,1.0294265967725276
False,8.01,9.01,1.01,42.01,1.6551446753794237
False,12.01,11.01,2.01,46.01,1.775322267601679
True,0.01,0.01,0.01,31.009999999999998,0.5006955597788435
True,0.01,1.01,1.01,41.01,1.0517289927603741
False,0.01,1.01,0.01,43.01,1.2460337280414007
False,1.01,1.01,0.01,49.01,0.9467005699972622
False,2.01,0.01,1.01,31.009999999999998,1.0510442696909759
True,3.01,1.01,0.01,41.01,1.266402962337092
False,1.01,2.01,0.01,40.01,0.8178862316640803
False,2.01,1.01,2.01,38.01,0.8131468551461594
False,1.01,1.01,2.01,35.01,1.067299286409768
True,1.01,3.01,1.01,43.01,1.8473611534145504
False,1.01,1.01,0.01,44.01,1.0330721182510654
True,1.01,0.01,2.01,40.01,0.933237011306788
False,0.01,1.01,1.01,41.01,1.1385744757494898
True,0.01,3.01,0.01,34.01,1.1541211391940922
False,0.01,1.01,3.01,27.009999999999998,0.7336822101276416
False,2.01,2.01,1.01,47.01,0.9258971586096512
False,5.01,1.01,1.01,45.01,1.0279994599246387
True,3.01,6.01,1.01,45.01,0.6309802673033311
False,2.01,0.01,1.01,44.01,0.8399543310119938
True,1.01,5.01,2.01,49.01,0.9383433756259845
True,1.01,1.01,1.01,34.01,1.4604637905953697
False,0.01,1.01,1.01,39.01,0.9398360965933735
True,5.01,4.01,2.01,36.01,1.4021502691831598
False,5.01,4.01,1.01,43.01,1.0818767068868567
True,6.01,5.01,1.01,33.01,0.9733327050875444
True,4.01,8.01,3.01,54.01,1.1878665087304578
False,3.01,9.01,1.01,44.01,1.3188642649844937
False,7.01,6.01,0.01,36.01,0.533507873666691
False,6.01,9.01,1.01,37.01,1.1216308617353885
False,8.01,13.01,5.01,48.01,1.0606676568890465
False,12.01,9.01,1.01,34.01,1.8014807916770157
False,9.01,13.01,2.01,32.01,1.1269096216112062
False,1.01,0.01,2.01,29.009999999999998,1.0712202256844503
False,2.01,2.01,1.01,46.01,0.6835357506610977
False,0.01,0.01,0.01,44.01,0.59265019243424
False,2.01,0.01,0.01,31.009999999999998,1.494736984865329
True,1.01,0.01,6.01,43.01,0.9963629363058455
True,1.01,0.01,1.01,41.01,0.6004779586035591
False,1.01,4.01,0.01,50.01,0.9790164060374518
True,0.01,1.01,0.01,41.01,1.0289204482133238
True,3.01,1.01,2.01,45.01,0.890969915465316
True,4.01,2.01,4.01,47.01,0.731255634437683
False,1.01,0.01,2.01,35.01,0.9616412978040012
True,0.01,1.01,0.01,32.01,1.761677269333468
False,0.01,1.01,2.01,39.01,1.14220581566149
False,3.01,0.01,2.01,34.01,1.7753449004842194
False,3.01,2.01,2.01,41.01,1.158873624819003
True,2.01,1.01,1.01,40.01,1.570831499682135
False,2.01,4.01,0.01,42.01,2.013563148668636
True,1.01,3.01,0.01,49.01,1.017497065276301
True,3.01,4.01,1.01,38.01,0.8017811331060635
True,1.01,0.01,3.01,43.01,0.9522556308425875
False,2.01,2.01,1.01,37.01,0.8504380364864645
True,2.01,2.01,2.01,46.01,0.9724412576494256
True,3.01,2.01,2.01,40.01,0.7304367196860007
False,8.01,4.01,3.01,41.01,1.2482545947791739
False,1.01,1.01,2.01,38.01,1.122980502849841
False,4.01,3.01,1.01,37.01,0.5971850570500169
False,3.01,7.01,4.01,33.01,1.039412321369639
False,4.01,2.01,1.01,45.01,1.4991570523418172
True,7.01,4.01,6.01,43.01,0.791153586741822
False,6.01,3.01,3.01,43.01,1.4244291150048851
False,12.01,9.01,1.01,46.01,1.4401824401089107
False,10.01,14.01,1.01,49.01,0.405624949141082
False,1.01,0.01,3.01,50.01,0.9635698507098112
True,3.01,3.01,0.01,48.01,0.7906716933818287
True,0.01,2.01,1.01,49.01,0.7843794029861435
True,1.01,2.01,2.01,49.01,0.9806117050797903
True,0.01,3.01,3.01,42.01,0.9011410225131324
True,0.01,2.01,0.01,31.009999999999998,1.2945702365586056
True,3.01,2.01,2.01,34.01,1.159781065392184
True,2.01,1.01,2.01,49.01,0.773086430525375
False,3.01,2.01,2.01,48.01,0.6251002665203564
False,3.01,1.01,1.01,41.01,0.9597260653256988
False,4.01,1.01,2.01,35.01,0.8147931779025674
True,2.01,3.01,2.01,38.01,0.6812737631259226
True,0.01,1.01,2.01,41.01,1.0616429147114013
False,5.01,2.01,1.01,48.01,0.7068886358504209
False,2.01,6.01,3.01,37.01,1.5685317518818096
False,4.01,4.01,3.01,40.01,0.8799012547959728
False,1.01,4.01,2.01,34.01,1.385944230107841
False,5.01,1.01,4.01,30.009999999999998,1.3606441723942198
False,6.01,3.01,0.01,23.009999999999998,0.8847352706653232
False,7.01,5.01,4.01,39.01,1.0887451269621768
False,2.01,5.01,1.01,36.01,1.365433601078885
True,3.01,5.01,2.01,49.01,0.5949975391604588
False,5.01,9.01,3.01,44.01,1.0407167534565664
True,5.01,10.01,1.01,37.01,1.406654660604242
False,9.01,5.01,1.01,38.01,1.110884387645172
False,4.01,9.01,4.01,41.01,0.7256559599708885
False,4.01,4.01,0.01,37.01,0.6228717114868108
False,6.01,4.01,3.01,41.01,1.337815617562214
True,10.01,6.01,7.01,32.01,1.1989243654421282
False,16.009999999999998,12.01,3.01,32.01,1.5353702767257646
True,11.01,18.009999999999998,6.01,34.01,0.7354610435144492
True,11.01,18.009999999999998,3.01,35.01,0.937050229780547
False,0.01,0.01,1.01,34.01,0.38183466926077764
False,0.01,1.01,0.01,48.01,0.7951161307041581
True,0.01,0.01,1.01,40.01,1.0154109291108335
True,0.01,0.01,1.01,53.01,1.0146347759491783
False,0.01,0.01,0.01,33.01,0.7322145603537029
True,0.01,0.01,0.01,47.01,0.8382048595231318
False,0.01,0.01,2.01,29.009999999999998,1.02446873454801
False,0.01,0.01,0.01,32.01,1.1153056828478645
False,0.01,0.01,0.01,42.01,0.6250008076606541
False,0.01,0.01,1.01,44.01,0.6499512303334398
False,0.01,0.01,1.01,46.01,1.2616602944158484
True,1.01,1.01,0.01,28.009999999999998,1.0701857864357867
True,0.01,0.01,0.01,39.01,0.5579614847530916
False,0.01,1.01,0.01,49.01,0.6906009853136088
False,1.01,0.01,0.01,45.01,0.6071617205053905
False,1.01,0.01,1.01,45.01,0.6957122731017473
False,0.01,0.01,0.01,38.01,1.083101442980775
True,1.01,1.01,0.01,41.01,0.915633334076942
False,0.01,0.01,1.01,35.01,1.3086977997919378
False,3.01,0.01,0.01,48.01,1.164654504739582
True,0.01,1.01,2.01,38.01,1.0728088028269211
True,1.01,0.01,1.01,37.01,1.174382008894056
False,1.01,3.01,1.01,49.01,0.7903834817759975
False,1.01,0.01,1.01,43.01,0.7592201779701779
True,2.01,0.01,2.01,38.01,0.7144072417502361
True,2.01,0.01,1.01,37.01,1.1176128050918872
True,0.01,0.01,2.01,42.01,1.1183205452671396
False,0.01,2.01,1.01,40.01,0.8563618291821167
True,1.01,0.01,1.01,34.01,1.3579868724393607
True,2.01,3.01,4.01,38.01,1.1585136116732109
False,0.01,0.01,1.01,43.01,0.8200129037629037
True,0.01,1.01,0.01,28.009999999999998,1.0791022852972934
True,2.01,2.01,2.01,33.01,1.4375935764912555
False,0.01,0.01,1.01,38.01,1.157082057962225
True,0.01,0.01,0.01,33.01,1.4070425378320113
False,0.01,0.01,1.01,36.01,0.851738699781342
False,0.01,0.01,1.01,33.01,0.8471074959303316
False,0.01,0.01,0.01,44.01,0.5940861845903863
False,0.01,0.01,1.01,36.01,0.8510517123710082
False,0.01,0.01,0.01,42.01,1.384776386103642
False,0.01,0.01,0.01,42.01,1.3244207904993244
True,0.01,0.01,0.01,42.01,1.5852262943600293
True,0.01,0.01,0.01,52.01,0.794650029250158
False,0.01,0.01,0.01,39.01,0.9517138049592411
True,0.01,0.01,1.01,44.01,1.2915093764851557
False,0.01,0.01,1.01,36.01,1.2323648340092344
True,0.01,0.01,0.01,45.01,1.2036182330544258
True,1.01,0.01,0.01,28.009999999999998,0.6900643121804444
False,0.01,0.01,0.01,30.009999999999998,0.7562386101143218
False,2.01,2.01,1.01,35.01,1.4134488728453178
False,0.01,0.01,0.01,46.01,0.8400492563645322
True,0.01,0.01,0.01,35.01,1.729445880338874
False,0.01,0.01,0.01,36.01,0.9084216139822547
True,0.01,1.01,1.01,38.01,0.735567245253814
False,0.01,0.01,0.01,50.01,0.6742324811828564
True,0.01,0.01,0.01,30.009999999999998,0.8971967414537967
False,1.01,0.01,1.01,36.01,1.0807617573996884
True,0.01,0.01,2.01,48.01,0.6923800323042314
True,0.01,0.01,0.01,43.01,2.0226328979421586
True,1.01,0.01,0.01,33.01,0.7993416634757246
False,0.01,1.01,4.01,42.01,1.9252574265213507
False,1.01,0.01,2.01,32.01,0.7916332246471355
False,1.01,1.01,2.01,44.01,0.7883090495559228
True,2.01,0.01,1.01,39.01,1.2665666002149176
False,1.01,1.01,0.01,39.01,0.7809625358733754
False,0.01,0.01,3.01,28.009999999999998,1.0898939176156208
False,0.01,0.01,0.01,41.01,1.0459347912672723
False,0.01,0.01,1.01,41.01,1.1180918326219078
False,0.01,0.01,0.01,41.01,0.8474284387143486
False,0.01,0.01,1.01,34.01,1.2370928130212282
True,0.01,0.01,1.01,29.009999999999998,1.168116496064414
False,0.01,0.01,1.01,39.01,1.1636667336870175
False,1.01,0.01,0.01,38.01,0.7946417482020834
True,1.01,0.01,0.01,44.01,0.8304992445360162
False,1.01,0.01,0.01,33.01,0.8915638544355139
False,0.01,0.01,1.01,41.01,1.401203182574952
False,0.01,0.01,1.01,24.009999999999998,1.3977869577103461
False,0.01,1.01,0.01,41.01,1.0538942113359933
False,0.01,0.01,0.01,36.01,1.259638524899233
True,0.01,1.01,0.01,41.01,1.1069235267009911
True,0.01,0.01,0.01,34.01,1.3481972850993371
True,0.01,1.01,0.01,60.01,1.0825019244734386
True,1.01,0.01,1.01,34.01,1.0798043799886565
True,0.01,0.01,0.01,28.009999999999998,1.3459612955507427
False,0.01,0.01,0.01,43.01,1.1225796151956198
False,0.01,2.01,1.01,35.01,0.8135959405696249
False,0.01,1.01,0.01,45.01,0.622450361629279
False,1.01,1.01,1.01,33.01,0.8360790357622985
True,0.01,0.01,0.01,31.009999999999998,0.7228424843922318
False,1.01,1.01,1.01,43.01,1.3850482270813047
False,0.01,0.01,0.01,35.01,1.0126496619861873
True,0.01,2.01,2.01,32.01,1.2514111989731187
False,0.01,0.01,1.01,42.01,0.6977410830803865
True,0.01,6.01,1.01,41.01,1.545974428946818
False,0.01,1.01,1.01,40.01,0.9931769931364729
True,1.01,1.01,1.01,41.01,1.4728546117390768
False,0.01,0.01,1.01,42.01,0.818343170230806
False,5.01,2.01,6.01,35.01,0.825921107611922
False,2.01,1.01,3.01,32.01,0.8017162916529041
True,0.01,0.01,0.01,43.01,0.8253582607834525
False,0.01,0.01,0.01,34.01,1.3590646280061924
False,0.01,0.01,1.01,48.01,0.6866163423140168
True,0.01,0.01,0.01,50.01,1.4480176130724378
True,0.01,0.01,1.01,33.01,1.5665588277878522
False,0.01,0.01,1.01,44.01,1.052909976748271
False,0.01,0.01,0.01,36.01,0.9604911889884992
False,1.01,0.01,0.01,36.01,0.7981841512265431
False,1.01,0.01,1.01,33.01,0.6213434308746498
False,0.01,0.01,1.01,45.01,1.3152627722578463
False,0.01,0.01,1.01,39.01,0.822343674843675
False,0.01,0.01,0.01,40.01,0.829385157630689
False,0.01,1.01,1.01,40.01,0.637619446300902
False,0.01,1.01,0.01,41.01,1.5194873760456358
False,1.01,0.01,2.01,40.01,1.4293540133398586
False,0.01,1.01,3.01,37.01,0.5283861766774313
False,1.01,0.01,0.01,40.01,0.7702843467384541
True,0.01,1.01,1.01,50.01,0.7288753534382235
False,1.01,0.01,1.01,38.01,1.280538982664378
True,0.01,0.01,0.01,45.01,1.2956093252095764
False,1.01,0.01,0.01,38.01,1.2742623159151323
True,1.01,1.01,0.01,40.01,1.1507527614077204
True,0.01,0.01,5.01,42.01,0.5681443287810692
False,1.01,1.01,1.01,49.01,1.2165950297278316
False,3.01,1.01,4.01,57.01,0.7624101707496175
True,0.01,1.01,1.01,34.01,1.65702841662981
True,1.01,1.01,1.01,42.01,0.9720021425008637
False,2.01,0.01,1.01,29.009999999999998,0.7860364145658264
True,1.01,2.01,1.01,37.01,1.5389603671182617
True,0.01,2.01,3.01,34.01,1.5014638522397141
True,2.01,2.01,1.01,45.01,1.1995266182698126
False,1.01,2.01,0.01,43.01,1.2741761798165978
True,4.01,0.01,2.01,32.01,0.9283421083780181
True,0.01,0.01,0.01,45.01,1.0080480548800246
False,0.01,1.01,0.01,41.01,0.6157385501280475
True,0.01,0.01,0.01,47.01,1.524483474498209
False,0.01,0.01,2.01,40.01,0.78233262657612
True,0.01,0.01,0.01,36.01,1.2763999621236461
True,2.01,0.01,1.01,41.01,1.2027646337563056
True,0.01,0.01,0.01,43.01,0.513738774337103
False,0.01,0.01,0.01,56.01,1.3994670442341643
False,0.01,2.01,0.01,51.01,1.395284303897034
False,0.01,0.01,0.01,40.01,0.8635896326182677
False,0.01,0.01,0.01,42.01,0.5880966356042464
False,0.01,0.01,0.01,38.01,1.0187391399345482
False,0.01,0.01,1.01,40.01,0.9886746735210322
True,0.01,0.01,3.01,47.01,0.8520448120422208
True,0.01,1.01,0.01,40.01,1.3414308938252884
False,0.01,0.01,1.01,36.01,0.8492759165125128
False,0.01,1.01,0.01,43.01,0.7250306365154969
True,1.01,0.01,1.01,48.01,0.9981607372023753
False,0.01,0.01,1.01,36.01,0.7123774777700447
True,1.01,1.01,1.01,44.01,0.31854602806034693
False,1.01,0.01,0.01,42.01,1.1213620472947823
False,0.01,1.01,3.01,46.01,1.0683371246040865
False,0.01,1.01,0.01,47.01,1.2116494393528703
True,2.01,0.01,0.01,35.01,1.352998551402373
True,3.01,2.01,2.01,46.01,0.8828428505168744
False,1.01,0.01,0.01,38.01,0.456492235199329
False,1.01,3.01,1.01,59.01,0.8658903343629818
False,0.01,3.01,0.01,38.01,1.0022886280893917
True,2.01,1.01,1.01,37.01,0.9842649613218032
True,2.01,1.01,1.01,39.01,1.2629535922769455
True,3.01,1.01,5.01,43.01,1.800468233248781
False,2.01,2.01,0.01,34.01,1.4149252031730413
True,3.01,1.01,2.01,43.01,1.377397706627156
True,0.01,0.01,0.01,41.01,1.0983255323344838
False,0.01,0.01,0.01,39.01,0.9314785847395686
True,0.01,0.01,0.01,44.01,0.7512449890398656
True,0.01,0.01,3.01,46.01,0.9871277794593594
False,0.01,0.01,0.01,48.01,1.3733149590441116
True,0.01,0.01,2.01,44.01,1.3492052586100265
True,3.01,0.01,0.01,45.01,0.9937330488424193
False,1.01,0.01,0.01,35.01,1.0986383679484628
False,0.01,2.01,0.01,33.01,1.0327050984468018
False,0.01,1.01,1.01,38.01,0.5745610821926611
False,3.01,0.01,1.01,52.01,1.2712960466860859
False,0.01,0.01,0.01,50.01,0.769148785334399
False,0.01,1.01,1.01,38.01,1.3628360026978614
False,0.01,0.01,0.01,48.01,1.2673511985602564
False,0.01,1.01,1.01,34.01,1.0230358280587113
False,1.01,0.01,1.01,52.01,0.9197219560196307
False,1.01,1.01,1.01,38.01,0.49988565995304834
False,1.01,1.01,0.01,41.01,1.0121907289012397
True,0.01,1.01,0.01,37.01,1.1920843448710587
False,0.01,0.01,2.01,38.01,0.6927706158153759
True,0.01,1.01,0.01,32.01,1.1936950394854258
False,0.01,0.01,1.01,42.01,0.8457271805695691
False,0.01,0.01,2.01,34.01,1.165348441028
True,1.01,0.01,1.01,37.01,0.818129104633331
True,1.01,0.01,4.01,43.01,0.7835842809009925
True,1.01,1.01,2.01,38.01,1.1014015531712191
True,1.01,0.01,0.01,28.009999999999998,0.8321627066728675
False,1.01,1.01,3.01,40.01,0.9534347720516374
False,2.01,2.01,0.01,34.01,1.7930269735890565
True,0.01,3.01,3.01,48.01,0.6558329347965524
False,2.01,2.01,0.01,35.01,1.0251331962187207
False,0.01,1.01,1.01,50.01,0.6665412852526023
True,3.01,2.01,4.01,39.01,1.3359637675148415
False,0.01,0.01,0.01,38.01,1.087084404695874
False,0.01,0.01,0.01,39.01,1.1152355963220293
False,1.01,0.01,0.01,49.01,0.5025540319387068
False,1.01,2.01,1.01,40.01,0.6793782299797118
False,0.01,0.01,0.01,40.01,0.8038994961207964
True,0.01,0.01,0.01,31.009999999999998,0.6752766013204173
False,0.01,0.01,1.01,45.01,0.5485522586782385
True,0.01,0.01,0.01,40.01,1.163081595567984
True,0.01,0.01,0.01,36.01,0.8932091529823598
False,0.01,2.01,0.01,44.01,0.9218335536857133
False,1.01,0.01,1.01,41.01,0.6331146941488476
False,0.01,0.01,0.01,44.01,0.9701041269650483
False,0.01,1.01,3.01,43.01,1.083106088189162
True,0.01,0.01,0.01,39.01,0.9715949362593918
False,0.01,1.01,0.01,36.01,1.1143886800946217
False,1.01,0.01,0.01,46.01,1.311988416787733
True,1.01,2.01,1.01,41.01,1.2683727936859042
True,0.01,1.01,0.01,44.01,0.6937973336694564
False,0.01,0.01,0.01,39.01,0.890869214775059
True,0.01,1.01,0.01,43.01,0.8592220510780808
False,2.01,0.01,1.01,50.01,1.302335509956833
False,0.01,1.01,0.01,26.009999999999998,0.8967971318085735
True,0.01,0.01,3.01,39.01,1.2711965790692858
True,0.01,0.01,0.01,50.01,1.281022360836122
False,1.01,0.01,0.01,45.01,1.020793663597815
False,0.01,2.01,3.01,44.01,1.833083244977801
True,2.01,2.01,3.01,43.01,1.442840940557322
True,0.01,2.01,1.01,34.01,1.2358217808889351
False,0.01,3.01,2.01,45.01,0.8947800569382476
True,4.01,2.01,0.01,42.01,1.4588363019223716
True,2.01,1.01,1.01,38.01,0.9451549292637814
True,1.01,1.01,2.01,38.01,1.0675698241967893
True,1.01,2.01,0.01,36.01,1.4008989780166237
False,0.01,0.01,0.01,39.01,0.9692836968524474
False,0.01,0.01,0.01,40.01,1.2544787706689404
True,1.01,0.01,0.01,39.01,0.6036795037306439
False,0.01,0.01,0.01,41.01,0.8304261597374679
False,0.01,0.01,0.01,44.01,1.2064896791703092
False,0.01,0.01,0.01,46.01,0.8136843877066121
False,0.01,0.01,2.01,45.01,0.6978528368886892
False,0.01,0.01,1.01,25.009999999999998,0.7633831160783746
False,0.01,0.01,1.01,38.01,1.4418550063509317
True,1.01,0.01,2.01,43.01,0.7239934312796912
False,0.01,0.01,0.01,31.009999999999998,0.6714607417436419
False,0.01,1.01,0.01,46.01,0.7833620959640915
False,1.01,0.01,1.01,43.01,1.0958640471220111
True,2.01,0.01,2.01,31.009999999999998,0.7833895413749714
True,1.01,1.01,0.01,43.01,0.7968071663512758
True,0.01,1.01,1.01,41.01,1.2108688690794251
True,0.01,0.01,0.01,31.009999999999998,0.5686667853219901
True,0.01,0.01,0.01,35.01,1.2166410288116931
False,0.01,0.01,0.01,40.01,1.1963680384559365
True,0.01,2.01,1.01,37.01,1.593672103105044
False,1.01,0.01,0.01,29.009999999999998,0.5822632060867355
False,0.01,1.01,0.01,32.01,1.0020487385298837
False,0.01,0.01,1.01,34.01,0.5101314382269431
True,1.01,0.01,1.01,27.009999999999998,0.8558269029813637
True,1.01,1.01,1.01,44.01,0.9818920067119908
True,1.01,0.01,2.01,39.01,0.9317744406963873
False,0.01,0.01,2.01,34.01,1.2606718350436994
False,0.01,0.01,1.01,47.01,1.0134204978379215
True,1.01,4.01,3.01,37.01,0.7189500305879616
True,2.01,0.01,1.01,41.01,0.5679260323364097
False,2.01,1.01,2.01,40.01,0.6077893902990823
False,0.01,1.01,2.01,39.01,1.2105314937393254
False,3.01,3.01,2.01,41.01,1.2094613927913704
False,0.01,0.01,1.01,50.01,0.7217759555490506
False,1.01,1.01,1.01,49.01,0.9606532238702418
True,0.01,1.01,0.01,51.01,1.5886083119760763
True,0.01,1.01,0.01,47.01,0.9780507254890443
True,0.01,0.01,0.01,40.01,0.5519830828040209
False,0.01,0.01,2.01,41.01,1.3427890197411767
False,0.01,0.01,0.01,43.01,0.9542944634277123
True,0.01,1.01,0.01,48.01,0.7183807998878826
False,0.01,0.01,2.01,41.01,1.7543396628854886
True,1.01,1.01,0.01,43.01,1.106829236798273
False,0.01,1.01,1.01,48.01,0.6931570037459825
False,0.01,0.01,0.01,44.01,1.079254453826254
False,0.01,1.01,0.01,33.01,0.8470955131824696
False,1.01,0.01,1.01,42.01,0.7330786710187842
True,1.01,0.01,1.01,39.01,0.8094977558378356
False,0.01,1.01,0.01,32.01,1.0602605286692157
True,0.01,0.01,1.01,41.01,1.171892854517799
False,0.01,2.01,0.01,33.01,1.5585005085580927
True,0.01,1.01,0.01,34.01,0.7100651029804184
False,1.01,0.01,1.01,39.01,1.4352011867139565
False,0.01,0.01,2.01,42.01,0.9720622357232265
False,1.01,1.01,0.01,31.009999999999998,1.4215000346598814
True,1.01,3.01,0.01,37.01,1.2661481936834305
True,0.01,1.01,1.01,36.01,0.9805947304541757
False,0.01,1.01,2.01,42.01,0.9742936012120652
True,2.01,0.01,0.01,46.01,0.5205028902644367
False,2.01,0.01,3.01,54.01,0.848765090582834
False,0.01,0.01,4.01,41.01,1.215670453627455
False,1.01,0.01,1.01,28.009999999999998,0.8558666827646552
True,1.01,1.01,1.01,40.01,2.0322787727657543
True,1.01,0.01,2.01,44.01,1.5215522671769797
False,2.01,1.01,1.01,39.01,0.9059456085967986
False,1.01,1.01,2.01,53.01,1.4955992756185006
False,0.01,0.01,0.01,37.01,0.7909093158093068
False,0.01,1.01,0.01,44.01,1.1609637139205506
False,0.01,0.01,2.01,38.01,0.806805258755338
False,0.01,0.01,1.01,50.01,0.7305047439920678
True,1.01,1.01,1.01,36.01,0.93746604177487
True,0.01,2.01,0.01,24.009999999999998,1.2575198398249003
True,0.01,1.01,0.01,30.009999999999998,1.4544710163321486
False,1.01,0.01,1.01,40.01,1.0911456965674986
False,0.01,0.01,1.01,44.01,0.6401402901038773
False,1.01,0.01,0.01,26.009999999999998,0.6797640335069153
True,0.01,0.01,1.01,43.01,0.7274418613378569
False,0.01,1.01,1.01,44.01,1.3651481070304134
True,0.01,0.01,2.01,39.01,1.0228629488083272
False,0.01,0.01,1.01,34.01,1.113597983699542
False,1.01,1.01,1.01,36.01,1.03820313029866
False,1.01,0.01,1.01,35.01,1.227039112841922
False,0.01,0.01,0.01,46.01,0.7393076655145621
False,0.01,1.01,0.01,36.01,1.1393478660386802
True,1.01,0.01,0.01,40.01,0.8601022628768435
True,2.01,0.01,1.01,42.01,1.248077311756004
False,0.01,0.01,0.01,44.01,0.6413157588383647
True,1.01,1.01,2.01,33.01,1.579851294192344
True,0.01,2.01,0.01,38.01,1.1080659770906176
False,0.01,0.01,2.01,35.01,1.2033348278313103
True,0.01,0.01,1.01,38.01,1.6554337777229688
False,1.01,2.01,1.01,35.01,1.4674919957717043
True,2.01,1.01,2.01,36.01,1.1426126091466529
True,0.01,1.01,1.01,46.01,0.9878689747626246
True,1.01,3.01,0.01,42.01,1.9766218714939736
False,0.01,4.01,0.01,39.01,1.2727665577454248
False,2.01,0.01,2.01,37.01,1.4238245717170916
True,0.01,0.01,2.01,46.01,1.3141603955474492
False,3.01,0.01,4.01,38.01,1.2022897409655473
True,0.01,1.01,0.01,47.01,1.2482884238443368
False,0.01,0.01,0.01,46.01,1.0206607312001694
True,0.01,0.01,0.01,43.01,0.9936994156512311
True,0.01,0.01,5.01,39.01,0.8544894513059985
False,0.01,0.01,2.01,37.01,0.6847569434761462
False,0.01,0.01,2.01,34.01,0.9121615661439267
False,0.01,0.01,0.01,44.01,0.7866890582467931
True,0.01,0.01,3.01,38.01,0.9161509995828883
False,0.01,0.01,2.01,40.01,0.962663802765502
True,0.01,0.01,1.01,34.01,1.5249406092595261
True,0.01,0.01,1.01,39.01,0.8995171088000786
False,0.01,0.01,0.01,37.01,0.8236237712888447
False,0.01,1.01,1.01,36.01,0.714271906841294
False,0.01,2.01,0.01,29.009999999999998,1.002694478568381
True,0.01,0.01,0.01,38.01,1.0929115752745262
True,0.01,0.01,3.01,37.01,0.9150509441767731
True,0.01,0.01,0.01,32.01,1.0573335029931732
True,0.01,0.01,2.01,48.01,0.9409793398418667
False,0.01,0.01,0.01,33.01,0.9346172827062615
False,0.01,0.01,2.01,29.009999999999998,0.5311651378569927
False,0.01,0.01,1.01,32.01,0.9320694146426438
False,0.01,0.01,1.01,45.01,0.9661401121604487
True,0.01,0.01,0.01,38.01,1.3098665490926984
False,1.01,0.01,0.01,42.01,1.3025736319523276
False,0.01,0.01,1.01,46.01,1.1705159368715057
False,1.01,0.01,1.01,32.01,0.7854887218045113
False,2.01,0.01,1.01,49.01,0.8110001979042349
False,2.01,0.01,2.01,47.01,0.6932117373636573
True,3.01,0.01,0.01,35.01,0.9589839903723909
False,2.01,2.01,1.01,45.01,0.5638920637123702
False,3.01,1.01,1.01,41.01,0.8362417571290951
False,5.01,0.01,1.01,32.01,1.4889954244820398
False,3.01,1.01,3.01,36.01,1.3457303574158657
False,0.01,0.01,0.01,37.01,0.7731062975094647
False,0.01,0.01,1.01,39.01,0.7071285123924085
False,0.01,0.01,2.01,39.01,0.7840408849499909
False,0.01,0.01,0.01,38.01,0.9902160074415297
False,0.01,0.01,0.01,27.009999999999998,0.5477557578043665
False,0.01,0.01,1.01,39.01,1.1228385597289772
True,0.01,1.01,0.01,38.01,1.021994356593748
False,0.01,1.01,2.01,46.01,0.6899850411210368
True,1.01,2.01,0.01,35.01,1.3994905648241485
False,1.01,1.01,0.01,40.01,0.8778029457945943
False,0.01,0.01,1.01,39.01,0.7221902965079465
True,0.01,1.01,0.01,44.01,0.898103245031195
True,1.01,1.01,2.01,41.01,0.7911333939796938
False,1.01,0.01,0.01,41.01,0.8677520403178297
False,2.01,1.01,2.01,32.01,0.5278713294278646
True,1.01,1.01,0.01,47.01,1.133210786323106
False,2.01,1.01,0.01,40.01,1.5857878748357583
True,1.01,0.01,2.01,40.01,1.1912033349463382
False,1.01,1.01,2.01,42.01,0.6293734183724801
False,2.01,0.01,0.01,39.01,0.6185747584693477
True,1.01,2.01,1.01,40.01,1.0718185669054487
False,0.01,2.01,0.01,40.01,1.1226267418662303
True,3.01,2.01,0.01,39.01,0.8550101052667335
True,1.01,1.01,2.01,30.009999999999998,1.03533047673814
False,1.01,2.01,2.01,33.01,1.3830069737262831
True,2.01,5.01,0.01,51.01,1.6229318790271072
True,1.01,1.01,0.01,34.01,0.6038386560655657
False,0.01,1.01,2.01,34.01,1.0500166285308772
False,6.01,0.01,1.01,46.01,1.1812850730804023
False,7.01,1.01,0.01,35.01,1.0544884279385862
True,3.01,6.01,2.01,37.01,0.7784853462912936
True,3.01,3.01,1.01,32.01,0.9443102118589533
True,3.01,7.01,5.01,52.01,0.7255723727105475
False,0.01,0.01,2.01,40.01,0.7057411071079571
False,0.01,0.01,1.01,36.01,0.6661935646916989
True,0.01,1.01,0.01,31.009999999999998,0.9595285506950793
True,0.01,0.01,2.01,33.01,0.8415574654105547
False,0.01,1.01,2.01,43.01,0.8180067125385468
True,0.01,0.01,0.01,36.01,1.0088338955953167
False,0.01,0.01,1.01,39.01,0.9787067674005927
False,0.01,1.01,0.01,59.01,1.194091886261282
True,0.01,2.01,2.01,43.01,1.1902179607824932
True,0.01,2.01,3.01,35.01,1.1809205798174993
True,0.01,1.01,0.01,51.01,1.0764130088701027
False,0.01,0.01,1.01,35.01,0.5782628593181143
False,0.01,1.01,0.01,35.01,0.9048652655290028
False,0.01,0.01,0.01,49.01,0.9784701113300185
False,0.01,1.01,0.01,29.009999999999998,1.1014514570064775
False,1.01,0.01,3.01,43.01,1.1874267607700775
False,0.01,0.01,3.01,42.01,0.7506499762249172
True,0.01,5.01,1.01,34.01,0.5977975500302919
False,0.01,0.01,0.01,25.009999999999998,1.1489414482229805
False,1.01,0.01,1.01,43.01,1.7737604235881808
True,0.01,0.01,1.01,53.01,0.7649325752230306
False,3.01,0.01,0.01,35.01,1.1158417901553015
False,0.01,0.01,1.01,37.01,1.0122815480576075
True,0.01,2.01,1.01,43.01,1.5110317786412177
True,0.01,1.01,0.01,38.01,1.2649835918870913
False,1.01,1.01,1.01,32.01,0.45432766334368946
False,0.01,1.01,0.01,29.009999999999998,1.2063655025089746
True,3.01,0.01,0.01,41.01,1.0029561104572255
True,1.01,2.01,1.01,45.01,1.0628351809630172
False,1.01,3.01,0.01,32.01,0.9189815217467097
False,2.01,1.01,4.01,34.01,0.8611257268800767
False,2.01,0.01,3.01,49.01,1.115681769408592
False,3.01,3.01,1.01,40.01,1.246056605727322
False,0.01,0.01,1.01,35.01,0.9090856531932676
False,0.01,0.01,1.01,40.01,0.911293835216725
True,1.01,0.01,1.01,54.01,1.2121480058830016
True,0.01,1.01,1.01,45.01,1.5885102561410347
True,0.01,0.01,2.01,39.01,0.8181103306486327
False,1.01,2.01,0.01,37.01,1.1845839163678036
False,2.01,0.01,0.01,46.01,0.44545842198200225
True,0.01,1.01,0.01,40.01,1.179322004005414
False,1.01,1.01,0.01,41.01,1.2799620434604955
True,1.01,1.01,1.01,40.01,0.6943663827727247
False,0.01,0.01,5.01,38.01,0.8601873921916147
True,0.01,0.01,3.01,44.01,1.0210165215037805
False,1.01,0.01,1.01,35.01,1.6006258730536924
False,2.01,0.01,0.01,43.01,1.151738944975671
False,0.01,1.01,0.01,42.01,1.8180944122097202
False,1.01,0.01,3.01,51.01,1.3528007755402605
False,2.01,0.01,1.01,32.01,0.5845861460712968
True,1.01,0.01,2.01,38.01,1.327938983939322
False,3.01,1.01,1.01,34.01,0.941031172203584
True,3.01,1.01,1.01,42.01,0.8457179203166538
True,2.01,5.01,0.01,39.01,1.0976165699428289
False,2.01,3.01,0.01,26.009999999999998,0.7913316107778029
False,5.01,2.01,1.01,44.01,1.368364948804101
False,2.01,5.01,3.01,41.01,1.168284373901861
True,1.01,4.01,1.01,36.01,0.8068919667265653
True,1.01,4.01,2.01,29.009999999999998,1.0713571069453423
True,5.01,5.01,2.01,41.01,1.0521925010890896
False,2.01,6.01,1.01,35.01,1.299661602157732
False,6.01,4.01,1.01,55.01,1.2236115264583638
True,3.01,6.01,4.01,45.01,0.711748834791801
False,5.01,7.01,0.01,40.01,1.023231889593782
True,3.01,9.01,0.01,40.01,0.5939646769982796
True,5.01,3.01,1.01,47.01,0.8752128344688932
False,0.01,0.01,0.01,40.01,1.0913263564552445
False,1.01,0.01,0.01,48.01,0.9682798461375877
True,1.01,0.01,1.01,38.01,0.45609219752319446
False,1.01,1.01,2.01,40.01,0.9635959134991131
False,0.01,1.01,0.01,40.01,0.8629236871671874
False,0.01,1.01,0.01,36.01,0.9153370311132721
True,0.01,0.01,0.01,31.009999999999998,0.6787497443387233
True,3.01,0.01,0.01,35.01,0.8613456110845995
False,0.01,0.01,0.01,34.01,1.0238694891764388
False,0.01,0.01,1.01,36.01,0.5981920227605213
False,0.01,2.01,2.01,44.01,0.8462672554401878
False,0.01,1.01,2.01,46.01,1.8067981802190576
False,2.01,0.01,1.01,42.01,1.4138007030004616
False,2.01,0.01,0.01,41.01,1.045658225424378
False,2.01,1.01,0.01,36.01,0.8300874670668276
False,1.01,0.01,2.01,46.01,1.7314861687048384
True,1.01,1.01,0.01,37.01,0.5968378251555664
True,1.01,1.01,0.01,41.01,1.0494555272267208
False,1.01,2.01,1.01,38.01,1.0442908812509513
True,2.01,3.01,1.01,38.01,1.476209359395385
False,1.01,2.01,3.01,32.01,1.2446855210192904
True,1.01,3.01,1.01,35.01,0.9747630010870507
True,1.01,0.01,2.01,45.01,0.9789163373945982
True,3.01,4.01,0.01,40.01,0.7305691129604175
True,0.01,1.01,0.01,49.01,0.42739807453541256
False,3.01,4.01,2.01,47.01,1.615261050643781
True,3.01,2.01,1.01,49.01,1.683575872501263
True,9.01,7.01,2.01,34.01,0.814586328028781
True,4.01,3.01,2.01,46.01,0.947558692477686
False,4.01,8.01,1.01,38.01,0.724885707617717
True,3.01,12.01,1.01,42.01,0.7969834400159717
False,3.01,6.01,2.01,46.01,2.270126689003936
True,8.01,13.01,3.01,46.01,1.5212007817422637
True,0.01,0.01,2.01,36.01,1.1481298881981603
True,0.01,1.01,0.01,49.01,1.4757542924491294
True,2.01,0.01,1.01,39.01,1.1993688264044764
True,1.01,1.01,2.01,45.01,0.9291746732479926
False,0.01,0.01,2.01,42.01,1.5018349410869452
True,1.01,0.01,1.01,46.01,0.7999368661677606
True,0.01,1.01,3.01,40.01,1.2075261677564308
False,1.01,0.01,1.01,44.01,0.4645844693747975
False,0.01,0.01,1.01,40.01,0.8676902344478726
False,0.01,0.01,3.01,33.01,1.0244386443346223
True,0.01,0.01,0.01,37.01,0.6759065557035402
False,0.01,0.01,1.01,42.01,0.7439382802765095
True,0.01,0.01,1.01,44.01,1.1734238049948196
False,0.01,1.01,0.01,31.009999999999998,0.9583397097871592
False,0.01,0.01,0.01,45.01,1.1621668104416647
True,2.01,0.01,0.01,27.009999999999998,0.6566497523489533
True,2.01,3.01,1.01,38.01,0.7214832391644483
False,1.01,1.01,1.01,40.01,1.4186014508997593
False,0.01,0.01,0.01,29.009999999999998,0.8185507663794831
True,1.01,0.01,0.01,39.01,1.4474322918249316
False,0.01,3.01,0.01,44.01,1.1265761547475464
True,1.01,2.01,3.01,38.01,1.0951327646484723
False,0.01,0.01,2.01,42.01,0.5919348550225838
False,2.01,0.01,2.01,49.01,1.002104963096441
False,2.01,1.01,2.01,36.01,0.7391000131958922
False,2.01,0.01,1.01,39.01,1.0142119576246114
True,3.01,2.01,3.01,40.01,1.1461739163566533
False,2.01,2.01,1.01,46.01,0.6106033334005542
False,2.01,0.01,4.01,39.01,1.0358295346258077
False,2.01,1.01,2.01,36.01,1.007779429739648
False,4.01,4.01,0.01,42.01,1.291722842851238
False,2.01,0.01,0.01,42.01,1.0358992850372162
False,4.01,0.01,1.01,45.01,1.0049928330420321
False,0.01,0.01,2.01,43.01,1.0270450047611892
False,0.01,0.01,0.01,47.01,0.9865735997204822
False,0.01,0.01,0.01,50.01,0.7416139711360248
True,0.01,0.01,0.01,45.01,0.672287332657174
False,0.01,0.01,0.01,31.009999999999998,0.6761690471797821
True,0.01,0.01,1.01,33.01,1.033311088891845
False,0.01,0.01,1.01,35.01,0.6862903230917179
True,0.01,0.01,1.01,42.01,1.0054018337327668
False,0.01,1.01,1.01,34.01,1.3885588688893307
True,0.01,1.01,1.01,32.01,0.4981184602211698
True,2.01,0.01,3.01,42.01,1.0403778880857593
False,0.01,0.01,1.01,29.009999999999998,0.8891645715377041
False,2.01,1.01,2.01,42.01,0.80348068952212
False,0.01,0.01,0.01,38.01,0.7042087367004715
False,0.01,2.01,0.01,34.01,0.6181742712541526
False,1.01,1.01,0.01,37.01,0.651862766862767
False,1.01,1.01,1.01,50.01,0.6152650193238514
True,0.01,0.01,1.01,37.01,0.6391964617166799
False,0.01,0.01,1.01,36.01,1.1955868452727032
True,1.01,1.01,2.01,31.009999999999998,0.9515166044433948
True,0.01,2.01,1.01,35.01,0.8876104199664361
False,0.01,0.01,2.01,35.01,0.6239447795582839
False,1.01,1.01,0.01,28.009999999999998,0.9932487720190559
True,1.01,2.01,0.01,31.009999999999998,0.9221230472804846
False,2.01,3.01,0.01,41.01,0.6593267047076907
True,2.01,4.01,0.01,39.01,0.6820019157588734
False,2.01,2.01,0.01,30.009999999999998,1.0424732411687048
False,1.01,2.01,2.01,38.01,0.9246774582082838
False,4.01,2.01,1.01,31.009999999999998,1.11016930261217
False,3.01,5.01,0.01,33.01,1.1627012634201521
False,3.01,3.01,2.01,27.009999999999998,0.619388677542177
False,2.01,2.01,1.01,37.01,1.3168179878344097
False,0.01,0.01,1.01,44.01,1.0281840302772054
True,0.01,0.01,2.01,42.01,0.6607101507284343
True,2.01,0.01,0.01,38.01,0.9583519663795459
False,1.01,0.01,1.01,29.009999999999998,1.030240915923294
False,4.01,1.01,1.01,35.01,0.8371470234674713
True,0.01,0.01,1.01,27.009999999999998,1.3121832403729041
False,1.01,1.01,1.01,29.009999999999998,0.9410216190135903
True,0.01,0.01,1.01,38.01,1.139357190094189
False,1.01,0.01,5.01,37.01,0.8128731325040089
False,1.01,0.01,1.01,29.009999999999998,0.9762230669492339
False,2.01,0.01,0.01,44.01,1.068212092117107
True,2.01,0.01,0.01,40.01,0.9133110262032563
False,1.01,2.01,0.01,32.01,1.1290707012833603
True,0.01,2.01,4.01,39.01,0.6494519515700847
True,3.01,1.01,2.01,42.01,1.588611645433413
False,0.01,1.01,3.01,41.01,1.0243187245535121
False,1.01,1.01,5.01,33.01,1.0070218829302018
False,0.01,1.01,0.01,38.01,0.6251334474139743
True,3.01,1.01,1.01,38.01,0.7398788156999753
True,3.01,4.01,0.01,42.01,0.8771798984173057
True,5.01,2.01,3.01,41.01,0.8794186357607162
False,0.01,1.01,1.01,36.01,1.25761824442165
False,2.01,1.01,3.01,37.01,0.996024627341351
True,3.01,2.01,0.01,44.01,1.1374448851566703
True,1.01,3.01,2.01,46.01,0.6298175705748777
True,5.01,3.01,0.01,33.01,0.5855850390501973
False,5.01,3.01,4.01,40.01,0.6451879506186123
False,2.01,4.01,0.01,36.01,1.1287091712294552
False,1.01,6.01,0.01,32.01,1.055021571386319
False,1.01,6.01,2.01,43.01,1.0781876788480562
False,5.01,8.01,2.01,37.01,1.3550798356008693
True,14.01,18.009999999999998,2.01,41.01,1.0724398035144236
False,1.01,0.01,2.01,39.01,1.237262755529208
False,1.01,0.01,1.01,51.01,0.5582206411579477
True,0.01,3.01,0.01,30.009999999999998,0.8310038174973352
False,0.01,0.01,1.01,47.01,1.0921217361729
False,0.01,0.01,0.01,49.01,0.7626324681137626
False,1.01,0.01,2.01,38.01,0.961276576486703
True,2.01,0.01,0.01,28.009999999999998,1.115606808752211
False,4.01,2.01,0.01,42.01,0.9531372550160012
True,3.01,0.01,1.01,34.01,1.0541521445411308
False,2.01,0.01,1.01,36.01,0.8643583034110986
False,3.01,0.01,1.01,35.01,0.8112358902371019
False,1.01,1.01,2.01,39.01,0.8709331775253418
True,1.01,1.01,2.01,47.01,0.9056150123530577
True,1.01,1.01,0.01,44.01,0.9475069184945623
False,3.01,0.01,1.01,57.01,0.8024073319427841
True,1.01,2.01,1.01,45.01,1.7105634350925603
False,0.01,0.01,3.01,47.01,0.8827358948948603
False,0.01,4.01,1.01,30.009999999999998,0.9136083095015789
True,2.01,2.01,0.01,33.01,0.8142699673079213
True,3.01,4.01,2.01,35.01,0.9465101659252643
True,2.01,3.01,3.01,40.01,0.9325996031994279
True,2.01,1.01,1.01,46.01,0.9910748184301135
False,3.01,3.01,0.01,41.01,1.0826480791347222
False,3.01,2.01,1.01,44.01,1.1660709723713212
True,3.01,3.01,0.01,38.01,0.7209061761085945
False,6.01,3.01,0.01,41.01,0.7381578831498573
False,6.01,5.01,3.01,43.01,1.016501388517181
False,3.01,4.01,1.01,37.01,1.0569851837174065
False,2.01,4.01,3.01,33.01,0.7091710397707167
False,10.01,2.01,2.01,51.01,1.3140121700429204
True,4.01,3.01,1.01,39.01,0.9506420481447491
False,9.01,10.01,3.01,38.01,0.9632723814087595
False,1.01,1.01,0.01,38.01,0.5302567384999631
True,2.01,0.01,2.01,46.01,1.4072356502640457
False,2.01,1.01,1.01,22.009999999999998,0.6964876814236983
False,0.01,0.01,2.01,40.01,1.6831850179154408
True,1.01,2.01,3.01,41.01,1.7889774743570763
True,0.01,1.01,0.01,41.01,1.229801796123083
True,2.01,2.01,2.01,40.01,0.9962032746898861
False,1.01,0.01,0.01,41.01,0.719413123694825
False,0.01,3.01,5.01,35.01,0.9533632513286099
False,1.01,0.01,0.01,38.01,1.389353167541471
False,1.01,1.01,1.01,42.01,1.0129601507244237
True,1.01,2.01,3.01,37.01,1.4345729999071646
True,0.01,1.01,2.01,53.01,0.7589807220487698
False,2.01,3.01,3.01,40.01,1.5584837137553402
False,0.01,2.01,0.01,34.01,0.9559433540315893
False,3.01,1.01,3.01,49.01,1.0799905681301951
True,0.01,0.01,2.01,48.01,0.581739486879391
False,3.01,1.01,0.01,43.01,0.9482291504194355
False,2.01,3.01,1.01,42.01,0.8830384780098842
True,0.01,2.01,3.01,38.01,1.1962229881376656
True,7.01,2.01,1.01,53.01,1.0302667426913144
False,1.01,0.01,0.01,44.01,1.0486535286727103
False,4.01,4.01,2.01,43.01,0.9423718269231889
False,0.01,3.01,6.01,45.01,1.1883728562616576
True,5.01,2.01,3.01,33.01,1.7364074948751265
False,2.01,5.01,4.01,46.01,1.1603113281395347
True,4.01,5.01,2.01,36.01,0.8899181141925998
False,10.01,7.01,4.01,28.009999999999998,0.8868002091963174
False,11.01,9.01,3.01,37.01,1.4875159924877448
False,3.01,5.01,4.01,37.01,0.8847255409511793
True,12.01,9.01,3.01,48.01,1.3761549010375398
True,17.009999999999998,4.01,1.01,48.01,0.9473282322557176
False,1.01,0.01,2.01,40.01,0.4573159005897101
False,0.01,0.01,0.01,37.01,0.7914645141943426
True,0.01,0.01,0.01,39.01,0.7916632599023725
False,0.01,0.01,0.01,35.01,1.1600718337734772
False,0.01,0.01,1.01,47.01,0.8115864257359202
False,0.01,0.01,0.01,44.01,1.6324128941071372
False,0.01,0.01,0.01,35.01,1.0347090200148963
True,0.01,0.01,0.01,38.01,1.0879735855062247
True,0.01,1.01,0.01,41.01,0.6806312225835552
False,0.01,0.01,0.01,43.01,0.7537069168648117
False,0.01,1.01,0.01,41.01,1.0257463952885966
True,1.01,1.01,0.01,46.01,1.3172844583059222
True,0.01,0.01,2.01,38.01,0.7534041469200772
False,0.01,0.01,1.01,42.01,1.123207532351027
True,0.01,0.01,0.01,46.01,0.8438101449280356
False,0.01,0.01,0.01,40.01,0.6912247348582992
False,0.01,0.01,0.01,38.01,1.3247351718865337
False,0.01,0.01,0.01,43.01,0.806892621947307
True,2.01,1.01,0.01,39.01,1.1366874159629203
False,0.01,0.01,0.01,33.01,0.7531518789105555
False,0.01,0.01,3.01,43.01,1.1392060532402901
True,0.01,1.01,0.01,30.009999999999998,1.314088388350563
True,0.01,0.01,2.01,35.01,1.1450903576791467
False,0.01,1.01,0.01,40.01,1.0080472485402874
False,0.01,2.01,0.01,53.01,1.377503265854659
True,0.01,0.01,0.01,41.01,0.8812401481071799
False,2.01,0.01,0.01,38.01,0.5051779794110074
True,1.01,0.01,1.01,37.01,1.2564968948037438
False,1.01,0.01,1.01,38.01,1.0107724285854731
False,0.01,2.01,1.01,33.01,1.7195692527444315
True,1.01,0.01,1.01,40.01,1.1531841034290464
False,1.01,3.01,3.01,40.01,0.9075046380702363
True,1.01,1.01,2.01,32.01,0.9380562387231335
False,0.01,1.01,0.01,40.01,1.1546311666341262
False,0.01,0.01,0.01,40.01,0.6723955025602626
False,0.01,0.01,0.01,33.01,1.020724383395742
False,0.01,0.01,0.01,46.01,1.4239775763128453
False,0.01,0.01,0.01,50.01,0.9872163365757259
False,0.01,0.01,3.01,38.01,1.2621711431674256
True,0.01,0.01,0.01,44.01,1.008441728286584
False,0.01,0.01,0.01,37.01,0.6353558663728756
True,0.01,0.01,1.01,36.01,1.4112222983763412
True,0.01,0.01,0.01,36.01,0.8677981194064155
False,0.01,1.01,0.01,40.01,1.0727209244726252
False,0.01,0.01,0.01,31.009999999999998,0.8256521962018559
False,0.01,0.01,0.01,33.01,0.7568347600579828
True,0.01,1.01,1.01,43.01,1.0108152437844014
True,0.01,0.01,1.01,33.01,1.330304867670889
True,1.01,0.01,1.01,41.01,1.2477128717953012
True,0.01,0.01,0.01,40.01,1.3201704741563363
True,1.01,0.01,0.01,41.01,0.8535537964283428
True,0.01,0.01,0.01,37.01,0.9388271383376302
False,0.01,0.01,0.01,40.01,0.5325118083670716
False,0.01,0.01,0.01,41.01,1.2503893093339373
False,1.01,1.01,1.01,45.01,0.5409911608295505
False,0.01,0.01,2.01,34.01,0.6649024971735198
False,0.01,2.01,1.01,25.009999999999998,0.6596272039978941
True,3.01,1.01,2.01,41.01,0.6590628712462814
False,0.01,0.01,2.01,42.01,0.519433600604115
False,0.01,0.01,1.01,37.01,0.8233945403110488
True,3.01,0.01,1.01,38.01,0.5988792875777249
True,1.01,4.01,2.01,46.01,0.8822497602268464
False,4.01,2.01,2.01,37.01,0.9491045121888775
False,1.01,4.01,0.01,33.01,0.8681442148502914
False,3.01,3.01,3.01,39.01,0.9501181708362559
False,3.01,2.01,6.01,45.01,0.7527104304208801
False,0.01,0.01,0.01,39.01,1.4382754678815364
False,0.01,0.01,1.01,36.01,1.1542871724236514
False,0.01,0.01,0.01,42.01,0.7039008563991846
True,0.01,0.01,0.01,37.01,0.731325474798373
True,0.01,0.01,1.01,42.01,0.8935535477341412
True,0.01,0.01,0.01,39.01,1.0799749925297548
True,0.01,0.01,0.01,33.01,1.401071803931067
False,0.01,0.01,1.01,30.009999999999998,0.5980710812221723
True,0.01,0.01,1.01,46.01,0.9938924963924965
True,0.01,0.01,2.01,45.01,0.9052965208391524
True,1.01,0.01,0.01,37.01,1.5116971488947661
True,0.01,1.01,0.01,43.01,1.2298214025569802
True,0.01,1.01,2.01,47.01,1.82476789169562
False,0.01,0.01,2.01,36.01,0.565103333034924
False,1.01,0.01,0.01,41.01,1.0357564780719297
True,0.01,1.01,0.01,34.01,0.6951224791935953
False,0.01,0.01,0.01,35.01,0.9645371302339231
False,0.01,0.01,0.01,44.01,0.6808037617094661
False,0.01,0.01,1.01,45.01,0.7810556104671822
False,0.01,1.01,0.01,31.009999999999998,0.9053627123356633
True,0.01,0.01,0.01,39.01,0.9814594021717966
False,0.01,0.01,1.01,38.01,0.7529193458108745
True,0.01,0.01,1.01,28.009999999999998,0.9610838313624228
False,0.01,0.01,0.01,35.01,1.1968105621163845
False,0.01,0.01,1.01,39.01,0.6150569241649186
False,0.01,0.01,1.01,33.01,1.3227973284420331
False,0.01,1.01,3.01,38.01,1.600633838396803
False,1.01,2.01,0.01,43.01,1.1423353830546923
False,2.01,1.01,0.01,46.01,1.413184558937724
True,1.01,0.01,1.01,36.01,1.4372049303391006
True,1.01,1.01,4.01,29.009999999999998,0.7468353863568575
True,1.01,3.01,0.01,34.01,1.1850333402328495
True,1.01,0.01,2.01,48.01,1.4805345410187725
True,0.01,0.01,1.01,40.01,0.9270537662031387
False,1.01,0.01,1.01,34.01,0.6804774209751834
False,0.01,0.01,0.01,41.01,0.8872283158957066
True,0.01,0.01,0.01,41.01,0.933202276920148
True,0.01,0.01,1.01,47.01,0.9882697268977315
False,0.01,0.01,0.01,42.01,0.7803699828905004
True,0.01,0.01,2.01,39.01,1.2776727578789722
False,0.01,0.01,1.01,39.01,0.9749730781749122
False,0.01,0.01,1.01,40.01,0.8381494323490717
True,0.01,0.01,0.01,46.01,0.7091446884818328
False,0.01,0.01,0.01,39.01,1.057346718515551
True,0.01,0.01,0.01,37.01,0.7646040231642698
True,1.01,0.01,2.01,33.01,0.6470941722121395
True,1.01,1.01,0.01,27.009999999999998,1.0953929926745796
False,0.01,0.01,3.01,52.01,0.7831148950367139
True,1.01,1.01,0.01,43.01,0.8584862212339673
True,0.01,0.01,2.01,46.01,1.0331161991692501
True,0.01,3.01,1.01,37.01,1.114479006113067
False,0.01,3.01,2.01,36.01,0.9049482826395757
False,0.01,0.01,1.01,42.01,0.7166048029001008
False,0.01,0.01,0.01,28.009999999999998,1.1508609356514923
True,1.01,1.01,2.01,38.01,1.2303318044629297
False,0.01,0.01,2.01,38.01,1.2502652903075457
False,1.01,0.01,1.01,37.01,0.8437203496151375
False,3.01,3.01,2.01,35.01,0.9962778093513416
False,0.01,0.01,1.01,37.01,1.624924507321418
False,3.01,1.01,0.01,46.01,0.6661735567357798
True,2.01,6.01,2.01,36.01,1.2052497759753091
False,4.01,4.01,2.01,33.01,1.173089865875325
False,2.01,6.01,5.01,42.01,0.48194006683467555
True,1.01,3.01,2.01,27.009999999999998,1.4187057365387838
False,0.01,3.01,1.01,42.01,1.054565569032267
False,1.01,1.01,2.01,41.01,1.0737765757900426
False,0.01,0.01,1.01,49.01,1.0176128742187391
False,1.01,2.01,0.01,29.009999999999998,1.2388681541347941
False,0.01,0.01,0.01,39.01,0.7583553674570094
True,0.01,1.01,0.01,42.01,1.3857571199309606
False,0.01,0.01,4.01,33.01,0.9778253034092155
False,0.01,0.01,1.01,37.01,0.6334120922726312
True,0.01,0.01,0.01,36.01,0.6265662839575882
False,0.01,0.01,1.01,38.01,1.0526144737000793
False,1.01,0.01,1.01,51.01,1.1228652974296889
False,1.01,0.01,0.01,47.01,1.067694954177321
True,0.01,0.01,1.01,41.01,0.7769456703888135
True,1.01,0.01,1.01,35.01,0.8180326840648204
True,0.01,0.01,0.01,39.01,1.1027559742983373
False,0.01,0.01,1.01,42.01,0.6918600184019704
True,0.01,0.01,1.01,41.01,0.8263423899158934
False,0.01,0.01,1.01,37.01,0.783065208826594
False,1.01,0.01,2.01,49.01,0.985297443520335
False,0.01,0.01,0.01,39.01,0.843670006771388
False,0.01,0.01,1.01,47.01,0.6656521093285799
False,0.01,0.01,3.01,37.01,0.9937952961983917
True,0.01,0.01,1.01,47.01,0.7344891901470848
False,0.01,1.01,1.01,33.01,0.47898183778009507
True,0.01,0.01,1.01,44.01,1.1856572514183887
True,3.01,1.01,2.01,41.01,0.6712519017944668
True,0.01,0.01,2.01,42.01,1.1119227637369489
False,0.01,3.01,2.01,41.01,0.884645098553366
True,2.01,1.01,1.01,36.01,1.7540986369410667
True,1.01,2.01,1.01,32.01,0.9616760922100188
True,2.01,1.01,2.01,42.01,1.2093755101108044
False,2.01,2.01,2.01,40.01,1.0609915193743018
False,0.01,1.01,3.01,37.01,1.252289895145244
False,1.01,3.01,3.01,37.01,1.0043086309185378
True,5.01,1.01,1.01,52.01,1.1112697686783573
False,0.01,1.01,2.01,36.01,1.587884177345213
False,0.01,0.01,0.01,49.01,0.7707762084811486
False,0.01,0.01,0.01,49.01,0.3366649917323802
False,0.01,1.01,0.01,34.01,0.373849636843293
False,0.01,0.01,0.01,39.01,0.44183685801821326
True,0.01,0.01,1.01,41.01,2.4714737138676774
False,0.01,0.01,1.01,44.01,1.0165712219445384
False,0.01,0.01,0.01,50.01,1.2349438148209226
False,0.01,0.01,1.01,38.01,0.7520179531586253
True,0.01,0.01,0.01,31.009999999999998,1.510796783099298
True,0.01,0.01,0.01,41.01,0.9269310302460894
False,1.01,1.01,2.01,29.009999999999998,0.7869548878599267
False,0.01,0.01,2.01,43.01,1.2889847045188283
False,0.01,1.01,0.01,46.01,0.6360216191389552
True,1.01,1.01,0.01,45.01,1.2535950390432404
True,2.01,0.01,0.01,38.01,0.8506753233296614
True,0.01,0.01,2.01,35.01,0.8921077511738364
False,0.01,0.01,1.01,35.01,1.1231846360868603
True,1.01,1.01,0.01,45.01,1.0867917826791207
False,0.01,0.01,0.01,37.01,1.048700505412462
True,1.01,1.01,0.01,45.01,1.0381564146991453
False,1.01,1.01,2.01,45.01,1.0459792503209673
False,0.01,1.01,3.01,40.01,1.2671449503897636
False,0.01,0.01,1.01,41.01,1.2318362415860202
True,1.01,0.01,1.01,44.01,1.064715476874438
True,0.01,0.01,0.01,38.01,1.3742196997633633
False,1.01,0.01,1.01,40.01,0.9732288464842357
True,1.01,1.01,0.01,34.01,1.5026975927864947
True,3.01,0.01,0.01,29.009999999999998,0.9757254899799315
False,2.01,3.01,1.01,35.01,0.7890308664060286
False,1.01,2.01,1.01,47.01,1.0181655535125012
False,1.01,0.01,1.01,43.01,0.9653422510864272
False,1.01,4.01,4.01,28.009999999999998,1.0173267482818518
False,0.01,0.01,2.01,45.01,1.0163174231122267
False,0.01,0.01,0.01,35.01,1.2854635052901022
True,0.01,2.01,1.01,51.01,0.972681442959291
True,0.01,0.01,0.01,49.01,0.6088781588049804
False,0.01,0.01,0.01,46.01,0.9756315288810335
False,0.01,0.01,0.01,37.01,1.4019459342424678
False,0.01,0.01,0.01,42.01,0.9615527004689205
True,0.01,0.01,2.01,48.01,1.0155152137131251
True,1.01,1.01,2.01,35.01,1.1709034030905332
True,1.01,0.01,2.01,36.01,0.7883139416731013
False,0.01,0.01,0.01,48.01,1.099565814090797
False,0.01,0.01,0.01,38.01,0.7447415599768522
False,0.01,0.01,0.01,32.01,1.05987823660946
False,0.01,0.01,0.01,42.01,1.1622505727870385
False,1.01,3.01,1.01,42.01,0.8689897910623922
True,0.01,3.01,0.01,34.01,1.0854052164263628
True,0.01,2.01,1.01,42.01,0.8228697737559041
False,0.01,0.01,1.01,28.009999999999998,0.9805233051972183
True,0.01,0.01,1.01,44.01,0.8778077599216324
True,1.01,0.01,1.01,36.01,1.030756888225644
True,1.01,0.01,0.01,45.01,1.1872775348831044
False,1.01,1.01,1.01,46.01,1.0421464941991763
False,1.01,1.01,2.01,41.01,0.8100125239124172
False,1.01,1.01,1.01,39.01,1.1542860414106186
False,3.01,0.01,3.01,43.01,0.49254349038011314
False,0.01,0.01,2.01,39.01,1.3604621118817402
True,3.01,1.01,1.01,42.01,1.7164328661148556
True,0.01,1.01,4.01,42.01,0.4378004299722611
False,3.01,0.01,0.01,44.01,0.8173967794657452
False,2.01,2.01,3.01,35.01,0.8251725783468871
True,4.01,0.01,1.01,34.01,1.121822180878112
False,1.01,3.01,2.01,51.01,0.9056165168316224
False,2.01,2.01,2.01,36.01,0.8105603493441693
True,0.01,1.01,0.01,46.01,1.2669532117282478
True,0.01,1.01,0.01,34.01,0.7804361273204901
True,1.01,0.01,1.01,36.01,1.060372134602011
False,0.01,0.01,2.01,44.01,1.2050823998731632
True,0.01,0.01,0.01,54.01,0.6367535550600445
False,1.01,0.01,2.01,46.01,0.8580113762594389
False,1.01,1.01,1.01,48.01,1.4665433541732038
True,0.01,0.01,1.01,36.01,0.8962798185061369
False,0.01,0.01,1.01,41.01,0.7640435621631945
False,0.01,0.01,0.01,44.01,1.2872355112466718
False,0.01,0.01,1.01,38.01,0.9897562333997335
False,0.01,1.01,1.01,37.01,0.9917378607266106
False,0.01,1.01,0.01,40.01,0.9495898820821422
True,1.01,0.01,4.01,47.01,0.894700940766054
True,0.01,0.01,0.01,52.01,1.0917357823131306
False,1.01,0.01,0.01,43.01,1.4018552443027106
False,2.01,0.01,1.01,35.01,0.8964622991349454
True,0.01,0.01,0.01,63.01,0.7601707826212423
False,0.01,2.01,1.01,38.01,0.675608559837269
False,0.01,0.01,0.01,36.01,0.9649094871349145
False,2.01,0.01,0.01,37.01,0.9914443126706487
True,0.01,0.01,0.01,37.01,0.690809516922133
True,0.01,1.01,0.01,38.01,0.9601084060866668
False,2.01,0.01,1.01,42.01,1.2431276071535984
False,1.01,1.01,0.01,36.01,0.9819959781170844
False,1.01,1.01,0.01,28.009999999999998,0.5561845088699309
True,4.01,1.01,1.01,41.01,0.6363178883566062
True,0.01,1.01,1.01,45.01,0.9453074191889981
True,3.01,0.01,2.01,34.01,1.0772346984432346
True,3.01,1.01,1.01,38.01,0.6629304421394899
False,0.01,0.01,2.01,38.01,0.8470735586377954
False,2.01,2.01,5.01,38.01,0.8496303168137468
False,4.01,2.01,2.01,38.01,1.0844442977566546
False,0.01,0.01,1.01,40.01,0.9506533296587278
True,2.01,0.01,0.01,41.01,1.9285016150523027
False,0.01,0.01,0.01,42.01,0.9007322462579531
False,0.01,0.01,2.01,29.009999999999998,0.6185401279132096
True,1.01,2.01,1.01,40.01,1.457995139651126
False,0.01,0.01,1.01,42.01,1.109754495439577
True,1.01,0.01,1.01,36.01,1.1126612194480636
False,2.01,2.01,0.01,38.01,1.2970095637691204
True,1.01,0.01,2.01,40.01,0.8094761343243352
False,0.01,1.01,1.01,56.01,0.8401613867689848
True,0.01,0.01,0.01,39.01,0.7544352906503964
False,0.01,0.01,0.01,40.01,1.42101633467076
False,0.01,0.01,0.01,38.01,1.9952032084662654
True,1.01,0.01,2.01,42.01,1.115170462588676
False,0.01,0.01,0.01,45.01,1.3674906714834247
True,0.01,2.01,1.01,40.01,0.7605989113217908
False,0.01,1.01,0.01,29.009999999999998,1.1579698430802319
False,0.01,2.01,0.01,46.01,1.1677193887837023
True,0.01,1.01,0.01,34.01,1.506240212335342
True,1.01,1.01,2.01,35.01,0.5197006209879209
False,0.01,2.01,0.01,44.01,1.4499900538058434
False,0.01,0.01,2.01,37.01,1.2661077811077812
True,1.01,0.01,2.01,42.01,0.6121525394894961
True,0.01,4.01,0.01,34.01,1.3533144535770814
False,2.01,3.01,1.01,33.01,1.4220667606077049
False,2.01,2.01,0.01,32.01,1.1620264804521463
True,1.01,2.01,0.01,51.01,1.2931884243000393
False,4.01,2.01,1.01,34.01,0.5119883910310408
True,2.01,3.01,2.01,50.01,1.0402236388190187
False,2.01,3.01,3.01,39.01,1.0122136564697521
True,4.01,4.01,3.01,27.009999999999998,0.9477657932697531
False,2.01,2.01,4.01,38.01,0.7810797441972154
False,4.01,1.01,3.01,45.01,1.368217025723537
False,0.01,2.01,3.01,40.01,0.7416877383542542
True,0.01,1.01,0.01,36.01,1.1974387804374809
False,0.01,0.01,0.01,33.01,1.0793126768908854
True,0.01,0.01,0.01,39.01,1.0794133835750195
False,0.01,0.01,1.01,33.01,1.0239341200434644
False,0.01,0.01,0.01,35.01,0.9353437312119454
False,0.01,0.01,1.01,41.01,0.7904534569207743
False,1.01,0.01,1.01,41.01,0.7136271156658486
True,0.01,2.01,0.01,45.01,1.2089839989652469
False,0.01,1.01,2.01,45.01,0.7558426251816798
False,0.01,0.01,2.01,33.01,0.745422151132096
True,0.01,0.01,1.01,38.01,1.2654661076900875
False,1.01,0.01,1.01,51.01,0.9370327507993012
True,0.01,0.01,0.01,39.01,0.639227324287786
False,0.01,0.01,0.01,32.01,1.1722738262316634
False,2.01,0.01,0.01,42.01,0.7782145939994752
True,0.01,2.01,1.01,35.01,1.2000201175577467
True,0.01,0.01,0.01,37.01,1.4636028807021362
False,0.01,0.01,0.01,36.01,1.7588727910136384
False,1.01,1.01,0.01,33.01,1.0848811964364928
True,0.01,1.01,0.01,33.01,0.9226398729970158
False,1.01,0.01,2.01,47.01,0.8162142442024611
True,1.01,0.01,1.01,34.01,1.4134805743885197
False,0.01,0.01,1.01,27.009999999999998,0.8030562200649951
False,0.01,1.01,0.01,36.01,0.61923022725746
False,0.01,0.01,3.01,35.01,0.7409044347959379
True,2.01,4.01,1.01,27.009999999999998,1.0615347504696173
True,3.01,2.01,2.01,35.01,0.8893467040435111
False,2.01,0.01,2.01,44.01,0.9606905501475005
True,4.01,2.01,1.01,31.009999999999998,1.1105790272342253
False,2.01,6.01,4.01,47.01,1.0669306352667836
True,4.01,1.01,3.01,43.01,1.1274517281551921
False,2.01,5.01,3.01,40.01,0.9331111594201429
True,0.01,1.01,2.01,44.01,1.1242784300859228
True,0.01,0.01,1.01,41.01,0.9730698619689606
True,0.01,0.01,2.01,41.01,1.035618895879479
True,1.01,0.01,0.01,46.01,0.8164690331961195
False,0.01,0.01,1.01,30.009999999999998,0.7565903561906054
False,1.01,0.01,1.01,32.01,0.9697028981377015
False,2.01,1.01,2.01,45.01,1.135992673736415
False,0.01,0.01,1.01,56.01,0.9334606470782036
True,0.01,1.01,2.01,41.01,0.9593413837843761
True,0.01,0.01,0.01,49.01,0.956631904005927
True,0.01,1.01,2.01,38.01,1.0870334361134633
False,0.01,0.01,0.01,49.01,1.2171963121411336
False,1.01,0.01,0.01,48.01,0.9050084255966608
False,2.01,2.01,1.01,45.01,0.9484736184828264
True,0.01,0.01,1.01,38.01,1.1994212037772336
False,0.01,1.01,1.01,28.009999999999998,0.5651912149809846
False,0.01,1.01,1.01,32.01,0.7170688740648606
True,0.01,0.01,1.01,29.009999999999998,1.0034436603899477
False,0.01,1.01,1.01,35.01,0.681630923438175
False,1.01,2.01,1.01,43.01,0.8436036215942253
False,0.01,1.01,0.01,41.01,0.7943479839803369
False,1.01,0.01,0.01,41.01,1.4671090396557311
False,1.01,1.01,2.01,45.01,0.9473959048072598
False,0.01,1.01,1.01,43.01,0.5112863181796448
True,1.01,0.01,1.01,49.01,0.6082183884123539
False,1.01,2.01,1.01,43.01,1.0846886467124564
True,3.01,3.01,1.01,32.01,1.139867014727278
False,2.01,1.01,2.01,37.01,0.8540790153222266
False,3.01,5.01,1.01,47.01,0.950996057836527
False,3.01,0.01,0.01,41.01,1.3192070721683968
True,5.01,1.01,0.01,29.009999999999998,1.7314005376698016
True,5.01,5.01,2.01,38.01,0.8866515321623681
False,1.01,0.01,1.01,26.009999999999998,0.9704517889124787
True,0.01,1.01,0.01,37.01,1.1281266886727659
False,0.01,0.01,0.01,37.01,0.686064329228991
True,0.01,0.01,1.01,30.009999999999998,0.8868938624842195
False,0.01,2.01,3.01,41.01,1.401279043420817
False,1.01,0.01,0.01,28.009999999999998,0.9988117887308394
False,1.01,0.01,1.01,46.01,1.0778475219247952
False,0.01,0.01,0.01,33.01,0.7710019883358659
False,0.01,1.01,1.01,40.01,1.065358968556643
False,1.01,0.01,1.01,48.01,1.5139767818788696
True,0.01,1.01,1.01,37.01,1.0876233752438293
False,2.01,3.01,0.01,30.009999999999998,0.8354049530627784
True,1.01,3.01,3.01,33.01,1.037327522941719
True,2.01,1.01,2.01,43.01,0.7248433642537416
False,1.01,1.01,0.01,37.01,0.5624342381617924
False,2.01,1.01,0.01,35.01,0.9749605116024377
True,1.01,2.01,0.01,50.01,0.7803573916434187
False,2.01,3.01,3.01,42.01,0.9853138021715305
False,1.01,0.01,4.01,39.01,1.1087197247657066
False,1.01,1.01,1.01,43.01,1.0658201399953318
False,2.01,0.01,2.01,37.01,0.7544546064783462
True,3.01,0.01,1.01,41.01,1.4364743924047212
True,2.01,1.01,1.01,54.01,0.6438868029442443
True,2.01,1.01,1.01,43.01,0.9325686597898991
False,3.01,2.01,0.01,47.01,0.5681070989504156
False,2.01,2.01,1.01,48.01,1.3027325279784616
True,1.01,5.01,4.01,31.009999999999998,1.371743769971757
False,0.01,1.01,5.01,37.01,0.9765055568512032
True,10.01,7.01,1.01,45.01,1.4074433079183384
False,2.01,1.01,1.01,39.01,1.5562212462101812
False,7.01,1.01,1.01,42.01,1.6266833212239942
True,5.01,6.01,2.01,37.01,0.43490553834505846
False,9.01,4.01,1.01,33.01,1.144161423975685
False,1.01,7.01,1.01,42.01,0.7817864006370814
False,0.01,0.01,0.01,48.01,1.1319138656370744
True,0.01,0.01,1.01,37.01,0.418544859152276
False,0.01,0.01,1.01,33.01,1.783447533264973
True,0.01,0.01,0.01,45.01,0.6442939082596386
True,0.01,0.01,1.01,38.01,0.8898347714104315
False,0.01,0.01,1.01,41.01,1.0901268860444806
False,0.01,1.01,0.01,47.01,1.34608705241626
False,0.01,1.01,3.01,34.01,0.8101669309255882
False,1.01,0.01,1.01,36.01,0.8994648159179128
False,2.01,0.01,0.01,30.009999999999998,0.7431774210453324
False,0.01,2.01,3.01,33.01,1.7801490444139658
True,0.01,1.01,1.01,50.01,1.12042296120496
False,1.01,0.01,0.01,37.01,1.0692414316738121
False,0.01,0.01,0.01,45.01,1.1402688372708598
False,0.01,0.01,1.01,39.01,0.6167360925370078
True,1.01,0.01,0.01,51.01,0.9957812019526356
False,0.01,0.01,0.01,49.01,1.2020326369587062
False,0.01,0.01,0.01,24.009999999999998,0.9325240071088529
True,0.01,1.01,0.01,44.01,1.3960930966589533
False,0.01,1.01,0.01,43.01,1.0384659620073924
True,0.01,0.01,0.01,26.009999999999998,1.3810179953527901
False,1.01,0.01,1.01,41.01,1.3940818724854893
False,0.01,1.01,2.01,43.01,0.6519364469537312
True,1.01,0.01,2.01,47.01,0.8450479374791949
False,1.01,0.01,4.01,41.01,1.446804257634665
True,3.01,2.01,5.01,49.01,1.2923966211155968
True,0.01,0.01,0.01,42.01,0.8683670662922972
True,2.01,2.01,1.01,29.009999999999998,1.1200633371425939
True,3.01,0.01,0.01,35.01,1.504225363377811
False,0.01,0.01,2.01,50.01,1.4204079314506879
True,3.01,0.01,0.01,53.01,1.2458168161770211
False,1.01,2.01,0.01,43.01,0.7046986863842568
True,4.01,4.01,2.01,49.01,1.028305712177215
False,0.01,0.01,1.01,37.01,0.8860471561997627
False,0.01,0.01,0.01,42.01,0.9597332536166432
False,0.01,0.01,2.01,31.009999999999998,1.1437680971726714
False,1.01,1.01,1.01,43.01,0.8289848713657381
True,2.01,0.01,0.01,41.01,1.1484936812202808
True,0.01,1.01,0.01,40.01,0.5913990688094828
False,0.01,1.01,1.01,39.01,0.542747795576743
False,1.01,0.01,0.01,39.01,0.5490890447725693
True,0.01,1.01,0.01,49.01,0.9954647421679385
False,1.01,0.01,2.01,39.01,0.8390592227187643
False,1.01,2.01,1.01,39.01,0.812179248118527
True,0.01,0.01,1.01,30.009999999999998,1.2175655417659748
False,2.01,2.01,2.01,45.01,0.8519323608878189
False,1.01,2.01,0.01,34.01,0.5913310558227591
True,2.01,1.01,0.01,36.01,0.5918559678731778
True,4.01,3.01,1.01,25.009999999999998,0.9859847842449607
True,1.01,0.01,0.01,30.009999999999998,0.9948038672343525
False,4.01,0.01,2.01,31.009999999999998,1.0365460600337344
False,1.01,0.01,1.01,45.01,0.6708515495976798
False,1.01,1.01,0.01,31.009999999999998,1.0973315594197746
True,2.01,3.01,2.01,28.009999999999998,0.555917779757723
True,1.01,2.01,1.01,50.01,0.8675363585137316
True,1.01,2.01,1.01,34.01,0.42719176108775664
True,2.01,2.01,2.01,40.01,0.8028568178527001
False,3.01,1.01,1.01,36.01,0.8173132106221235
False,0.01,2.01,0.01,41.01,1.129962950314132
True,0.01,7.01,1.01,39.01,0.6948785473984371
False,1.01,2.01,1.01,49.01,1.0491954325492083
False,1.01,2.01,0.01,38.01,1.0811127480875122
True,2.01,3.01,2.01,42.01,0.9924050965770073
False,6.01,1.01,4.01,56.01,1.2036862850760184
True,6.01,5.01,1.01,39.01,1.3295943217154695
False,9.01,4.01,5.01,35.01,1.1587543822587698
False,0.01,0.01,0.01,37.01,1.2163459510242658
True,0.01,0.01,2.01,37.01,0.8261126317673366
False,0.01,1.01,1.01,31.009999999999998,0.9013399101454013
False,0.01,2.01,0.01,45.01,0.8801455826474287
True,0.01,0.01,1.01,36.01,0.7036525034103474
False,1.01,1.01,0.01,39.01,0.725559901096828
False,0.01,0.01,2.01,38.01,0.7110779090190855
False,1.01,0.01,0.01,30.009999999999998,0.7669729582887478
True,1.01,0.01,2.01,38.01,0.558741101219754
False,0.01,1.01,1.01,44.01,0.8187023653982552
False,0.01,1.01,1.01,33.01,0.7069558940969212
False,0.01,1.01,0.01,47.01,1.0093335984180518
False,0.01,2.01,0.01,42.01,1.2696135949629976
False,1.01,1.01,3.01,42.01,0.7237353982467835
True,0.01,0.01,3.01,35.01,1.1562877285457929
False,2.01,1.01,0.01,52.01,1.1764711773843652
True,0.01,1.01,0.01,43.01,1.1053264980869812
False,0.01,0.01,0.01,28.009999999999998,0.6209922498697712
True,0.01,0.01,1.01,31.009999999999998,1.1270850284104506
False,1.01,1.01,0.01,39.01,0.7075283008446959
False,0.01,1.01,2.01,38.01,1.1138227965998648
True,1.01,0.01,1.01,43.01,0.5529015027928073
False,1.01,2.01,2.01,37.01,1.062350752118853
True,0.01,1.01,1.01,46.01,0.774621459533918
True,2.01,3.01,1.01,45.01,1.6386663125255834
True,0.01,1.01,0.01,35.01,0.5829388776346418
False,0.01,3.01,1.01,33.01,0.5271964755950139
True,0.01,0.01,1.01,28.009999999999998,0.8840811766899428
False,0.01,2.01,0.01,32.01,0.8767923094731123
True,2.01,6.01,0.01,40.01,0.6790649308260084
False,1.01,0.01,0.01,42.01,1.096065083697825
True,2.01,3.01,1.01,32.01,0.7901249170626666
False,5.01,4.01,3.01,48.01,0.6345301445630392
True,0.01,1.01,1.01,37.01,0.5632383647844549
False,1.01,1.01,2.01,31.009999999999998,0.9052866300753177
False,0.01,2.01,1.01,40.01,1.1468891807582855
False,1.01,1.01,2.01,47.01,1.2830242074057558
False,1.01,1.01,2.01,40.01,0.9017657165765741
False,0.01,0.01,1.01,39.01,1.2068180443505132
True,1.01,0.01,0.01,50.01,0.8185100321205668
False,2.01,0.01,0.01,42.01,1.2170805433324956
True,0.01,0.01,0.01,45.01,1.411769357863764
True,2.01,1.01,2.01,39.01,1.16373212599502
True,1.01,2.01,0.01,48.01,0.8076183741700634
False,0.01,0.01,1.01,39.01,0.8874309528671962
True,1.01,2.01,1.01,41.01,1.097729396824422
False,3.01,1.01,1.01,30.009999999999998,1.3624044180579844
True,2.01,1.01,0.01,34.01,1.141257991464542
False,0.01,0.01,1.01,47.01,1.2477611095872099
True,0.01,1.01,1.01,41.01,1.1700416224251868
False,1.01,3.01,0.01,52.01,1.1784876756314495
False,0.01,1.01,1.01,36.01,0.8203130651697654
True,0.01,0.01,4.01,39.01,1.255130048258765
False,1.01,0.01,2.01,32.01,0.9848228427732951
True,0.01,2.01,1.01,26.009999999999998,0.8176105848186007
False,3.01,1.01,0.01,35.01,1.102245389374128
False,1.01,0.01,3.01,39.01,1.4401008184061626
False,1.01,3.01,0.01,32.01,0.9899009111075436
True,1.01,1.01,1.01,48.01,1.0923749827252318
True,0.01,2.01,0.01,34.01,1.7112146335353426
False,2.01,5.01,1.01,38.01,0.8632723739357763
True,1.01,1.01,4.01,50.01,1.1179942544249657
False,4.01,3.01,0.01,39.01,1.3434700717101578
False,1.01,1.01,0.01,45.01,1.2343796104862441
False,1.01,2.01,1.01,46.01,0.8773486377743343
False,5.01,2.01,2.01,27.009999999999998,0.7612841343257414
True,2.01,0.01,0.01,39.01,0.7121213619121741
False,0.01,1.01,0.01,42.01,0.4446677196677197
False,0.01,0.01,2.01,35.01,1.1954896422604806
False,2.01,0.01,2.01,43.01,0.7152757179550838
True,1.01,2.01,3.01,37.01,0.9123213093636523
True,1.01,2.01,0.01,39.01,0.9695579397011803
True,1.01,2.01,3.01,33.01,0.7252879017532328
True,0.01,1.01,1.01,43.01,0.9969238739104674
False,0.01,0.01,0.01,36.01,1.4932388475682101
True,2.01,3.01,0.01,36.01,0.9358222940472385
True,1.01,0.01,2.01,44.01,0.8510303972100647
True,0.01,2.01,1.01,43.01,0.9185603524619118
False,1.01,2.01,2.01,41.01,0.9125129733824701
False,0.01,1.01,0.01,33.01,0.9674411941312014
False,0.01,1.01,0.01,36.01,0.7534722168325098
False,0.01,1.01,2.01,40.01,0.5865246991797881
False,1.01,1.01,2.01,30.009999999999998,0.938184561675303
False,2.01,1.01,2.01,45.01,0.4329169942927058
True,2.01,1.01,3.01,32.01,1.2426082245924552
True,2.01,2.01,2.01,44.01,1.347579825466369
False,1.01,0.01,2.01,35.01,0.8060584822655761
False,3.01,2.01,1.01,50.01,0.7203354655192225
False,1.01,0.01,1.01,37.01,1.4063311893693276
True,5.01,1.01,2.01,38.01,0.9920918732683438
True,3.01,2.01,0.01,25.009999999999998,0.6575498009096181
False,1.01,2.01,2.01,44.01,1.3005908367233379
False,1.01,4.01,2.01,35.01,1.0242820404310644
False,0.01,1.01,2.01,42.01,0.7618456065544739
True,3.01,6.01,0.01,30.009999999999998,0.9171168299811925
False,1.01,6.01,3.01,46.01,0.7483052525323388
False,6.01,3.01,0.01,30.009999999999998,1.1194513762642886
False,4.01,9.01,2.01,37.01,1.68728836592967
True,0.01,0.01,3.01,43.01,0.8370336326166444
False,1.01,2.01,0.01,38.01,0.7891364479182239
False,0.01,0.01,1.01,48.01,0.7101167340897244
False,2.01,0.01,1.01,40.01,0.7655932527555055
True,2.01,2.01,0.01,46.01,1.2685815290822573
False,1.01,2.01,2.01,33.01,0.724302787142967
False,0.01,0.01,3.01,32.01,0.6952475615480894
False,1.01,2.01,4.01,40.01,1.0334972060433174
True,0.01,2.01,2.01,44.01,0.9265015752990438
False,0.01,2.01,0.01,53.01,1.4298659878518745
False,2.01,3.01,2.01,47.01,0.8677351402969845
False,1.01,0.01,0.01,47.01,0.7063723731677023
False,2.01,0.01,2.01,39.01,0.9677589795309722
False,1.01,1.01,2.01,35.01,0.8934971665424957
False,0.01,2.01,1.01,38.01,0.6939675914657647
False,2.01,2.01,2.01,33.01,0.9938291277332115
False,1.01,0.01,1.01,46.01,0.6650989354044945
False,3.01,3.01,1.01,44.01,1.063802216916744
False,1.01,2.01,0.01,44.01,1.251698002892902
True,3.01,3.01,1.01,31.009999999999998,1.124968643038196
True,2.01,2.01,2.01,44.01,1.4037666386198515
False,2.01,5.01,1.01,39.01,0.7152126072647577
True,5.01,2.01,0.01,49.01,1.4781425074467185
True,4.01,1.01,2.01,37.01,0.502606710166596
True,2.01,11.01,2.01,36.01,0.5008380739754769
True,9.01,6.01,1.01,45.01,1.2443508980823017
True,10.01,4.01,2.01,46.01,1.1036209024557053
True,6.01,9.01,1.01,37.01,0.7316961976638386
False,12.01,2.01,0.01,51.01,1.4469019124669995
True,9.01,9.01,2.01,42.01,0.9180176307300076
False,17.009999999999998,5.01,1.01,48.01,1.4049988554537824
True,7.01,23.009999999999998,3.01,47.01,1.0521327146580806
False,2.01,2.01,2.01,39.01,1.0963249340390058
False,0.01,1.01,5.01,42.01,0.7155266608377676
False,0.01,0.01,4.01,33.01,1.43828160121923
True,2.01,1.01,2.01,42.01,1.4676063162451942
True,1.01,2.01,0.01,37.01,1.4334794368469466
True,0.01,0.01,3.01,36.01,1.1744542000429692
True,3.01,0.01,0.01,37.01,0.7307077727885452
False,1.01,1.01,4.01,40.01,1.2680578560777633
True,2.01,0.01,0.01,41.01,1.0415786550427932
True,2.01,1.01,0.01,45.01,1.1664485078013114
False,2.01,1.01,2.01,29.009999999999998,1.0223550372601606
True,1.01,0.01,0.01,30.009999999999998,1.0141545773810468
False,1.01,2.01,2.01,36.01,0.9280991574293329
False,1.01,4.01,1.01,37.01,0.6144150359881151
True,3.01,2.01,1.01,55.01,1.0619125547575796
False,1.01,4.01,0.01,38.01,2.150887953182711
False,3.01,1.01,1.01,39.01,0.9297758408574348
False,1.01,3.01,1.01,36.01,1.119489804557149
False,5.01,2.01,1.01,39.01,1.5556011311255593
False,0.01,1.01,1.01,41.01,0.7235719579780724
False,4.01,3.01,5.01,36.01,1.1433663855793779
False,10.01,3.01,0.01,36.01,0.7240609522446377
False,1.01,5.01,3.01,43.01,1.4742614894916066
True,12.01,3.01,2.01,40.01,1.2781728855777785
False,6.01,7.01,5.01,33.01,0.9516902893781888
True,4.01,17.009999999999998,1.01,32.01,0.9852226012886589
False,9.01,12.01,1.01,28.009999999999998,0.6195389532437758
False,5.01,4.01,6.01,40.01,1.4090947952141504
False,8.01,24.009999999999998,2.01,40.01,1.2462651570298224
True,13.01,8.01,2.01,43.01,0.9413333941165642
True,10.01,12.01,3.01,34.01,1.1293560228738246
True,7.01,10.01,2.01,42.01,1.1545156540826087
True,1.01,2.01,2.01,39.01,0.7040507350627532
False,2.01,0.01,0.01,37.01,1.0324656311382663
True,0.01,2.01,1.01,36.01,1.053867026540654
False,0.01,1.01,6.01,27.009999999999998,0.7488253155950066
True,0.01,3.01,3.01,49.01,0.583694846637317
False,2.01,1.01,1.01,44.01,0.8714055529867137
False,0.01,0.01,4.01,49.01,1.0700699800708267
True,0.01,0.01,1.01,42.01,1.2016496771519576
False,0.01,0.01,1.01,50.01,1.4566037466037467
True,0.01,1.01,1.01,41.01,1.245000614968835
False,2.01,1.01,2.01,40.01,0.9637456316999692
True,1.01,1.01,2.01,39.01,1.0831863562008734
False,0.01,1.01,0.01,40.01,1.184833471469627
False,1.01,1.01,1.01,49.01,0.8089969508266538
False,1.01,0.01,1.01,51.01,0.7360331343946012
True,2.01,2.01,1.01,34.01,0.8680582580864185
True,0.01,0.01,2.01,44.01,0.9902590022337924
False,1.01,2.01,1.01,35.01,1.0293105059375791
False,6.01,0.01,1.01,53.01,1.4519559367922314
False,0.01,1.01,2.01,36.01,1.6815986365947664
True,2.01,5.01,4.01,49.01,1.1287686626496567
False,2.01,1.01,1.01,51.01,0.8238508921218877
True,5.01,2.01,0.01,41.01,1.2204808859207816
True,4.01,4.01,1.01,32.01,1.4120932114806044
False,6.01,2.01,1.01,45.01,0.9325169309724511
False,4.01,9.01,1.01,34.01,1.4562935848343967
False,1.01,4.01,4.01,50.01,2.0270718158678322
False,3.01,6.01,3.01,42.01,2.0622953943075895
False,3.01,0.01,1.01,47.01,1.056210802085226
True,13.01,18.009999999999998,4.01,44.01,1.5540704124583191
False,10.01,7.01,3.01,53.01,1.2791831186522105
False,15.01,12.01,5.01,39.01,1.5611063113915076
True,0.01,0.01,1.01,34.01,0.8200597389731945
False,2.01,0.01,2.01,44.01,1.0042072330635714
False,0.01,0.01,0.01,36.01,0.9325902844595455
False,0.01,0.01,0.01,42.01,0.5140868500783281
False,1.01,0.01,2.01,40.01,1.0958685661317238
False,0.01,0.01,1.01,45.01,0.3829544540752666
True,0.01,0.01,1.01,35.01,0.8840004439041511
False,0.01,0.01,1.01,43.01,0.9138497461145475
False,0.01,0.01,1.01,45.01,0.8305054633504881
False,0.01,0.01,1.01,33.01,1.2454101009593002
False,0.01,0.01,1.01,35.01,0.6388824977546076
True,1.01,0.01,3.01,34.01,0.858380786708792
True,0.01,0.01,0.01,48.01,1.719598563023273
False,0.01,0.01,0.01,27.009999999999998,0.889101651722183
False,0.01,0.01,0.01,42.01,1.0651358609526305
True,0.01,0.01,0.01,35.01,0.6098126604024943
False,1.01,0.01,0.01,36.01,0.7465865263620681
False,0.01,0.01,0.01,48.01,1.0184486585787051
True,0.01,0.01,1.01,44.01,0.9294520718361826
False,1.01,0.01,0.01,39.01,0.6303625837951158
False,0.01,0.01,1.01,43.01,0.9635962702595673
False,0.01,0.01,1.01,48.01,0.7212237762237763
True,0.01,0.01,0.01,42.01,1.355811848071677
True,0.01,1.01,1.01,45.01,1.1321632851790744
False,0.01,1.01,1.01,26.009999999999998,1.1641190388386564
False,2.01,1.01,0.01,38.01,0.8096850579678975
False,0.01,2.01,1.01,50.01,1.0512676317052936
True,1.01,0.01,1.01,36.01,0.9425688686389175
True,0.01,2.01,0.01,45.01,1.1549208688647536
True,1.01,1.01,1.01,41.01,1.5699893007514958
False,1.01,3.01,1.01,44.01,1.0644430878951001
False,1.01,0.01,4.01,52.01,0.6531010808132149
False,7.01,0.01,8.01,38.01,1.3079334151840272
True,0.01,0.01,1.01,44.01,0.9669167120688241
False,0.01,0.01,0.01,49.01,0.9752454471774958
False,0.01,0.01,0.01,47.01,1.6370511866560615
False,0.01,0.01,0.01,45.01,1.2683710738907648
False,0.01,0.01,0.01,41.01,0.8872991334036605
True,0.01,1.01,0.01,26.009999999999998,1.190165112665113
True,0.01,0.01,2.01,40.01,0.5646802713133362
True,0.01,0.01,1.01,40.01,0.6115260952075509
False,0.01,0.01,0.01,40.01,0.9302007574766932
True,0.01,0.01,0.01,39.01,0.8707690277753415
False,0.01,0.01,1.01,35.01,0.8391888740380886
False,0.01,0.01,0.01,43.01,1.4431978230818676
False,0.01,1.01,0.01,44.01,1.1973604403203175
True,0.01,0.01,0.01,37.01,0.7411583217629538
False,0.01,0.01,0.01,36.01,0.7472471319897961
False,0.01,0.01,1.01,37.01,1.2960068285949204
True,0.01,0.01,0.01,33.01,0.9978694471686463
True,1.01,1.01,2.01,35.01,0.6770891457187946
False,0.01,0.01,2.01,41.01,0.7659586636480786
True,0.01,0.01,1.01,36.01,0.7736962289582805
False,1.01,0.01,0.01,38.01,1.1946992579207332
False,0.01,0.01,0.01,51.01,0.5012046812845672
False,1.01,1.01,0.01,34.01,0.7945638980229773
False,1.01,0.01,0.01,40.01,1.6830927360253527
False,0.01,0.01,1.01,32.01,1.3215846912482492
False,0.01,1.01,0.01,46.01,1.0326747472898912
False,1.01,1.01,1.01,32.01,1.1213081218423955
True,0.01,0.01,2.01,36.01,0.8531486498429013
False,1.01,1.01,0.01,32.01,1.5278008231512612
True,1.01,0.01,0.01,34.01,1.0533203916589309
True,1.01,1.01,1.01,35.01,0.8355543934551464
False,2.01,2.01,2.01,30.009999999999998,0.8434956106852234
False,3.01,1.01,2.01,44.01,0.9848644211872862
True,0.01,1.01,0.01,49.01,0.890961927632872
True,0.01,0.01,0.01,39.01,1.3071179976367173
False,0.01,1.01,1.01,35.01,0.790529163607422
True,0.01,0.01,0.01,40.01,0.5735274729955582
False,0.01,0.01,2.01,33.01,1.1394298178472537
False,0.01,0.01,0.01,45.01,1.2419332852093445
True,0.01,0.01,0.01,57.01,0.6274412311898437
False,0.01,0.01,0.01,33.01,1.252125760546186
False,0.01,0.01,0.01,34.01,1.3622356298832308
False,0.01,0.01,2.01,49.01,0.762444682510472
True,0.01,1.01,1.01,39.01,0.7225285808103147
False,1.01,0.01,0.01,47.01,1.502797924915753
True,0.01,0.01,1.01,47.01,1.223162417156778
False,0.01,0.01,1.01,49.01,0.7198057102107686
True,0.01,1.01,2.01,47.01,0.7353742552026964
True,0.01,1.01,1.01,39.01,1.0498532367650013
False,1.01,0.01,0.01,38.01,0.9715036206799148
False,0.01,0.01,2.01,33.01,0.6254635136063416
False,0.01,1.01,1.01,49.01,1.1156978730556182
False,0.01,1.01,1.01,35.01,0.586520051585841
False,1.01,0.01,0.01,38.01,1.1173659553700783
False,0.01,0.01,1.01,34.01,0.8688657592580135
True,2.01,0.01,1.01,39.01,1.0711912021354293
False,0.01,1.01,1.01,28.009999999999998,1.1448100200526095
True,0.01,0.01,1.01,50.01,1.396694972158718
True,0.01,0.01,0.01,39.01,1.1223093675137632
True,0.01,0.01,0.01,52.01,0.5431901891169927
False,2.01,1.01,0.01,41.01,0.8732249383503595
False,1.01,0.01,1.01,34.01,1.1068919337883507
False,1.01,2.01,2.01,32.01,1.081326404392327
False,1.01,1.01,0.01,49.01,0.7053940025893808
True,4.01,1.01,4.01,42.01,1.5986220072329784
False,2.01,1.01,3.01,43.01,0.5965069960658196
True,0.01,0.01,1.01,34.01,1.6929957954346235
True,1.01,0.01,0.01,45.01,1.1707394526229606
False,0.01,0.01,1.01,35.01,1.2954156141052304
True,0.01,0.01,1.01,35.01,1.1437029849676776
False,0.01,0.01,0.01,39.01,1.1780885168526363
False,0.01,0.01,1.01,38.01,0.7936592634575718
True,0.01,1.01,0.01,41.01,1.441811875101197
False,0.01,0.01,0.01,40.01,0.9528546689770281
True,1.01,0.01,0.01,44.01,1.6182496276015876
False,0.01,0.01,0.01,32.01,0.8364066479928036
False,0.01,0.01,0.01,49.01,0.4965027059503804
False,0.01,0.01,0.01,42.01,0.7348810818167418
True,0.01,0.01,0.01,56.01,1.2338312216984513
False,0.01,1.01,0.01,39.01,1.127329733074807
False,0.01,0.01,0.01,47.01,0.6236231270100661
True,0.01,0.01,1.01,41.01,0.9832838297910986
False,0.01,0.01,2.01,40.01,0.5517847380955976
False,0.01,0.01,2.01,48.01,0.8010726248700297
True,2.01,0.01,1.01,47.01,1.6562439705870131
True,0.01,2.01,1.01,50.01,1.2559516721860613
False,1.01,0.01,1.01,44.01,0.9283202233703183
False,0.01,0.01,0.01,48.01,0.7123064657716242
False,1.01,0.01,0.01,41.01,1.2978926853844202
False,1.01,0.01,1.01,44.01,1.4507211506923612
True,1.01,0.01,0.01,46.01,1.6014437210874952
False,0.01,0.01,1.01,44.01,1.0410371040491941
False,1.01,0.01,2.01,47.01,1.184977250842779
True,0.01,0.01,2.01,30.009999999999998,1.7668894387822627
False,1.01,1.01,4.01,44.01,0.7464447911533743
True,0.01,0.01,1.01,51.01,0.8670398815724211
False,3.01,0.01,2.01,41.01,0.7068336072032941
False,4.01,0.01,1.01,36.01,1.0700943712003874
False,1.01,2.01,2.01,50.01,1.5748360324760955
True,0.01,1.01,2.01,54.01,1.1517562886370645
False,0.01,0.01,0.01,42.01,0.5123915139762851
False,0.01,0.01,0.01,53.01,0.6146688184678742
False,0.01,0.01,0.01,46.01,1.1117652156707374
True,0.01,0.01,0.01,54.01,1.4923964752947456
False,0.01,0.01,1.01,41.01,1.1851982915343648
True,0.01,0.01,0.01,55.01,0.7130730653097144
False,0.01,1.01,1.01,41.01,0.8891331793554516
True,1.01,1.01,4.01,31.009999999999998,0.5972588945200622
False,1.01,0.01,0.01,29.009999999999998,0.5150377441998335
True,0.01,3.01,0.01,40.01,1.658644653277006
True,0.01,0.01,2.01,46.01,0.8310140332078422
True,2.01,0.01,0.01,47.01,0.6688401863557882
False,0.01,1.01,2.01,43.01,0.9728067303421077
False,2.01,1.01,1.01,38.01,0.6344868205545751
False,0.01,0.01,0.01,36.01,0.6918150927303404
False,1.01,0.01,1.01,48.01,1.0042057506763389
True,0.01,1.01,0.01,45.01,1.3292059181905287
False,2.01,0.01,1.01,49.01,1.2384476905082331
False,1.01,0.01,1.01,42.01,0.8290854406501651
False,4.01,0.01,0.01,53.01,1.0629894229863794
False,2.01,0.01,2.01,38.01,1.0618954263121867
True,1.01,0.01,0.01,47.01,0.7947498716819205
False,1.01,1.01,1.01,36.01,1.0270130532653994
True,1.01,1.01,0.01,32.01,0.8638603084390816
False,0.01,0.01,0.01,38.01,0.6361208716168545
True,1.01,0.01,1.01,55.01,1.3970841248791595
False,2.01,1.01,0.01,38.01,1.5195624561692345
False,0.01,1.01,0.01,35.01,0.7046425510385467
True,2.01,2.01,1.01,48.01,1.4842112174296445
True,4.01,1.01,3.01,43.01,1.7727749489119244
True,3.01,3.01,3.01,52.01,1.1036028569116971
True,1.01,1.01,4.01,41.01,1.0859128679941714
True,0.01,1.01,1.01,39.01,1.118389884083535
False,0.01,0.01,0.01,29.009999999999998,0.579184040586842
False,0.01,0.01,1.01,38.01,1.0113863556587623
False,0.01,1.01,0.01,42.01,0.8640520753903695
True,0.01,0.01,0.01,40.01,0.8666360206162838
True,0.01,0.01,1.01,30.009999999999998,1.1483546887914544
False,0.01,0.01,1.01,28.009999999999998,0.9678987757060608
True,0.01,0.01,0.01,45.01,0.7511927089604823
False,0.01,0.01,0.01,32.01,0.8367097067019668
True,3.01,0.01,0.01,40.01,0.9490916324992211
False,0.01,1.01,2.01,28.009999999999998,1.4634080428527645
False,0.01,0.01,0.01,36.01,0.9963367046075793
False,1.01,0.01,0.01,35.01,0.88000872872225
True,0.01,0.01,1.01,32.01,1.0449742830817
False,0.01,1.01,2.01,35.01,0.7232783882783883
True,0.01,0.01,1.01,44.01,1.3960929010760859
True,0.01,0.01,1.01,28.009999999999998,0.757223978328446
True,1.01,1.01,0.01,29.009999999999998,1.591234919141681
True,0.01,1.01,1.01,37.01,0.8476298837728443
False,0.01,1.01,0.01,33.01,1.191445934503561
False,0.01,0.01,2.01,34.01,1.1061327222220703
False,0.01,0.01,3.01,45.01,0.7765770553040339
True,2.01,1.01,0.01,24.009999999999998,0.7978092701710413
False,0.01,0.01,5.01,40.01,0.9815590817680233
False,1.01,0.01,4.01,47.01,1.2038088852438489
True,2.01,3.01,3.01,41.01,1.7595131095536198
True,1.01,1.01,1.01,40.01,0.8606850334628815
False,2.01,0.01,2.01,40.01,0.5360518460427839
False,4.01,0.01,2.01,45.01,0.794414007406405
False,4.01,0.01,0.01,41.01,0.8467022811703664
False,0.01,1.01,6.01,48.01,1.0608356499280798
False,6.01,3.01,1.01,32.01,1.0798990047264576
False,3.01,4.01,0.01,51.01,0.985348728796346
True,0.01,0.01,1.01,35.01,1.506976289963612
True,0.01,0.01,1.01,35.01,0.9395920239516333
True,0.01,0.01,0.01,38.01,0.7933235212588927
False,0.01,0.01,0.01,44.01,0.8316214608049582
False,1.01,0.01,0.01,34.01,1.0515150094377281
False,0.01,0.01,1.01,31.009999999999998,1.1641761002044506
False,0.01,0.01,1.01,37.01,1.1450015999867262
False,0.01,0.01,1.01,28.009999999999998,0.8244021417934461
False,0.01,0.01,0.01,39.01,1.0602920747550921
False,0.01,0.01,0.01,33.01,0.8246306655646692
False,0.01,0.01,1.01,39.01,1.3842613641651165
True,1.01,0.01,2.01,31.009999999999998,1.3768032308926494
True,0.01,0.01,1.01,45.01,0.9731431206399033
True,0.01,1.01,2.01,31.009999999999998,0.7048731731261328
False,0.01,0.01,1.01,44.01,0.8417717100348426
True,1.01,0.01,1.01,28.009999999999998,0.7612196034364019
False,1.01,0.01,1.01,40.01,1.3795791442054135
False,0.01,1.01,0.01,45.01,0.9028640002517877
False,1.01,0.01,1.01,37.01,1.1043800764126743
False,0.01,2.01,2.01,41.01,0.8356009309192152
False,1.01,1.01,0.01,41.01,0.700249272666331
False,0.01,0.01,0.01,33.01,0.7622676232246207
False,1.01,1.01,1.01,38.01,0.725749527996051
False,0.01,0.01,2.01,28.009999999999998,1.8662661632315822
False,0.01,5.01,0.01,34.01,0.9394153948723724
False,0.01,2.01,1.01,35.01,1.518100018219683
True,1.01,0.01,1.01,35.01,0.9266877532976603
False,1.01,1.01,0.01,33.01,1.3033190621265864
False,2.01,1.01,1.01,36.01,1.0403204974928906
True,1.01,0.01,0.01,28.009999999999998,1.151452399523291
True,3.01,3.01,1.01,36.01,0.5454991113427033
False,2.01,2.01,4.01,33.01,0.8319840535134593
False,3.01,2.01,3.01,42.01,1.0365855783919602
True,0.01,0.01,1.01,36.01,0.7224138120093163
False,0.01,0.01,0.01,33.01,0.9240805585836468
False,0.01,1.01,0.01,32.01,0.6956755964939854
True,1.01,0.01,2.01,36.01,0.7045414305159178
False,1.01,0.01,1.01,49.01,1.075416333347797
True,1.01,0.01,0.01,40.01,0.5139621342269748
False,1.01,1.01,1.01,46.01,0.9141651812602023
False,0.01,0.01,0.01,44.01,1.0686206260200066
False,0.01,0.01,1.01,34.01,0.5922139714978589
True,0.01,1.01,1.01,43.01,0.9863329266325981
False,0.01,0.01,1.01,39.01,1.1665845456871176
False,0.01,0.01,0.01,32.01,0.8428770660253825
True,0.01,1.01,0.01,42.01,1.2830243428069514
False,0.01,2.01,3.01,42.01,1.2563785972867882
False,0.01,0.01,0.01,38.01,0.5414262340845015
False,1.01,0.01,1.01,30.009999999999998,0.8115997055336597
True,0.01,1.01,0.01,38.01,0.7785435829249854
True,1.01,1.01,0.01,38.01,0.9893144931397062
False,1.01,0.01,0.01,36.01,1.460446937762329
True,1.01,0.01,1.01,38.01,1.1785010318636364
True,0.01,1.01,1.01,34.01,0.9924476479963859
False,1.01,6.01,0.01,45.01,0.5948657154653924
True,0.01,0.01,2.01,45.01,0.7577577757535885
False,3.01,1.01,1.01,41.01,0.7016218080293772
True,1.01,1.01,2.01,41.01,1.530354271470338
True,0.01,0.01,1.01,33.01,1.3636143051682452
True,2.01,1.01,1.01,41.01,0.978358917642805
True,2.01,2.01,0.01,38.01,0.8661485533890767
False,1.01,0.01,0.01,31.009999999999998,1.1791748867489817
False,1.01,1.01,3.01,38.01,1.3779368411630601
False,2.01,5.01,0.01,55.01,1.2103934556854072
False,0.01,3.01,3.01,43.01,0.5976678822223936
False,1.01,2.01,4.01,38.01,1.1383096169633529
True,0.01,0.01,1.01,38.01,0.5854435978262261
False,0.01,0.01,0.01,38.01,0.5265150313390069
False,0.01,0.01,0.01,36.01,1.0763492513327706
False,0.01,1.01,0.01,42.01,1.113241295952165
True,0.01,0.01,0.01,40.01,1.0847570104187751
True,0.01,0.01,0.01,40.01,0.9329529901276193
False,0.01,0.01,1.01,33.01,0.9573941925779537
False,1.01,0.01,1.01,49.01,0.7308420664303017
False,0.01,0.01,0.01,48.01,0.7766938313746381
True,2.01,0.01,0.01,43.01,0.9314879633161638
True,0.01,0.01,1.01,43.01,0.9652762261333386
False,0.01,0.01,0.01,46.01,0.5620725989047737
False,0.01,0.01,1.01,42.01,0.8060680816688609
False,0.01,1.01,0.01,46.01,1.5760692505440406
False,0.01,0.01,0.01,41.01,1.045988769684422
True,0.01,0.01,0.01,45.01,1.0786250150988241
True,0.01,1.01,1.01,49.01,0.6948602896756111
False,0.01,0.01,0.01,46.01,0.5807641106668568
True,0.01,2.01,0.01,45.01,2.152061027076444
True,0.01,0.01,0.01,42.01,1.3159924698723198
False,0.01,1.01,0.01,32.01,1.4519615024995713
False,0.01,0.01,0.01,33.01,0.8807081373663526
True,0.01,0.01,2.01,37.01,1.2666898082529143
False,1.01,1.01,2.01,30.009999999999998,1.293464631552514
True,2.01,0.01,1.01,39.01,2.090243309540561
False,2.01,0.01,1.01,29.009999999999998,1.2383630274520918
False,2.01,1.01,0.01,42.01,1.166095178938464
False,0.01,0.01,0.01,45.01,1.2957794704873689
False,1.01,2.01,1.01,41.01,0.6058393851881355
False,1.01,2.01,0.01,47.01,0.9320425020574481
True,4.01,1.01,2.01,42.01,1.5084291410489594
True,1.01,4.01,0.01,40.01,1.5309660074365958
True,4.01,3.01,4.01,37.01,0.8850518245843036
True,0.01,0.01,0.01,39.01,0.9805312067983167
True,0.01,0.01,0.01,45.01,0.9135069022878869
False,0.01,0.01,0.01,39.01,0.6677904292875917
True,0.01,0.01,0.01,42.01,0.8582599435540613
False,0.01,0.01,0.01,43.01,1.2192128658425316
True,0.01,1.01,0.01,43.01,0.46853256814223027
False,1.01,0.01,0.01,33.01,1.2833544474227316
False,0.01,1.01,0.01,41.01,1.6104995104528819
True,0.01,0.01,0.01,26.009999999999998,1.0754306487004546
False,0.01,0.01,0.01,41.01,0.9829144826991117
True,0.01,0.01,0.01,31.009999999999998,0.8850432446121547
False,1.01,0.01,2.01,40.01,0.6731877588903864
True,0.01,0.01,0.01,41.01,1.1352703062592209
False,0.01,0.01,1.01,27.009999999999998,2.148965056206359
False,0.01,0.01,0.01,40.01,2.4186659007905673
False,0.01,1.01,1.01,53.01,1.1606770115508294
True,0.01,1.01,0.01,38.01,1.3952011694168598
False,1.01,1.01,0.01,39.01,0.8517713361394261
True,1.01,0.01,0.01,38.01,0.9222677927873029
True,1.01,0.01,0.01,54.01,1.5182408778749026
True,2.01,1.01,3.01,44.01,0.7477410579220548
False,2.01,0.01,3.01,36.01,0.7778663395772585
False,1.01,1.01,1.01,37.01,1.0613476235604593
False,0.01,1.01,0.01,41.01,1.5061815968216348
True,2.01,3.01,1.01,28.009999999999998,1.3335973728495985
False,0.01,0.01,1.01,37.01,0.7740014313927357
True,1.01,1.01,0.01,41.01,0.9258154469532345
False,2.01,1.01,1.01,35.01,0.3917442221372747
False,3.01,1.01,2.01,41.01,0.7227225628869097
False,2.01,2.01,1.01,40.01,0.7391842218033013
False,2.01,2.01,4.01,25.009999999999998,1.3875144814170817
False,1.01,2.01,0.01,47.01,1.2418347095085505
True,5.01,6.01,1.01,27.009999999999998,1.451550679121348
False,0.01,0.01,0.01,40.01,0.8899084586943684
False,0.01,0.01,2.01,32.01,1.0052089703625344
False,0.01,0.01,2.01,44.01,0.6499658808570639
True,0.01,1.01,0.01,33.01,1.2633360918125511
True,0.01,0.01,1.01,38.01,1.1982978420656616
True,0.01,0.01,1.01,33.01,0.5911542373579164
False,0.01,0.01,2.01,44.01,0.7919664971430752
False,1.01,0.01,1.01,49.01,0.7679128952514341
True,0.01,0.01,1.01,45.01,0.9504483817358211
False,0.01,0.01,0.01,43.01,0.9096205202957879
False,0.01,0.01,0.01,39.01,0.8897748378627045
True,0.01,0.01,0.01,41.01,1.1222639414505748
True,0.01,0.01,1.01,45.01,0.9808804701723957
True,0.01,0.01,2.01,44.01,0.8824930747538552
False,1.01,0.01,0.01,34.01,0.7552206389706391
False,1.01,2.01,1.01,41.01,1.264581806764301
False,0.01,1.01,1.01,37.01,1.5698561718404025
False,0.01,0.01,1.01,42.01,1.4649059923865217
True,1.01,1.01,0.01,45.01,0.5870315840958094
True,0.01,1.01,2.01,42.01,1.4248054444645506
False,1.01,0.01,0.01,39.01,1.1263366463801183
True,1.01,0.01,4.01,56.01,1.9354084144771908
False,1.01,0.01,1.01,46.01,1.0924164300874346
False,0.01,1.01,0.01,37.01,0.8096707159747133
False,0.01,1.01,0.01,36.01,0.7862575098237975
False,2.01,1.01,2.01,34.01,1.0384463598417086
False,2.01,3.01,2.01,38.01,1.3175669588381813
False,1.01,0.01,1.01,38.01,1.280260077588331
True,0.01,0.01,1.01,37.01,0.7022576329507701
True,3.01,2.01,3.01,52.01,0.7869230482252303
False,1.01,1.01,0.01,40.01,1.1889779177937072
False,1.01,1.01,2.01,35.01,1.0661081891964246
False,5.01,2.01,1.01,47.01,1.9027117192645142
True,1.01,0.01,1.01,32.01,0.673960393401066
False,0.01,0.01,0.01,38.01,0.3689220377146074
False,0.01,0.01,1.01,34.01,1.019524661649539
False,0.01,0.01,0.01,43.01,1.5498536393086262
True,1.01,1.01,0.01,37.01,0.8972651085767466
False,0.01,0.01,0.01,43.01,1.165035449735273
True,0.01,0.01,1.01,44.01,0.8969363445646235
False,1.01,0.01,0.01,54.01,0.8107772773856015
True,0.01,0.01,0.01,38.01,1.2462939226337104
False,0.01,0.01,1.01,36.01,1.257305786649007
True,0.01,1.01,0.01,34.01,0.9861719879514048
False,0.01,0.01,1.01,36.01,0.8326538520706646
False,0.01,0.01,0.01,38.01,1.3102009954365827
True,0.01,0.01,1.01,44.01,0.5946632080391567
False,0.01,0.01,0.01,34.01,0.7455795942720995
True,1.01,0.01,2.01,50.01,1.1945859571371784
True,0.01,1.01,1.01,32.01,1.0793927673325565
False,1.01,1.01,0.01,54.01,0.7657181425184367
False,1.01,0.01,2.01,33.01,0.7343332409198919
False,0.01,0.01,1.01,49.01,1.2045890931564027
False,1.01,0.01,2.01,37.01,1.0566123304445267
False,0.01,0.01,2.01,29.009999999999998,0.7103806046320323
False,1.01,1.01,0.01,45.01,0.9558806418343586
False,0.01,0.01,2.01,35.01,1.0070973372090761
True,0.01,1.01,0.01,42.01,1.1001003349326282
True,0.01,1.01,1.01,54.01,0.6984388203844004
False,0.01,2.01,1.01,36.01,1.1698412294142606
True,1.01,0.01,2.01,47.01,0.5545917832572519
False,2.01,2.01,3.01,42.01,1.203745098947873
False,0.01,0.01,0.01,47.01,1.2873580731379075
False,0.01,0.01,0.01,42.01,0.8784656898734412
True,1.01,3.01,1.01,38.01,1.0008588373873115
True,4.01,1.01,2.01,43.01,1.0570380842655505
True,0.01,1.01,0.01,23.009999999999998,1.1962936929008354
True,0.01,0.01,0.01,43.01,0.7666931986452991
False,1.01,0.01,0.01,42.01,0.7593460563505117
True,0.01,1.01,1.01,31.009999999999998,0.7879709889790535
True,0.01,0.01,0.01,41.01,0.6692564407467959
True,1.01,0.01,0.01,29.009999999999998,1.0851693757956686
True,1.01,0.01,3.01,37.01,1.5835184771583934
False,0.01,0.01,0.01,39.01,0.7572552240079297
False,1.01,0.01,0.01,30.009999999999998,0.7431573412698056
False,0.01,0.01,0.01,33.01,0.7160504310875729
False,1.01,1.01,0.01,39.01,0.7034821772575379
False,0.01,0.01,2.01,36.01,0.9811035536520589
False,0.01,1.01,2.01,43.01,0.7130662800563661
False,0.01,0.01,2.01,38.01,1.3372621548933386
True,1.01,2.01,1.01,36.01,1.3425746375202896
False,2.01,1.01,1.01,45.01,0.3876921909567157
True,1.01,0.01,1.01,39.01,1.3923147809032317
False,0.01,0.01,2.01,48.01,0.4559365280841926
False,1.01,0.01,0.01,38.01,1.043880219537977
True,2.01,2.01,0.01,34.01,1.2362790818850733
True,0.01,2.01,0.01,45.01,0.7325172512808219
False,0.01,1.01,1.01,35.01,0.7680635588646424
False,1.01,1.01,1.01,39.01,1.5772444848811131
True,1.01,1.01,0.01,38.01,1.5222931445553474
False,1.01,1.01,4.01,47.01,0.6946567494223814
True,1.01,2.01,0.01,35.01,0.6520450019155278
False,1.01,2.01,0.01,21.009999999999998,1.23543974115475
False,2.01,3.01,2.01,39.01,0.6811943523055656
True,2.01,0.01,1.01,48.01,0.946882682426806
True,4.01,2.01,3.01,42.01,0.8694249690314202
False,3.01,3.01,2.01,40.01,0.8716196527486851
False,2.01,6.01,3.01,39.01,1.899999769106933
False,7.01,3.01,4.01,47.01,1.055887078683169
True,0.01,0.01,0.01,43.01,0.8595857641787239
True,0.01,2.01,1.01,49.01,1.0581027704863348
True,1.01,0.01,1.01,36.01,1.516880730998189
False,0.01,0.01,0.01,46.01,0.7244195702588114
True,0.01,0.01,0.01,40.01,1.1505719598958635
False,1.01,0.01,1.01,42.01,0.9860805365342572
False,0.01,0.01,0.01,41.01,1.0509185335617977
False,1.01,0.01,1.01,35.01,1.4613288003108305
True,0.01,0.01,1.01,42.01,0.4241239877653731
True,0.01,0.01,1.01,40.01,1.7023214996299667
True,1.01,0.01,1.01,42.01,1.4766870740986417
True,1.01,1.01,1.01,42.01,1.590665987395729
False,0.01,0.01,0.01,55.01,0.8818707401688451
False,0.01,0.01,0.01,39.01,0.6570774225948102
False,0.01,0.01,0.01,34.01,1.0437602611060393
False,0.01,1.01,1.01,48.01,0.5690634937509079
False,1.01,0.01,0.01,32.01,0.7360636622875028
True,0.01,0.01,1.01,39.01,1.3859859627119855
False,1.01,0.01,0.01,40.01,0.5653378481058172
False,0.01,1.01,1.01,42.01,0.8073583031081597
True,0.01,1.01,0.01,36.01,0.8812634754383821
False,0.01,0.01,2.01,33.01,0.6778277225622173
True,0.01,0.01,2.01,40.01,1.2379591685549298
False,0.01,0.01,1.01,42.01,0.7512408397702515
False,3.01,0.01,0.01,41.01,1.277559533910427
False,0.01,1.01,3.01,36.01,0.716724961742657
True,1.01,0.01,0.01,51.01,1.4331738218068268
False,1.01,3.01,0.01,51.01,1.059513796233586
True,1.01,0.01,0.01,33.01,1.2347125465993265
False,3.01,0.01,3.01,40.01,1.292466673054368
False,3.01,10.01,3.01,38.01,1.3343868942224981
False,1.01,3.01,2.01,24.009999999999998,0.9153192110177405
False,1.01,4.01,0.01,37.01,0.8889529251810461
True,0.01,0.01,1.01,49.01,1.4298948064581054
False,0.01,0.01,0.01,43.01,0.6349206399802474
True,0.01,0.01,0.01,40.01,1.16438114581293
False,0.01,0.01,1.01,42.01,0.8198821131533869
False,1.01,0.01,0.01,38.01,0.3748319259646536
False,0.01,0.01,2.01,51.01,1.964237696197966
False,0.01,0.01,0.01,39.01,0.5930334391527772
False,0.01,0.01,2.01,33.01,1.2046453812388214
False,0.01,1.01,0.01,43.01,0.47508909109105607
True,0.01,0.01,0.01,35.01,0.6277506471631553
True,1.01,0.01,1.01,38.01,0.7578082939263797
True,2.01,0.01,1.01,39.01,0.9919153054591586
False,0.01,0.01,0.01,38.01,0.6695817845388784
False,0.01,0.01,3.01,45.01,0.7935043006883039
False,0.01,1.01,1.01,42.01,0.5605697627159663
True,1.01,1.01,0.01,32.01,1.1278730968316613
False,0.01,0.01,1.01,42.01,0.8602528595633632
True,0.01,2.01,0.01,52.01,0.8776179528577226
False,0.01,0.01,1.01,39.01,1.5088670663842236
True,1.01,1.01,0.01,52.01,0.8901309351449365
False,3.01,0.01,1.01,38.01,0.9888177164357399
False,2.01,0.01,3.01,44.01,1.3824651215901353
False,0.01,0.01,2.01,41.01,0.7995083152854698
True,1.01,0.01,1.01,44.01,1.1683915406496046
False,0.01,1.01,3.01,56.01,0.5181601898442482
False,1.01,1.01,0.01,35.01,1.2634408670985766
False,0.01,1.01,2.01,34.01,1.3524912482309
True,2.01,0.01,1.01,46.01,0.8913518366688374
False,0.01,4.01,0.01,35.01,1.1060838591653859
False,0.01,2.01,2.01,39.01,0.8414356645288849
True,0.01,0.01,2.01,41.01,0.8364815077254529
False,3.01,2.01,1.01,43.01,0.5820355947081672
False,4.01,3.01,1.01,46.01,0.922771015857065
False,0.01,0.01,0.01,39.01,0.6349445216091483
True,0.01,0.01,0.01,40.01,0.558106429471791
False,1.01,0.01,1.01,45.01,0.9822745557274324
False,0.01,0.01,2.01,43.01,0.9461503249048474
True,0.01,1.01,1.01,42.01,1.4062576833498996
True,0.01,0.01,0.01,38.01,0.6626277099927453
False,0.01,1.01,0.01,41.01,1.005615975258867
False,1.01,0.01,1.01,38.01,1.122780093758374
False,0.01,0.01,0.01,39.01,1.2371649878625812
False,0.01,0.01,1.01,41.01,0.7569574957534988
True,1.01,0.01,1.01,36.01,0.6673451745356287
True,0.01,1.01,2.01,34.01,1.0263720573973618
True,1.01,1.01,3.01,39.01,1.4326190449014178
True,1.01,1.01,1.01,42.01,0.8063533503534985
True,0.01,1.01,0.01,51.01,1.4291261223039646
False,1.01,1.01,0.01,43.01,0.5895127637966513
False,1.01,0.01,1.01,35.01,1.3902727152734808
False,0.01,1.01,1.01,26.009999999999998,1.6853865979737865
True,2.01,2.01,0.01,39.01,1.4805769860826166
False,2.01,1.01,0.01,38.01,1.1840854112950159
False,0.01,0.01,2.01,40.01,0.8331151871035491
True,1.01,1.01,1.01,46.01,0.6106298778879423
False,0.01,0.01,0.01,46.01,1.1606392655827522
False,2.01,2.01,0.01,42.01,1.1166243227292478
True,1.01,1.01,1.01,36.01,1.0071072223408433
False,1.01,0.01,1.01,36.01,1.3076047223820397
False,1.01,2.01,0.01,39.01,1.5033089400656372
True,2.01,1.01,1.01,49.01,1.4821363362973314
True,5.01,3.01,1.01,49.01,1.154287845594799
False,1.01,1.01,0.01,30.009999999999998,0.5126275286772244
False,0.01,2.01,2.01,45.01,1.3738763744777558
False,1.01,0.01,3.01,37.01,1.6285707268112126
False,1.01,2.01,2.01,29.009999999999998,1.6944073083778965
False,0.01,0.01,0.01,38.01,1.1725442331897227
False,1.01,0.01,2.01,43.01,1.2587342231920766
True,0.01,0.01,1.01,39.01,0.6688302608714808
True,0.01,0.01,2.01,39.01,1.491118146616526
True,0.01,0.01,0.01,44.01,1.2853916123019897
False,0.01,0.01,0.01,52.01,1.1929590908171679
False,1.01,0.01,1.01,44.01,0.7539825633764979
True,1.01,0.01,1.01,34.01,0.9937522725369092
True,0.01,0.01,1.01,61.01,1.2723329273216375
False,0.01,1.01,1.01,31.009999999999998,0.600811015405217
False,0.01,1.01,0.01,42.01,1.3559175696136505
False,1.01,0.01,1.01,36.01,0.6635686560433329
True,0.01,2.01,3.01,49.01,1.1104647621160357
False,1.01,2.01,1.01,37.01,1.3245672902207808
False,0.01,0.01,0.01,42.01,0.9315492839552026
True,1.01,1.01,3.01,41.01,0.9092845354746946
False,0.01,1.01,0.01,43.01,0.8845096200081543
True,0.01,0.01,2.01,31.009999999999998,1.1920275336369397
False,0.01,2.01,2.01,45.01,1.0468916842686142
False,1.01,0.01,1.01,51.01,1.3808336438249205
False,2.01,1.01,0.01,43.01,1.283466325386717
True,1.01,2.01,1.01,49.01,1.7627874630815807
False,2.01,1.01,3.01,36.01,0.9103678616613432
False,0.01,1.01,0.01,40.01,0.777073205249419
True,1.01,2.01,3.01,42.01,1.0803834076792334
True,2.01,1.01,2.01,37.01,1.1840084571512768
False,1.01,3.01,6.01,37.01,1.3655421928039675
False,1.01,2.01,1.01,36.01,1.1301765335101757
True,4.01,1.01,2.01,45.01,0.5229928656782877
False,0.01,2.01,4.01,39.01,1.1709740147247805
True,1.01,1.01,3.01,48.01,0.8620292472190868
False,0.01,0.01,0.01,31.009999999999998,1.6517434536573488
False,5.01,3.01,3.01,40.01,1.325732850500652
False,0.01,0.01,1.01,42.01,0.8539023052998927
True,0.01,1.01,2.01,46.01,0.8748204254519856
True,0.01,2.01,2.01,33.01,0.9312054545036853
False,0.01,0.01,1.01,43.01,0.8956760988498617
True,0.01,0.01,1.01,50.01,0.6008631594699082
False,0.01,0.01,3.01,36.01,1.2092165214055925
True,0.01,0.01,0.01,41.01,0.8748970148059412
True,0.01,0.01,1.01,52.01,0.8506779696082665
True,2.01,0.01,1.01,39.01,1.3634112605960282
True,0.01,1.01,0.01,36.01,0.9330158970627156
False,0.01,0.01,2.01,37.01,1.3807216807554248
False,0.01,0.01,0.01,42.01,0.7555614894998455
False,0.01,2.01,2.01,33.01,0.799684221713868
True,0.01,1.01,1.01,44.01,1.0948105617786468
False,1.01,1.01,1.01,31.009999999999998,0.9465003120894566
True,0.01,0.01,0.01,40.01,0.8435456148613812
False,0.01,0.01,1.01,39.01,0.8596869345189869
True,1.01,0.01,1.01,26.009999999999998,0.7984457403505086
False,0.01,0.01,0.01,24.009999999999998,0.8760094552563754
False,0.01,0.01,1.01,27.009999999999998,1.1858479987861663
False,0.01,0.01,0.01,39.01,1.486395927649749
False,1.01,0.01,0.01,47.01,1.0449757968691236
False,0.01,0.01,0.01,34.01,1.6246228799342812
False,1.01,2.01,0.01,41.01,0.9306907802833477
False,2.01,0.01,0.01,38.01,1.3054865042365043
False,5.01,5.01,1.01,45.01,1.3476320473250096
True,4.01,2.01,1.01,30.009999999999998,1.0928059600740727
False,2.01,1.01,1.01,47.01,1.188925367973364
True,2.01,3.01,1.01,32.01,0.6325863911602451
True,6.01,3.01,5.01,44.01,1.036725712526628
True,6.01,4.01,3.01,34.01,0.9627084392659714
False,5.01,7.01,3.01,46.01,1.248370960870961
True,4.01,7.01,1.01,44.01,1.3515851052352312
False,1.01,0.01,0.01,41.01,0.8973036666652214
True,0.01,1.01,0.01,42.01,1.1608834674648973
True,0.01,1.01,0.01,36.01,1.0805902029815073
False,1.01,0.01,1.01,48.01,1.1786017704009695
False,0.01,0.01,0.01,33.01,0.6382700307661607
False,0.01,0.01,2.01,47.01,0.7525015792488473
True,0.01,0.01,0.01,43.01,0.6756391734012702
False,0.01,0.01,0.01,48.01,1.062915793101215
True,0.01,0.01,1.01,41.01,0.9582260455607378
False,0.01,0.01,1.01,49.01,1.2739199089857778
False,0.01,2.01,0.01,46.01,0.9404498987205759
True,0.01,0.01,2.01,46.01,1.1377027219322615
True,0.01,3.01,0.01,31.009999999999998,0.9331810462313603
True,0.01,1.01,4.01,41.01,0.7810643523143523
True,0.01,1.01,0.01,49.01,0.7111370438993817
False,0.01,0.01,0.01,49.01,0.7221613354518214
True,1.01,2.01,2.01,47.01,0.971653443491846
False,0.01,1.01,0.01,45.01,0.5930425784092894
True,1.01,2.01,2.01,56.01,1.3624798257603794
True,2.01,0.01,1.01,50.01,0.8691431905193199
False,0.01,0.01,2.01,39.01,0.7490722103631051
False,0.01,0.01,3.01,46.01,0.7711189245130265
False,0.01,0.01,0.01,39.01,0.9978960746210073
False,2.01,1.01,0.01,44.01,0.7764989610173267
False,2.01,1.01,2.01,46.01,0.6964063266830275
True,1.01,2.01,0.01,41.01,0.7414730332638065
False,3.01,0.01,0.01,36.01,1.1741613186376338
True,2.01,0.01,0.01,38.01,1.741085556895979
False,0.01,2.01,2.01,44.01,0.79016438051508
False,2.01,2.01,1.01,44.01,1.1479001194814562
False,1.01,6.01,0.01,48.01,1.1705928351278247
False,1.01,1.01,2.01,31.009999999999998,0.881603458597548
False,4.01,7.01,3.01,38.01,1.6896229618907634
True,0.01,1.01,1.01,49.01,0.9010820595669667
False,1.01,0.01,2.01,36.01,1.0934938872963431
True,0.01,1.01,0.01,35.01,0.8652358741712962
True,0.01,0.01,0.01,38.01,0.9644252999497854
True,1.01,1.01,1.01,41.01,0.6514954741808963
True,0.01,0.01,0.01,29.009999999999998,1.1073445886362665
False,1.01,0.01,2.01,55.01,0.9756454785137108
False,0.01,0.01,1.01,41.01,0.7423335936666673
False,0.01,0.01,0.01,49.01,1.6668382222069393
False,1.01,0.01,0.01,46.01,1.0065135665250082
True,1.01,0.01,0.01,31.009999999999998,0.8206155957072432
False,0.01,0.01,0.01,47.01,1.2445321683243606
False,0.01,0.01,1.01,46.01,0.6140133133929867
False,0.01,0.01,0.01,39.01,0.9667991616126741
False,0.01,0.01,0.01,38.01,1.1835987152661855
False,1.01,0.01,1.01,38.01,0.9825304551310452
False,2.01,0.01,0.01,38.01,0.3594165370781125
False,0.01,0.01,1.01,40.01,1.160417218277125
False,1.01,0.01,0.01,45.01,0.6855735316495848
False,0.01,3.01,2.01,48.01,1.1611282054120928
True,2.01,0.01,1.01,26.009999999999998,0.8245028398510166
True,0.01,1.01,0.01,46.01,0.9877873657937757
False,0.01,1.01,1.01,43.01,1.271272776644723
True,2.01,1.01,2.01,44.01,1.074249512660323
False,2.01,6.01,0.01,35.01,0.9229354953290335
False,4.01,1.01,1.01,40.01,0.5996295788162123
False,1.01,1.01,1.01,35.01,0.49162481382243095
False,1.01,4.01,1.01,50.01,0.8481631774865306
True,2.01,6.01,2.01,37.01,1.0962402112683538
False,3.01,9.01,2.01,36.01,1.3702697801163053
False,3.01,1.01,1.01,45.01,0.9581627710719246
True,2.01,5.01,4.01,55.01,1.0698814369495657
False,7.01,6.01,1.01,48.01,0.8923651423961535
False,0.01,1.01,2.01,35.01,0.9883053913756229
True,4.01,0.01,0.01,41.01,0.9180102185245623
False,1.01,0.01,1.01,40.01,0.6778870519125544
False,0.01,0.01,0.01,42.01,0.7639149735167617
False,0.01,1.01,1.01,47.01,1.0072770252705254
False,0.01,0.01,4.01,38.01,0.9798116118173329
False,2.01,0.01,0.01,39.01,1.0490285336358784
False,0.01,2.01,0.01,36.01,0.8260142283631108
False,1.01,0.01,0.01,35.01,1.176895195052712
False,1.01,1.01,0.01,34.01,0.7621988356193381
True,0.01,1.01,1.01,46.01,1.0349340804004177
True,5.01,1.01,0.01,38.01,1.0709243695994317
True,0.01,0.01,1.01,36.01,0.8045172918470133
False,2.01,1.01,1.01,34.01,0.6619446899940843
False,1.01,0.01,1.01,38.01,1.4020202575290333
False,0.01,0.01,1.01,33.01,0.560853871287773
True,1.01,1.01,1.01,37.01,1.4190469142579076
False,0.01,1.01,0.01,36.01,1.050693148936104
True,1.01,1.01,0.01,36.01,0.49596485917295674
True,0.01,0.01,0.01,41.01,1.0771338680714717
True,1.01,0.01,1.01,29.009999999999998,0.7781891689005263
False,0.01,2.01,1.01,32.01,0.3628597534542608
True,0.01,1.01,0.01,36.01,1.202757046240601
True,0.01,1.01,0.01,41.01,1.2672704934348575
True,0.01,1.01,3.01,34.01,1.267334412074852
True,5.01,4.01,1.01,38.01,0.48642666133453555
False,3.01,4.01,3.01,39.01,0.5269488762134563
False,1.01,2.01,2.01,47.01,1.2007214177322256
False,2.01,1.01,0.01,40.01,0.8104120146455388
False,4.01,3.01,1.01,47.01,0.8651959117013946
True,2.01,5.01,0.01,56.01,1.0434423259870853
False,8.01,7.01,4.01,29.009999999999998,1.4229010996713594
False,0.01,2.01,1.01,44.01,1.1141995580955535
False,1.01,2.01,1.01,41.01,0.9029225451113432
True,0.01,1.01,1.01,41.01,2.2556478706478704
True,0.01,2.01,2.01,45.01,1.118626595683589
True,2.01,1.01,0.01,32.01,0.9493695835991233
True,0.01,0.01,1.01,37.01,1.2596289872904198
True,0.01,0.01,3.01,42.01,0.8837289713314138
True,0.01,0.01,4.01,50.01,0.9975918381626665
False,2.01,1.01,0.01,49.01,0.9594545954197538
False,1.01,1.01,1.01,36.01,0.8520865536351945
True,1.01,2.01,2.01,30.009999999999998,1.0106807949330003
False,5.01,1.01,1.01,37.01,0.70898445999338
False,3.01,1.01,1.01,33.01,1.3625628281982538
False,2.01,3.01,1.01,37.01,1.4139865540882528
False,1.01,5.01,1.01,40.01,0.907329133993156
True,3.01,5.01,1.01,44.01,1.017708188719567
False,4.01,0.01,0.01,34.01,0.9962330252622604
True,6.01,3.01,1.01,32.01,1.0722300652074186
True,3.01,2.01,1.01,53.01,1.1909038710050446
True,1.01,1.01,2.01,39.01,0.7772019845037806
False,3.01,4.01,4.01,36.01,0.6760057496938802
True,5.01,6.01,1.01,39.01,1.8127307387381593
False,1.01,4.01,3.01,43.01,1.1888478969053706
False,7.01,7.01,2.01,30.009999999999998,1.4179928828657746
False,6.01,4.01,0.01,49.01,1.1749097166228502
False,4.01,10.01,2.01,40.01,1.6197532276431348
False,8.01,8.01,4.01,41.01,0.8930424841214485
True,9.01,6.01,2.01,46.01,0.502594783274731
False,8.01,7.01,7.01,38.01,1.1924416496869974
False,6.01,3.01,3.01,35.01,0.8903695167613498
False,9.01,13.01,3.01,45.01,1.2736029931540764
False,16.009999999999998,17.009999999999998,2.01,49.01,1.0270132685046907
False,0.01,0.01,1.01,28.009999999999998,1.2994561771533577
False,0.01,0.01,2.01,42.01,0.9928396584892879
True,0.01,0.01,1.01,35.01,0.6464407536861434
True,0.01,0.01,1.01,51.01,0.7015643132272822
True,0.01,0.01,0.01,42.01,0.6398739122855007
True,0.01,0.01,2.01,49.01,0.7749155143258917
False,0.01,0.01,1.01,39.01,0.7075965261974448
False,0.01,0.01,1.01,47.01,0.9806186535970651
False,0.01,0.01,2.01,33.01,0.887722178522067
True,0.01,0.01,0.01,43.01,0.5226149315081949
False,0.01,1.01,1.01,34.01,0.6057775120382045
True,1.01,0.01,2.01,46.01,0.8119845572510251
True,0.01,0.01,1.01,46.01,1.1100549796644406
False,0.01,0.01,0.01,33.01,0.8620591402568146
False,0.01,1.01,1.01,35.01,0.9345777864952467
False,0.01,0.01,0.01,42.01,0.9924130585305162
True,0.01,1.01,1.01,43.01,0.6000595221722155
False,0.01,0.01,3.01,44.01,0.7627066141683992
True,0.01,0.01,1.01,42.01,0.5440154775292788
False,0.01,0.01,3.01,30.009999999999998,0.9056948044366567
False,1.01,2.01,5.01,30.009999999999998,0.708329330124462
True,1.01,1.01,1.01,45.01,0.460421762917205
False,2.01,0.01,1.01,42.01,1.3241285013106179
False,0.01,0.01,0.01,44.01,0.8394293427676642
True,0.01,2.01,4.01,39.01,0.7087698809675702
False,0.01,0.01,0.01,60.01,1.2508106239510417
False,3.01,1.01,1.01,45.01,0.9455721544314006
True,3.01,1.01,1.01,37.01,1.0120310209490853
False,2.01,2.01,1.01,39.01,1.2299957693420644
False,1.01,0.01,4.01,47.01,1.216665294698493
True,3.01,1.01,0.01,34.01,0.8069725568795261
True,3.01,3.01,3.01,37.01,1.2184102617603039
True,2.01,0.01,2.01,46.01,0.6919651509454312
False,0.01,0.01,0.01,55.01,0.6705800670388125
False,0.01,0.01,2.01,36.01,0.7883350011958423
False,0.01,0.01,3.01,42.01,0.7262054131219216
True,0.01,0.01,1.01,39.01,1.0193349857340843
False,0.01,0.01,0.01,28.009999999999998,0.7379191649615913
True,0.01,0.01,0.01,50.01,0.7360088508474179
False,1.01,0.01,0.01,44.01,0.7274757962363264
False,0.01,0.01,0.01,43.01,0.5861222880257875
False,0.01,1.01,0.01,45.01,0.7145647618269647
True,0.01,0.01,0.01,46.01,0.645775098271206
False,0.01,0.01,0.01,32.01,0.4179140630611219
False,0.01,0.01,0.01,43.01,0.80161997222939
True,1.01,0.01,2.01,34.01,0.9631502930852696
True,0.01,1.01,0.01,32.01,1.0125189867682645
True,0.01,0.01,2.01,36.01,0.9040020777158277
False,1.01,0.01,1.01,43.01,0.9395857832976835
False,0.01,0.01,0.01,33.01,0.6048189402018989
True,0.01,2.01,1.01,40.01,1.198896757178922
True,0.01,0.01,1.01,40.01,0.9000879024470705
False,0.01,1.01,0.01,54.01,0.5982257286887687
True,0.01,0.01,0.01,41.01,0.8513120110050519
False,0.01,0.01,1.01,46.01,0.9131458685307093
True,0.01,0.01,1.01,40.01,0.852051349055096
True,0.01,0.01,0.01,39.01,0.7352635701853948
False,1.01,2.01,2.01,42.01,0.7724056593102406
True,0.01,0.01,3.01,38.01,1.002645861646491
False,1.01,0.01,1.01,38.01,0.8148022790229472
False,0.01,0.01,3.01,53.01,1.1429597801213636
False,0.01,0.01,1.01,33.01,0.8304588575912106
False,0.01,0.01,2.01,47.01,0.6956286987865935
True,1.01,1.01,0.01,38.01,0.7157138469970588
False,1.01,1.01,2.01,38.01,0.617796183465599
True,1.01,4.01,2.01,42.01,0.8068461621646702
True,0.01,0.01,0.01,34.01,0.7232759975641843
True,0.01,0.01,0.01,40.01,1.3113261917452543
False,0.01,0.01,0.01,39.01,0.9804742789217482
True,1.01,0.01,2.01,34.01,0.8165920084353263
False,0.01,0.01,0.01,34.01,0.737781065924324
False,0.01,0.01,0.01,40.01,1.2418337646996758
False,0.01,0.01,3.01,38.01,1.5957482145968904
False,1.01,0.01,0.01,34.01,0.8733595431290492
True,0.01,0.01,0.01,43.01,1.0069973836713513
False,0.01,0.01,0.01,36.01,0.9056673312795557
False,0.01,1.01,0.01,45.01,1.1293947899681431
False,0.01,1.01,0.01,46.01,0.7960385710385711
False,1.01,0.01,0.01,42.01,1.371774394569047
False,0.01,0.01,0.01,34.01,0.8162481218391698
False,0.01,1.01,2.01,41.01,1.432277718364388
False,1.01,0.01,1.01,34.01,1.2362523804161674
False,0.01,1.01,0.01,50.01,1.1123417965126223
False,1.01,0.01,0.01,37.01,1.195975310087229
False,1.01,0.01,1.01,33.01,0.6174535987150402
False,1.01,1.01,0.01,44.01,1.045698512708807
True,1.01,0.01,3.01,43.01,0.6716881757706052
True,0.01,0.01,0.01,27.009999999999998,0.7522795360571805
False,0.01,0.01,0.01,32.01,0.6873436527974248
True,2.01,1.01,0.01,45.01,1.0447498476161392
True,0.01,0.01,2.01,35.01,0.922663714453124
False,1.01,0.01,2.01,36.01,0.7463022546210484
False,0.01,0.01,1.01,44.01,1.6669733639398483
True,0.01,4.01,1.01,35.01,0.694606053240156
True,1.01,2.01,1.01,25.009999999999998,1.1517653122325797
True,0.01,4.01,2.01,45.01,1.6458571298789362
True,2.01,1.01,3.01,35.01,1.093468061665736
False,0.01,3.01,3.01,40.01,1.5766761928314579
True,1.01,0.01,2.01,38.01,1.2914510983966072
False,0.01,0.01,1.01,38.01,0.9197663525675672
True,0.01,0.01,1.01,57.01,0.5526124600037643
False,0.01,1.01,0.01,42.01,0.9022892900562582
False,0.01,0.01,1.01,37.01,0.8508923608772954
False,0.01,0.01,1.01,33.01,1.1060885890909706
True,0.01,1.01,0.01,40.01,1.455578292404855
False,0.01,0.01,0.01,45.01,0.6983995736971504
True,0.01,0.01,0.01,40.01,0.7928477970823217
False,0.01,0.01,1.01,38.01,0.8380872436882667
True,1.01,0.01,0.01,46.01,1.42605988487992
True,0.01,1.01,0.01,39.01,0.5606355509332628
False,0.01,0.01,0.01,33.01,0.8630074063540377
True,0.01,0.01,0.01,45.01,1.2854139554371578
False,0.01,0.01,0.01,41.01,0.6813498905443789
True,1.01,2.01,0.01,46.01,0.5565833580648162
False,0.01,0.01,0.01,40.01,0.9182707845941063
False,1.01,0.01,0.01,40.01,0.6785340604062229
True,0.01,0.01,2.01,52.01,0.7430990548006096
True,1.01,0.01,1.01,48.01,1.311362441224137
False,0.01,0.01,1.01,34.01,0.6407891962193281
False,0.01,1.01,0.01,41.01,0.8570897623432396
False,0.01,0.01,1.01,52.01,0.7971175999339387
False,0.01,0.01,0.01,39.01,0.7897652915200916
True,0.01,0.01,0.01,46.01,0.979908276370263
True,0.01,1.01,1.01,38.01,1.1570331754654393
False,0.01,0.01,2.01,42.01,0.5303004325990652
False,1.01,1.01,1.01,36.01,1.1972083312748851
False,3.01,0.01,4.01,46.01,1.0270948878866906
True,0.01,0.01,1.01,37.01,0.8619891431112454
True,1.01,1.01,1.01,41.01,1.1997161230427407
False,0.01,0.01,2.01,45.01,0.8583143464722413
True,3.01,0.01,2.01,41.01,1.8881843290772864
False,2.01,3.01,3.01,53.01,1.091450892000091
True,1.01,0.01,0.01,34.01,1.01037051470488
False,0.01,1.01,1.01,44.01,0.7386294384719505
False,0.01,0.01,0.01,41.01,0.7723538396700986
False,1.01,0.01,1.01,47.01,0.5509278235850245
False,1.01,0.01,1.01,34.01,0.5264297643338758
False,0.01,1.01,0.01,43.01,0.8533353087151377
False,0.01,1.01,0.01,43.01,0.6418776653208778
True,1.01,0.01,1.01,34.01,0.48607943030557993
True,0.01,1.01,1.01,47.01,0.4517069388091738
True,1.01,2.01,1.01,47.01,0.649744470402365
False,0.01,0.01,0.01,29.009999999999998,0.6809756670191098
True,0.01,0.01,2.01,43.01,0.5939773096520625
False,0.01,0.01,2.01,37.01,1.1248282576581932
False,0.01,1.01,0.01,43.01,0.9370184964712954
False,1.01,1.01,0.01,38.01,0.6907884509585407
False,1.01,0.01,2.01,44.01,0.5683406345863041
False,0.01,0.01,0.01,32.01,1.400600088851544
False,0.01,0.01,2.01,46.01,0.8568084918342466
False,0.01,0.01,1.01,40.01,0.27028548036220673
True,0.01,1.01,1.01,35.01,1.7373824421207125
True,0.01,0.01,1.01,34.01,0.6752029659350963
False,3.01,1.01,0.01,25.009999999999998,1.320413153227221
True,1.01,1.01,1.01,38.01,1.0621367838092686
True,2.01,1.01,1.01,45.01,0.8063273912487703
False,0.01,0.01,0.01,40.01,0.5872628392653175
True,1.01,2.01,0.01,43.01,0.7208637064876943
True,0.01,0.01,0.01,33.01,0.6681468371525
False,1.01,2.01,0.01,32.01,0.5632243570787214
True,0.01,4.01,1.01,40.01,0.9834817214146325
False,1.01,1.01,0.01,39.01,1.084734687438797
True,1.01,1.01,4.01,38.01,0.9354567813583459
True,3.01,1.01,0.01,40.01,0.9654833567991463
True,6.01,5.01,3.01,38.01,0.7563953832730719
False,0.01,1.01,0.01,37.01,1.3175398584787328
True,0.01,1.01,0.01,40.01,0.40926718787418737
False,0.01,0.01,0.01,34.01,0.9164514850972189
False,1.01,0.01,2.01,34.01,0.6142469642954695
True,0.01,0.01,0.01,30.009999999999998,0.7982135895900446
True,0.01,0.01,0.01,43.01,1.2214238141209497
False,1.01,1.01,2.01,38.01,1.0849913141909535
True,0.01,0.01,1.01,33.01,1.3398117617012184
False,0.01,0.01,0.01,50.01,0.5448954574362517
False,0.01,0.01,0.01,34.01,0.7513678472068697
True,1.01,0.01,1.01,33.01,1.0864681989498042
False,1.01,1.01,0.01,52.01,1.1051899368612912
True,1.01,2.01,1.01,59.01,1.250500229603874
False,0.01,0.01,2.01,33.01,1.122108978666435
False,0.01,1.01,0.01,33.01,0.717147455035386
False,0.01,0.01,1.01,44.01,0.9451701576136441
True,0.01,1.01,2.01,42.01,0.605435318595696
False,0.01,0.01,2.01,30.009999999999998,1.0987731791896322
True,0.01,1.01,0.01,32.01,0.5369637805621787
True,0.01,1.01,0.01,45.01,0.49108311293619844
False,0.01,0.01,1.01,45.01,1.0066571258766024
True,0.01,1.01,0.01,33.01,1.398034407007137
True,2.01,0.01,0.01,39.01,0.6760281768820197
True,1.01,1.01,1.01,36.01,0.9576319513819513
True,0.01,1.01,2.01,37.01,0.6381191515770321
False,0.01,0.01,2.01,40.01,1.093690470330068
False,0.01,0.01,1.01,29.009999999999998,0.4840970814328259
False,2.01,2.01,2.01,40.01,0.9098933329563759
False,3.01,2.01,2.01,29.009999999999998,1.2021091457736686
True,6.01,2.01,0.01,53.01,0.5955796657634226
False,3.01,2.01,1.01,38.01,1.0468992989162114
True,2.01,3.01,5.01,34.01,1.6242132912806413
True,2.01,1.01,0.01,35.01,0.7818953506024445
True,0.01,0.01,0.01,41.01,1.0025082495341158
False,0.01,0.01,0.01,39.01,1.1238057795675362
False,0.01,0.01,0.01,33.01,1.2383447843006663
True,0.01,0.01,1.01,25.009999999999998,0.6449928079741744
False,0.01,0.01,0.01,44.01,0.8900374191390403
False,0.01,0.01,2.01,37.01,1.0216293754696357
False,0.01,0.01,0.01,46.01,0.984345898247613
True,0.01,0.01,1.01,32.01,0.8614556433963694
False,0.01,0.01,0.01,46.01,0.8836127747248673
False,0.01,0.01,0.01,27.009999999999998,1.6060367182307091
False,0.01,1.01,0.01,42.01,1.3101864767529696
False,0.01,1.01,3.01,31.009999999999998,0.9345287949415714
True,0.01,0.01,0.01,46.01,0.9959072674151556
True,0.01,2.01,0.01,44.01,0.6410298185851039
False,0.01,0.01,2.01,46.01,0.9672908588417348
False,0.01,0.01,1.01,44.01,1.3187702228607556
True,1.01,1.01,1.01,43.01,0.7195945607359042
False,2.01,0.01,0.01,41.01,0.5597444321543628
True,0.01,1.01,0.01,43.01,1.3212480581288268
False,0.01,2.01,1.01,41.01,0.9131055057788255
False,0.01,1.01,2.01,46.01,1.2035929393251203
False,1.01,2.01,0.01,40.01,1.234657991879926
False,1.01,0.01,0.01,42.01,1.3695719901549674
True,0.01,0.01,0.01,50.01,0.9487538469198847
True,0.01,3.01,1.01,42.01,0.9863844766882282
False,0.01,2.01,1.01,43.01,0.9598985146446246
True,1.01,0.01,1.01,40.01,1.1247401844892626
True,3.01,1.01,3.01,49.01,1.795089608744539
False,0.01,1.01,0.01,35.01,1.050694780760912
False,1.01,1.01,3.01,45.01,1.0515912743153333
True,3.01,2.01,3.01,40.01,1.055696372965879
True,0.01,1.01,4.01,41.01,1.131767790368566
True,0.01,0.01,2.01,47.01,0.8293720185149899
False,0.01,0.01,0.01,32.01,0.8668664587046938
True,0.01,0.01,0.01,40.01,0.7014534135555852
True,0.01,0.01,1.01,31.009999999999998,0.6682362082362082
True,0.01,0.01,0.01,34.01,0.445892649161015
True,0.01,0.01,0.01,37.01,1.087986270265682
False,0.01,0.01,2.01,33.01,1.077566408982629
True,0.01,2.01,1.01,44.01,1.2235700325757357
False,0.01,1.01,0.01,35.01,1.2252312701187045
True,0.01,0.01,0.01,38.01,1.1961658213600654
True,0.01,0.01,1.01,46.01,0.847280493636609
False,0.01,0.01,1.01,32.01,0.621403677973613
False,0.01,2.01,1.01,44.01,0.5889018537374591
False,0.01,0.01,0.01,42.01,1.0002717206739218
False,2.01,0.01,0.01,30.009999999999998,1.2373563743590208
False,0.01,0.01,2.01,34.01,0.5567453210673594
False,0.01,0.01,1.01,46.01,1.267108578614823
True,1.01,0.01,2.01,38.01,0.4310637204106331
False,0.01,0.01,2.01,41.01,0.7534511778989703
False,1.01,0.01,0.01,38.01,0.6461704189762951
False,4.01,1.01,0.01,28.009999999999998,1.2010017827138249
False,0.01,1.01,1.01,37.01,0.9881797892934228
False,0.01,1.01,0.01,36.01,0.6625078471555117
True,2.01,0.01,1.01,49.01,0.5781636411278488
False,1.01,0.01,2.01,33.01,0.7297564972526273
False,1.01,2.01,0.01,27.009999999999998,0.8797712178642837
False,0.01,1.01,0.01,39.01,0.9992982740330918
True,0.01,0.01,3.01,56.01,1.2973366710866712
True,0.01,1.01,2.01,38.01,0.9840094653015655
False,1.01,1.01,1.01,28.009999999999998,0.9239030187093314
True,2.01,0.01,1.01,31.009999999999998,0.6471470310427024
False,1.01,3.01,2.01,40.01,0.9630715203011511
False,2.01,1.01,5.01,41.01,1.4030890771226903
False,3.01,2.01,1.01,34.01,1.521642328046726
True,1.01,0.01,1.01,42.01,0.6526395709455233
False,0.01,0.01,1.01,44.01,0.9404678782050265
False,2.01,0.01,0.01,39.01,0.6946271942575539
False,1.01,0.01,1.01,40.01,0.34448201411524093
False,0.01,0.01,1.01,35.01,1.1565500980405203
True,1.01,1.01,0.01,35.01,0.6952198344723745
False,0.01,0.01,2.01,43.01,1.7085425612815004
True,0.01,0.01,0.01,36.01,1.321778116886042
True,0.01,0.01,0.01,43.01,1.019312855211778
True,1.01,1.01,0.01,38.01,1.0583869344163463
False,0.01,0.01,0.01,47.01,0.6946264790846836
True,1.01,0.01,0.01,37.01,0.5702463682021071
True,0.01,0.01,0.01,33.01,1.1125390035055358
False,1.01,1.01,0.01,33.01,1.0454760843731432
False,0.01,3.01,1.01,40.01,1.3954153599703136
False,0.01,2.01,0.01,48.01,0.8453014850658218
False,0.01,3.01,0.01,33.01,0.7281245625324573
False,2.01,1.01,0.01,34.01,0.9744508251154155
True,0.01,0.01,0.01,37.01,0.7800101953066763
False,1.01,0.01,0.01,34.01,1.2418517506100655
True,1.01,0.01,0.01,46.01,0.6287244837206137
False,1.01,0.01,0.01,45.01,1.2220961177559528
False,0.01,0.01,1.01,43.01,1.2903319001916642
False,1.01,2.01,0.01,37.01,0.7432891704099134
False,3.01,1.01,1.01,33.01,1.5837254910716472
False,0.01,3.01,0.01,31.009999999999998,1.2837949419593484
False,6.01,0.01,4.01,42.01,0.8627609984120872
True,5.01,4.01,2.01,35.01,0.8822396198525945
False,4.01,4.01,0.01,46.01,0.953503044229945
True,3.01,3.01,1.01,55.01,1.3586394033086513
False,6.01,5.01,1.01,50.01,1.059780811293969
True,4.01,5.01,3.01,38.01,1.0335888669453295
True,4.01,1.01,4.01,40.01,1.1166301115559432
False,1.01,0.01,4.01,32.01,0.6368137053820069
False,0.01,0.01,0.01,37.01,0.6353403058395838
False,0.01,0.01,1.01,38.01,1.184851372225849
False,0.01,1.01,0.01,51.01,0.696837820551004
True,0.01,1.01,1.01,32.01,0.671965372251204
False,0.01,0.01,1.01,42.01,1.1008313127622589
True,1.01,0.01,0.01,41.01,1.20790735749065
True,0.01,0.01,0.01,51.01,0.8322823339880687
True,1.01,1.01,1.01,43.01,0.9239379025748028
True,0.01,2.01,1.01,49.01,0.6519500192268943
False,0.01,0.01,0.01,47.01,1.301579121469375
False,0.01,0.01,1.01,37.01,1.0602779403035003
False,0.01,0.01,1.01,46.01,0.5432389582234785
True,1.01,0.01,0.01,51.01,1.179493186695199
False,1.01,0.01,1.01,38.01,1.2754118594565627
True,0.01,0.01,1.01,40.01,0.8644790214836816
False,0.01,0.01,1.01,57.01,1.480523746934352
False,2.01,2.01,1.01,42.01,0.6208038132445266
False,1.01,0.01,2.01,36.01,0.8846628821640241
False,1.01,0.01,0.01,37.01,1.1317516444161004
True,0.01,1.01,0.01,39.01,0.5502369005880152
True,2.01,0.01,1.01,36.01,1.2281903114511195
False,0.01,2.01,0.01,41.01,0.8121520036475326
True,0.01,3.01,3.01,40.01,0.9716834960012544
False,1.01,0.01,0.01,42.01,0.9152367394051812
False,1.01,0.01,4.01,35.01,0.8963804879767878
False,1.01,1.01,1.01,35.01,1.1981943239902473
True,0.01,1.01,0.01,31.009999999999998,0.7885199455334094
False,0.01,3.01,4.01,34.01,1.0426725051448436
True,3.01,0.01,1.01,39.01,0.9414304131750256
True,3.01,2.01,1.01,43.01,0.7264471629449127
False,1.01,3.01,2.01,43.01,1.0459652722511823
False,2.01,1.01,2.01,42.01,0.887550515517189
True,0.01,5.01,0.01,41.01,1.6690924284362145
False,0.01,0.01,0.01,39.01,0.5522431469017917
True,1.01,0.01,1.01,40.01,0.6729880571468048
False,1.01,0.01,0.01,34.01,0.7612652300873339
True,2.01,0.01,0.01,49.01,1.2958878519714436
False,1.01,1.01,3.01,39.01,1.3541892911948696
True,0.01,2.01,3.01,35.01,0.8186866065315189
True,0.01,0.01,1.01,43.01,0.5319227994227993
False,0.01,0.01,0.01,39.01,0.8061449390822458
False,1.01,1.01,1.01,35.01,0.5245803758082033
True,0.01,2.01,0.01,39.01,0.4249303219064888
False,2.01,1.01,2.01,52.01,0.8086583002233884
False,1.01,0.01,0.01,51.01,1.2198773395271192
False,0.01,2.01,3.01,40.01,1.0930636491867414
False,0.01,1.01,2.01,41.01,0.8270520444975896
False,0.01,0.01,1.01,36.01,0.764558632900976
False,1.01,1.01,0.01,49.01,0.9895951251828982
True,0.01,2.01,2.01,37.01,1.4051496668027412
False,0.01,4.01,1.01,40.01,0.8790771297726384
False,0.01,0.01,1.01,34.01,0.9451508344306371
True,2.01,0.01,3.01,32.01,0.8627723971758967
False,4.01,2.01,3.01,27.009999999999998,0.6670001417543363
False,0.01,5.01,1.01,43.01,0.7768631534770348
False,2.01,2.01,3.01,35.01,0.8999440926337153
False,5.01,4.01,4.01,43.01,1.3391550416906375
False,7.01,3.01,3.01,46.01,0.5863247721056273
True,2.01,4.01,1.01,31.009999999999998,0.9552714268771825
True,5.01,2.01,1.01,37.01,0.9998590674458384
True,3.01,2.01,4.01,40.01,1.4728831074754285
False,5.01,2.01,2.01,55.01,0.8793750178270302
False,5.01,4.01,1.01,36.01,1.3127721050896521
True,5.01,6.01,0.01,43.01,0.8970983464341309
True,8.01,3.01,4.01,49.01,1.9575924297043539
True,0.01,1.01,0.01,30.009999999999998,0.7563829122897479
True,0.01,0.01,0.01,31.009999999999998,0.5768353296651487
True,0.01,0.01,0.01,42.01,1.2423637731054766
True,0.01,0.01,0.01,40.01,0.760759294862811
True,1.01,0.01,2.01,43.01,0.5507286956199999
True,0.01,2.01,1.01,45.01,0.5998815707490415
False,0.01,0.01,0.01,37.01,0.7754932558531987
False,0.01,0.01,4.01,47.01,0.9459514957802162
False,0.01,0.01,0.01,31.009999999999998,0.8293967687237987
False,0.01,0.01,2.01,44.01,1.7625822291043263
True,0.01,1.01,3.01,41.01,1.201562076942103
False,1.01,1.01,0.01,41.01,0.9180249999579224
False,0.01,0.01,0.01,34.01,1.1217760295052919
True,1.01,2.01,1.01,39.01,0.9518577955607076
False,0.01,1.01,0.01,37.01,0.9352375545291751
False,1.01,0.01,1.01,42.01,0.6823233191805971
False,0.01,1.01,1.01,49.01,0.8380654881099303
True,0.01,0.01,0.01,48.01,0.5118557515958162
False,1.01,1.01,2.01,41.01,0.7201478210722908
False,2.01,1.01,0.01,35.01,0.9442523507325298
False,0.01,0.01,0.01,32.01,1.1860553826273592
True,0.01,2.01,1.01,46.01,0.582056577869294
False,0.01,1.01,1.01,30.009999999999998,0.8502639519457998
False,0.01,0.01,4.01,41.01,0.6991305678887222
True,0.01,1.01,1.01,36.01,1.2996754408255669
False,5.01,2.01,4.01,38.01,1.165581517972267
True,0.01,1.01,2.01,37.01,0.8482889157111421
False,3.01,0.01,0.01,27.009999999999998,1.0835120686974906
True,2.01,0.01,1.01,45.01,1.0852566877170962
True,3.01,0.01,3.01,36.01,0.778421784257509
False,3.01,1.01,2.01,33.01,0.5773374136882966
False,5.01,4.01,1.01,36.01,0.876499706600022
True,5.01,3.01,0.01,38.01,0.885758480649785
False,0.01,0.01,0.01,34.01,1.4689666637985968
False,0.01,0.01,1.01,41.01,1.051702439208098
False,0.01,1.01,1.01,38.01,1.2973434020047943
True,0.01,0.01,0.01,44.01,1.0276290743049872
True,1.01,0.01,1.01,43.01,1.232865256575336
False,0.01,0.01,0.01,41.01,1.1499418196686482
True,0.01,0.01,3.01,47.01,1.0519815689563679
False,0.01,0.01,0.01,42.01,0.7177594625977689
True,0.01,0.01,0.01,52.01,1.062907457142249
True,0.01,0.01,1.01,37.01,1.1608361110158627
True,0.01,1.01,1.01,47.01,1.0228381105935198
False,0.01,1.01,0.01,39.01,1.0910032499000253
False,1.01,0.01,0.01,49.01,0.9623246928726441
False,0.01,0.01,2.01,46.01,1.2236498686498687
True,0.01,0.01,0.01,41.01,0.9624388706953863
False,1.01,0.01,1.01,44.01,0.5835451687644468
False,1.01,0.01,1.01,45.01,0.7240833497641742
False,0.01,1.01,0.01,39.01,0.8547337710246659
False,0.01,1.01,0.01,39.01,0.7941306857817106
True,0.01,1.01,4.01,42.01,1.8515311000515398
False,1.01,1.01,1.01,37.01,1.1853601487130285
False,0.01,1.01,1.01,50.01,0.8058474836066155
True,0.01,1.01,1.01,50.01,0.7263780531551167
True,1.01,2.01,1.01,49.01,1.4175477458115058
False,0.01,0.01,1.01,39.01,1.1098849959366288
False,1.01,1.01,3.01,41.01,0.9284861882954574
True,1.01,1.01,4.01,44.01,1.3142419539545775
False,1.01,5.01,2.01,45.01,0.9235698752571818
True,1.01,4.01,3.01,44.01,1.0310242415350155
True,0.01,0.01,2.01,37.01,1.015350479151274
False,5.01,2.01,4.01,47.01,1.1213620082937232
False,4.01,5.01,4.01,41.01,1.3785039108008517
False,2.01,2.01,3.01,44.01,2.0164231053443307
False,1.01,0.01,1.01,34.01,0.7827347793819863
True,1.01,0.01,2.01,41.01,1.353570390523642
False,0.01,1.01,1.01,37.01,1.239492290648486
True,1.01,1.01,1.01,47.01,0.8441629849213101
True,1.01,0.01,1.01,40.01,0.6430782944788868
False,0.01,0.01,1.01,40.01,1.1570177852343273
False,1.01,0.01,0.01,33.01,1.4211674630979283
True,0.01,2.01,1.01,46.01,1.0603368196711156
True,1.01,1.01,1.01,42.01,0.9360401633234257
True,2.01,3.01,0.01,42.01,0.9697080851678012
False,1.01,1.01,0.01,36.01,0.8739167061879876
False,0.01,0.01,1.01,36.01,0.7001896970909577
False,0.01,0.01,1.01,37.01,0.5574068070009411
True,0.01,2.01,1.01,32.01,1.110795993375443
False,0.01,0.01,2.01,31.009999999999998,0.9993811377545849
False,1.01,3.01,1.01,41.01,1.6980615364583704
True,1.01,1.01,1.01,37.01,1.1210530321230117
False,0.01,1.01,2.01,22.009999999999998,1.1482764852614595
True,0.01,3.01,1.01,34.01,1.2419996229594819
False,0.01,2.01,0.01,43.01,0.6341517691585764
False,1.01,0.01,0.01,34.01,1.1288185371786879
True,1.01,0.01,0.01,41.01,1.121273722043048
False,3.01,1.01,1.01,39.01,1.2925626565361932
True,2.01,3.01,2.01,43.01,1.1832412847139422
False,3.01,1.01,0.01,44.01,1.1146363916206223
False,1.01,0.01,1.01,34.01,0.6748685615245308
True,4.01,0.01,2.01,39.01,1.0357101557715498
False,1.01,4.01,1.01,37.01,1.1848765500831506
True,2.01,2.01,3.01,57.01,0.8998843116404311
False,2.01,3.01,3.01,46.01,1.0263926734733126
False,2.01,5.01,2.01,31.009999999999998,0.4920779312872937
False,2.01,2.01,0.01,19.009999999999998,1.2012797323639506
False,0.01,0.01,1.01,36.01,0.7377501137676341
False,1.01,0.01,0.01,37.01,0.7221474103787827
False,0.01,1.01,0.01,42.01,0.9378274227072855
False,0.01,0.01,1.01,36.01,0.6733108188396049
False,0.01,0.01,1.01,38.01,0.9823415884329878
False,0.01,0.01,0.01,33.01,0.9709213604849882
False,1.01,0.01,0.01,34.01,1.307347198647898
True,0.01,0.01,0.01,33.01,0.5870009741008617
False,0.01,0.01,1.01,33.01,0.7858865632716195
True,0.01,1.01,0.01,34.01,1.0689547479488022
True,1.01,0.01,0.01,48.01,0.9752684020503342
False,0.01,1.01,0.01,36.01,0.6577035630498629
False,2.01,1.01,1.01,38.01,0.9667697737300436
True,1.01,0.01,1.01,43.01,1.114087416641975
True,0.01,1.01,0.01,43.01,1.1383257554291626
True,1.01,1.01,0.01,44.01,1.6228419903941722
False,1.01,0.01,1.01,47.01,1.4063048037718424
True,4.01,1.01,1.01,47.01,1.2020439829522365
False,2.01,0.01,1.01,32.01,1.1722314497272373
True,0.01,0.01,0.01,39.01,1.1851790238746762
False,3.01,2.01,0.01,41.01,1.0247704111208418
False,3.01,1.01,1.01,33.01,1.1662824869925636
True,2.01,5.01,1.01,45.01,0.7156672085611536
True,0.01,1.01,2.01,34.01,0.815853838178565
False,1.01,1.01,0.01,43.01,1.062097816701224
True,1.01,0.01,0.01,31.009999999999998,1.0048655096479964
True,1.01,1.01,1.01,52.01,1.0656226572095895
True,4.01,3.01,0.01,38.01,1.0449721633648017
False,1.01,4.01,2.01,43.01,0.6947941356791459
False,2.01,4.01,0.01,35.01,1.2085904261969025
False,8.01,4.01,2.01,33.01,0.6410038029358517
False,1.01,4.01,1.01,45.01,1.2105547207898713
False,0.01,0.01,1.01,44.01,0.8204783227555689
True,0.01,0.01,2.01,39.01,1.2617758896927853
False,0.01,0.01,0.01,42.01,1.0023163887918385
False,0.01,0.01,1.01,32.01,1.4152652166072723
False,2.01,0.01,0.01,26.009999999999998,0.5981531594766889
False,1.01,0.01,1.01,51.01,1.2955059468209444
False,1.01,0.01,0.01,49.01,1.1808437047165583
True,0.01,3.01,1.01,26.009999999999998,1.404056860673653
False,2.01,0.01,0.01,39.01,1.0439547453069442
True,0.01,0.01,1.01,47.01,0.8397584566666684
True,1.01,1.01,2.01,40.01,0.8219435369203925
False,1.01,1.01,1.01,40.01,0.8869189528144517
True,2.01,1.01,0.01,34.01,1.3517294787074567
True,1.01,4.01,0.01,48.01,1.2484725937659094
False,1.01,1.01,1.01,33.01,0.7723973198540386
False,1.01,0.01,0.01,38.01,0.7819983776755631
True,2.01,1.01,2.01,39.01,0.7435395410688489
True,2.01,3.01,1.01,41.01,0.9611434143342039
True,0.01,0.01,2.01,37.01,0.6918837833577915
False,2.01,2.01,1.01,42.01,1.1431629745895007
True,3.01,1.01,1.01,42.01,1.4096630456070367
False,1.01,3.01,1.01,44.01,0.6268100663380349
False,1.01,5.01,0.01,32.01,1.193225703226357
True,6.01,3.01,0.01,43.01,1.7579645976900358
False,3.01,3.01,1.01,33.01,1.0743564007306243
True,8.01,2.01,2.01,42.01,0.9756295415317653
False,2.01,4.01,0.01,38.01,0.9941053753485906
False,6.01,9.01,2.01,33.01,1.5874878279000133
False,9.01,12.01,2.01,37.01,1.0752359825713405
True,9.01,9.01,4.01,33.01,1.0638027577250233
False,7.01,3.01,5.01,31.009999999999998,1.2980434260605338
True,8.01,7.01,3.01,53.01,0.6007900001650001
False,1.01,0.01,0.01,37.01,0.9080789375930066
False,2.01,1.01,0.01,37.01,0.7690037624362541
True,1.01,1.01,2.01,49.01,1.5487485871857172
True,3.01,2.01,2.01,49.01,0.7091168939580365
False,2.01,1.01,2.01,31.009999999999998,1.1674717913489754
True,0.01,1.01,1.01,40.01,0.6096006847963239
False,1.01,0.01,1.01,49.01,0.7342623815686944
True,0.01,2.01,1.01,46.01,0.7968705267821152
False,0.01,2.01,1.01,40.01,0.7132611490833867
True,2.01,1.01,3.01,33.01,1.365953198038492
False,0.01,2.01,0.01,30.009999999999998,0.7297338116012828
True,2.01,2.01,0.01,32.01,1.2267614417520336
True,3.01,2.01,4.01,36.01,1.0061229594926402
False,3.01,0.01,2.01,46.01,0.4438069904964569
False,2.01,3.01,0.01,39.01,1.354186257241901
False,0.01,2.01,1.01,47.01,0.5410092032590026
True,3.01,3.01,1.01,45.01,0.8458973669267785
False,3.01,0.01,0.01,35.01,0.8072901439536657
False,4.01,3.01,0.01,39.01,0.664015830084212
False,1.01,0.01,1.01,41.01,1.0743593281357284
True,3.01,0.01,1.01,43.01,1.5691836880342682
True,3.01,1.01,5.01,34.01,0.8727242690168557
False,6.01,2.01,0.01,46.01,1.5096280680104206
False,1.01,3.01,0.01,40.01,1.2388985377633928
False,4.01,3.01,0.01,35.01,1.0729766194279
False,9.01,4.01,1.01,44.01,0.23097776468032635
True,5.01,5.01,0.01,37.01,0.5431235621125529
True,9.01,8.01,3.01,39.01,0.8595145268830271
True,5.01,5.01,3.01,44.01,0.8015742147923
False,9.01,8.01,2.01,45.01,0.6757896882579356
True,16.009999999999998,10.01,3.01,37.01,1.0869255025973217
True,11.01,10.01,3.01,43.01,1.4586491001324198
False,1.01,2.01,0.01,45.01,0.576617819670681
True,0.01,3.01,1.01,35.01,0.7335725429352472
True,0.01,5.01,1.01,46.01,1.0177507227798266
False,3.01,2.01,2.01,38.01,1.1894520850584385
True,2.01,1.01,0.01,55.01,0.8973219166859185
True,0.01,0.01,1.01,50.01,1.26010777212313
False,0.01,2.01,1.01,42.01,0.844856881485668
False,3.01,1.01,2.01,43.01,1.1188267793017248
True,1.01,2.01,1.01,46.01,1.0780508059890592
True,1.01,1.01,3.01,36.01,0.7747439743013379
False,1.01,4.01,2.01,33.01,1.286200782886312
False,3.01,4.01,2.01,22.009999999999998,0.9782063571651674
True,2.01,1.01,1.01,41.01,1.0857296873357807
True,2.01,1.01,1.01,42.01,1.4047065007781252
False,1.01,1.01,1.01,52.01,0.6237400573352587
True,1.01,2.01,1.01,45.01,1.258090220093049
False,2.01,3.01,1.01,40.01,0.782882220466093
False,4.01,10.01,5.01,46.01,0.7371227277631451
False,3.01,0.01,2.01,44.01,1.1559814638372194
True,5.01,3.01,0.01,41.01,0.8498453079726359
True,0.01,5.01,1.01,30.009999999999998,1.163020314339701
False,2.01,0.01,2.01,39.01,0.9320506356302654
True,4.01,6.01,2.01,42.01,1.2085466075423057
False,5.01,3.01,0.01,38.01,0.6481564193847357
True,4.01,6.01,2.01,38.01,1.0090853805010132
False,7.01,6.01,3.01,47.01,1.3881715224803348
False,8.01,3.01,4.01,37.01,1.2860841115508013
True,9.01,10.01,2.01,48.01,0.9243483278738699
False,11.01,7.01,4.01,31.009999999999998,2.1921570968591086
False,11.01,14.01,0.01,41.01,1.1100036821805772
True,17.009999999999998,12.01,3.01,40.01,1.0887759115713942
False,12.01,13.01,1.01,35.01,1.520926821094164
True,0.01,0.01,1.01,38.01,0.7340355431532606
False,4.01,2.01,2.01,39.01,1.4466039752347755
False,0.01,2.01,0.01,38.01,0.8670756559501392
False,1.01,2.01,1.01,47.01,0.5368732350925837
True,0.01,4.01,3.01,39.01,1.1212932471596602
False,1.01,1.01,0.01,40.01,1.1556035995379457
False,3.01,3.01,0.01,32.01,0.7237941318013095
True,2.01,2.01,1.01,49.01,1.1344996766370143
True,3.01,3.01,1.01,42.01,1.319279670855661
False,0.01,2.01,0.01,29.009999999999998,0.4556255290850925
False,2.01,1.01,1.01,34.01,0.9774378006983638
False,2.01,5.01,1.01,36.01,0.9015956512245635
False,3.01,7.01,1.01,38.01,0.9771818459595626
True,7.01,4.01,3.01,47.01,0.7480722564089389
False,4.01,7.01,2.01,32.01,0.9877441535280281
True,5.01,3.01,1.01,39.01,0.5698280986919187
True,2.01,6.01,4.01,40.01,1.1556084136897429
True,1.01,10.01,3.01,39.01,0.653054284261378
False,11.01,2.01,1.01,27.009999999999998,1.60951898166352
True,8.01,7.01,3.01,47.01,1.2816902132131895
False,7.01,4.01,1.01,43.01,1.2082651983331214
False,6.01,6.01,2.01,33.01,0.9952977389981987
False,9.01,7.01,3.01,42.01,0.7865546720658917
False,7.01,3.01,0.01,41.01,0.9034527838169754
True,4.01,11.01,0.01,44.01,1.2211507854223138
False,5.01,8.01,0.01,39.01,0.8595089137632334
True,6.01,16.009999999999998,2.01,42.01,1.063436876075817
True,7.01,9.01,0.01,42.01,0.7358647784963575
False,12.01,17.009999999999998,2.01,41.01,1.8113633688482977
False,13.01,22.009999999999998,2.01,28.009999999999998,0.5992302757392272
True,12.01,13.01,2.01,49.01,1.1416379767253055
True,17.009999999999998,10.01,1.01,40.01,1.1941785930787268
False,0.01,1.01,0.01,34.01,0.9662038497864984
False,1.01,0.01,0.01,34.01,1.2307184268534792
True,0.01,0.01,0.01,38.01,0.9806338180762734
False,0.01,0.01,1.01,38.01,0.9217952023512022
True,0.01,0.01,0.01,44.01,1.158379269795761
False,0.01,0.01,0.01,30.009999999999998,1.0531192531386038
False,1.01,0.01,4.01,40.01,0.8166542179015713
False,0.01,0.01,0.01,40.01,1.8528572729800754
False,0.01,0.01,2.01,37.01,1.149299372324638
True,0.01,0.01,1.01,35.01,1.2613991178403712
False,0.01,0.01,0.01,29.009999999999998,0.9587156534516783
True,0.01,1.01,0.01,36.01,1.2320705087366688
False,0.01,0.01,0.01,34.01,0.9935761021847724
True,0.01,0.01,1.01,39.01,0.8070847372391994
False,0.01,1.01,0.01,41.01,0.9874374968541676
False,1.01,0.01,0.01,31.009999999999998,1.0024526564402605
False,0.01,0.01,2.01,46.01,1.2015058471565483
False,0.01,0.01,1.01,43.01,0.7161742605161705
True,0.01,0.01,1.01,32.01,1.172012507037776
False,0.01,0.01,0.01,41.01,0.8468586951054917
False,0.01,0.01,0.01,35.01,1.4409779152926627
False,0.01,0.01,1.01,48.01,1.115880201047544
True,0.01,0.01,4.01,41.01,1.5574990531434572
True,0.01,2.01,3.01,34.01,0.8708988074080952
False,0.01,0.01,0.01,48.01,1.6494718734622118
False,1.01,1.01,1.01,48.01,0.9507111004474087
True,0.01,2.01,1.01,46.01,0.6946017102172958
True,2.01,2.01,1.01,43.01,0.8417884302116778
False,1.01,0.01,1.01,33.01,1.2528904075651424
True,2.01,0.01,1.01,38.01,0.9212102698979493
True,1.01,0.01,1.01,34.01,1.2788051131466875
False,1.01,0.01,4.01,33.01,0.9163380218303173
False,1.01,2.01,0.01,30.009999999999998,1.478208896204582
True,0.01,0.01,0.01,32.01,0.6787928379073
True,2.01,0.01,0.01,35.01,0.64085588151481
False,0.01,0.01,2.01,41.01,0.9151501742020938
False,0.01,0.01,0.01,23.009999999999998,1.0606362264647964
False,0.01,0.01,1.01,41.01,1.2939205254846382
False,0.01,0.01,0.01,48.01,0.8493172892389909
True,0.01,0.01,1.01,45.01,1.1399819143962042
False,0.01,0.01,0.01,45.01,0.8831937841204736
True,0.01,0.01,3.01,39.01,1.0192892057689522
True,0.01,0.01,0.01,41.01,0.9052128671272117
False,0.01,1.01,0.01,45.01,0.9915787643078333
True,0.01,0.01,2.01,32.01,0.9169834449438031
False,0.01,1.01,0.01,33.01,0.6689164991019212
False,1.01,0.01,0.01,44.01,0.8231144376274008
True,2.01,2.01,0.01,46.01,0.509234668410365
True,0.01,0.01,0.01,40.01,1.452912488713133
False,0.01,0.01,1.01,35.01,0.7914221692835067
False,1.01,0.01,0.01,47.01,0.5244937613095055
False,0.01,4.01,0.01,30.009999999999998,0.8307450940295498
False,0.01,2.01,1.01,43.01,0.9198732736701247
False,1.01,2.01,1.01,42.01,1.2598083905004935
False,0.01,0.01,0.01,36.01,0.9677787487877505
False,1.01,0.01,1.01,39.01,0.9843807481155327
False,1.01,0.01,2.01,37.01,0.7018501393683221
True,2.01,0.01,0.01,35.01,0.8913833483060034
False,1.01,0.01,0.01,35.01,0.8493456012638776
True,0.01,3.01,0.01,33.01,0.9013951274409532
False,4.01,1.01,1.01,33.01,0.9810039556854815
False,1.01,0.01,7.01,41.01,1.3298273658698243
True,4.01,0.01,1.01,37.01,0.9912556934409383
True,4.01,1.01,0.01,33.01,1.5830285485305768
False,4.01,7.01,1.01,39.01,1.1427902824902436
True,0.01,0.01,1.01,45.01,1.2414865218539801
False,0.01,0.01,1.01,37.01,1.0583774824531829
False,0.01,1.01,0.01,56.01,1.0229860255918826
True,0.01,0.01,1.01,37.01,1.092440240097354
True,0.01,0.01,1.01,50.01,0.9638216195336484
False,0.01,0.01,0.01,40.01,1.3187666698535303
True,0.01,0.01,0.01,33.01,1.3085407690221555
True,0.01,0.01,0.01,50.01,0.6227551444069155
False,0.01,0.01,0.01,44.01,0.995249057173201
False,1.01,0.01,1.01,49.01,1.050269373322062
True,0.01,2.01,1.01,50.01,0.9794830182125265
True,0.01,1.01,1.01,38.01,1.0126851106515555
True,2.01,0.01,1.01,54.01,0.9219893968770676
False,0.01,1.01,0.01,36.01,1.1209023747719884
False,0.01,2.01,0.01,42.01,1.0147773752488547
False,3.01,0.01,0.01,33.01,0.5331061959573774
False,0.01,1.01,0.01,51.01,0.6139536035671561
True,0.01,0.01,0.01,42.01,0.8942153781159703
False,1.01,0.01,1.01,37.01,0.571240199403918
False,1.01,0.01,0.01,50.01,0.8219513871051745
False,0.01,0.01,1.01,42.01,0.7957796729206998
True,1.01,0.01,1.01,46.01,1.0343853723877552
False,0.01,0.01,1.01,42.01,0.7326198315765746
False,2.01,1.01,1.01,36.01,1.1134488157396032
False,0.01,1.01,0.01,44.01,1.0694497669050436
True,2.01,2.01,1.01,46.01,0.5717693314024482
False,2.01,2.01,3.01,50.01,0.8147084049374783
False,2.01,1.01,2.01,43.01,0.9144678620169177
True,1.01,1.01,2.01,37.01,0.6055876032044532
False,2.01,2.01,0.01,47.01,1.1360791077379622
True,2.01,1.01,1.01,47.01,1.3805764577866244
True,1.01,4.01,0.01,46.01,0.8504953838395223
False,6.01,2.01,0.01,41.01,1.0484101538322053
False,4.01,4.01,3.01,50.01,1.140918686576581
False,0.01,1.01,1.01,38.01,0.8738623866864137
False,0.01,0.01,0.01,44.01,0.7884929161858344
False,0.01,0.01,1.01,36.01,0.9522103767069443
False,0.01,0.01,0.01,36.01,1.6839632231370891
False,0.01,0.01,0.01,38.01,1.2178310104103878
False,0.01,0.01,0.01,44.01,1.349274841095867
True,0.01,0.01,1.01,35.01,1.4482568135963074
True,0.01,0.01,0.01,46.01,0.8082928818519105
False,0.01,0.01,0.01,44.01,1.0823828542402505
False,0.01,0.01,1.01,36.01,0.8128844099178538
False,0.01,1.01,1.01,44.01,1.2997232726837469
False,0.01,0.01,1.01,40.01,1.0817835750950304
True,1.01,1.01,2.01,44.01,0.6516636261187059
True,0.01,1.01,0.01,29.009999999999998,1.6242046303503659
False,1.01,1.01,2.01,43.01,0.7378124600138627
True,1.01,0.01,1.01,40.01,0.8897030455594237
False,0.01,1.01,0.01,42.01,0.7713435784587221
True,1.01,1.01,0.01,42.01,1.6663156152379013
False,0.01,0.01,0.01,41.01,1.2852205830235204
True,0.01,0.01,0.01,41.01,1.5284610025989334
True,1.01,0.01,1.01,33.01,0.6944485168952842
True,0.01,0.01,0.01,29.009999999999998,1.0000310827173788
False,1.01,0.01,0.01,42.01,0.7201344346952981
True,2.01,0.01,0.01,45.01,2.014450889321183
False,0.01,0.01,1.01,44.01,0.9740520700526004
True,0.01,0.01,0.01,33.01,1.16301606319431
False,1.01,0.01,0.01,40.01,1.232937479187479
False,0.01,0.01,1.01,37.01,1.075361446100338
True,0.01,2.01,1.01,52.01,1.0464785946351018
True,2.01,3.01,4.01,35.01,0.7992710207634914
True,2.01,0.01,3.01,42.01,1.3330529195315546
True,2.01,2.01,1.01,36.01,1.4513072341522586
True,4.01,2.01,5.01,51.01,1.0716402603975992
False,1.01,0.01,2.01,37.01,0.743942363217722
False,0.01,0.01,2.01,35.01,1.1653835936061918
False,0.01,0.01,0.01,40.01,0.8248716448399022
False,1.01,0.01,0.01,49.01,1.1603709378826725
True,0.01,0.01,1.01,41.01,0.7112512359763001
False,1.01,1.01,0.01,36.01,0.7422650576678504
False,0.01,0.01,1.01,33.01,0.6366952618423207
True,0.01,1.01,1.01,27.009999999999998,0.9575427665475945
True,0.01,0.01,1.01,26.009999999999998,1.1121410734485977
True,0.01,0.01,0.01,37.01,0.7730951970271025
True,1.01,0.01,1.01,41.01,1.2037042220134877
True,0.01,0.01,0.01,26.009999999999998,0.858867967086691
False,2.01,2.01,0.01,28.009999999999998,0.9894182144296559
True,0.01,0.01,0.01,57.01,1.0330603499878104
True,0.01,1.01,0.01,37.01,1.1436149846406354
False,0.01,0.01,1.01,49.01,1.095286913151705
False,2.01,0.01,0.01,42.01,0.9199903557158875
False,0.01,0.01,2.01,32.01,1.3749484153044527
True,0.01,1.01,0.01,46.01,1.2845595042428855
True,1.01,0.01,2.01,26.009999999999998,1.301598427198104
False,0.01,0.01,3.01,41.01,0.554575703447957
True,2.01,0.01,2.01,29.009999999999998,1.026106491847419
False,0.01,3.01,1.01,45.01,0.5525138219031205
False,0.01,3.01,0.01,41.01,0.8083286901880797
True,1.01,3.01,1.01,40.01,1.0613948913405433
False,0.01,0.01,0.01,44.01,0.6482488088390841
False,1.01,2.01,1.01,29.009999999999998,0.9911653035461037
True,3.01,0.01,1.01,29.009999999999998,1.1197211494092014
False,1.01,0.01,1.01,30.009999999999998,0.5478427753654613
False,2.01,2.01,1.01,35.01,1.1444105723752844
False,4.01,1.01,1.01,41.01,0.9333584319073911
False,5.01,0.01,3.01,35.01,0.9963112759969263
False,3.01,1.01,0.01,39.01,1.4533749971863026
False,0.01,0.01,1.01,45.01,0.9221367442247121
False,0.01,0.01,0.01,46.01,1.1121346795671532
False,2.01,0.01,0.01,38.01,1.2938293848711935
False,0.01,0.01,3.01,43.01,1.1366304734061756
True,0.01,0.01,0.01,46.01,0.8964019888302831
True,0.01,1.01,1.01,35.01,0.9334423828586529
True,0.01,0.01,1.01,49.01,1.0678506211848502
True,0.01,2.01,0.01,30.009999999999998,1.1848147870031915
True,0.01,0.01,0.01,40.01,1.2112663384358375
False,0.01,0.01,4.01,30.009999999999998,0.6480576079178358
True,0.01,0.01,1.01,41.01,0.6432403570022274
True,0.01,1.01,0.01,43.01,0.6967395352166704
False,0.01,1.01,0.01,32.01,1.0155402794126505
True,1.01,0.01,2.01,32.01,1.5345831429799675
False,0.01,0.01,0.01,41.01,0.7215495343436519
False,1.01,0.01,0.01,36.01,0.8830952488092447
True,1.01,0.01,2.01,37.01,0.7148448319819287
False,0.01,0.01,1.01,35.01,1.4929399181639176
False,0.01,0.01,0.01,38.01,0.5710864793835808
False,0.01,0.01,2.01,30.009999999999998,1.2723910583916087
False,0.01,0.01,1.01,31.009999999999998,0.880709624341434
False,1.01,0.01,1.01,39.01,1.6352192031331954
False,0.01,1.01,1.01,47.01,0.42702574987458697
True,0.01,0.01,1.01,38.01,1.1076334370262564
False,0.01,1.01,0.01,41.01,0.6855590786007495
False,0.01,2.01,1.01,35.01,1.1695592402815274
False,0.01,2.01,2.01,36.01,0.6517102557455531
True,1.01,1.01,0.01,29.009999999999998,0.7249239015873158
False,3.01,1.01,3.01,37.01,0.7321789655910059
True,2.01,4.01,2.01,40.01,1.373523390727589
False,4.01,0.01,2.01,45.01,1.1452975805183494
True,5.01,4.01,2.01,38.01,1.6275604216045392
True,1.01,2.01,3.01,42.01,1.440287449005447
False,0.01,0.01,2.01,36.01,1.1882308413041942
False,0.01,0.01,4.01,45.01,0.9279579264499969
True,1.01,0.01,1.01,32.01,1.3897968789052484
True,1.01,0.01,0.01,42.01,1.3527558073631005
False,0.01,0.01,0.01,48.01,0.9954434377485785
False,0.01,0.01,0.01,36.01,0.8939572721752307
True,0.01,1.01,0.01,43.01,1.1833413887639685
False,1.01,0.01,1.01,30.009999999999998,1.2521082590912664
True,1.01,0.01,0.01,43.01,0.857315093326067
False,0.01,0.01,0.01,47.01,0.8365320577862705
False,0.01,0.01,1.01,38.01,1.2771058483090723
False,0.01,1.01,1.01,29.009999999999998,1.0599521446169313
False,2.01,0.01,2.01,46.01,0.5928036155228935
False,1.01,0.01,0.01,38.01,1.0843840881000242
True,0.01,0.01,0.01,35.01,0.8960192556797536
True,0.01,0.01,3.01,38.01,0.980157248133193
False,0.01,0.01,2.01,47.01,0.8528192928509831
False,1.01,1.01,1.01,41.01,0.5887243697085144
False,0.01,1.01,0.01,41.01,1.2213209460163355
True,0.01,0.01,1.01,34.01,0.67016045155214
True,0.01,0.01,0.01,41.01,1.1081706885305953
False,2.01,0.01,0.01,35.01,1.0463077555117928
True,0.01,0.01,1.01,37.01,1.2830603645896
False,1.01,1.01,1.01,47.01,0.6937146403291464
False,2.01,2.01,0.01,49.01,0.9963551002968191
False,3.01,3.01,1.01,33.01,0.503985869977662
False,3.01,2.01,2.01,39.01,0.8532902845853998
True,5.01,0.01,2.01,46.01,1.4871848040575322
False,2.01,2.01,0.01,32.01,0.9353463672135436
False,3.01,1.01,1.01,36.01,0.7723969754225669
True,1.01,4.01,1.01,39.01,1.2012549363020335
False,3.01,5.01,2.01,32.01,1.3986534714146317
False,2.01,5.01,2.01,36.01,1.2749406069503968
True,1.01,0.01,0.01,44.01,1.479762930742307
False,0.01,2.01,0.01,33.01,0.5716128650054467
True,0.01,2.01,1.01,52.01,0.9806876485823997
True,0.01,0.01,0.01,36.01,0.5223491972122805
True,0.01,2.01,0.01,37.01,1.0636839594786442
False,1.01,0.01,0.01,49.01,1.2027230654000163
True,0.01,2.01,0.01,40.01,1.0103587148733326
True,0.01,0.01,1.01,40.01,0.8060577215143032
False,0.01,0.01,0.01,42.01,0.4836935514294512
False,3.01,0.01,0.01,49.01,0.7701756631168395
True,1.01,2.01,0.01,40.01,0.6241206778687427
False,0.01,0.01,1.01,34.01,1.0920524647301468
False,1.01,0.01,2.01,41.01,0.748378388588457
False,0.01,0.01,0.01,42.01,1.2984554952138307
True,1.01,1.01,1.01,53.01,0.8921017768272149
True,1.01,0.01,0.01,43.01,1.4407251677367117
False,0.01,1.01,1.01,39.01,0.4513768414522166
False,3.01,1.01,0.01,43.01,1.2825858649685926
False,1.01,3.01,1.01,32.01,1.5130875922841236
False,0.01,0.01,2.01,36.01,0.8471643846619472
False,1.01,2.01,1.01,38.01,1.0446577809816824
False,1.01,0.01,0.01,35.01,1.0094926802865658
True,0.01,1.01,0.01,41.01,1.3836581550211293
True,4.01,2.01,1.01,34.01,1.4350083349048481
True,3.01,1.01,3.01,38.01,0.6266919439322681
False,3.01,1.01,1.01,42.01,0.4371753031833677
False,2.01,2.01,0.01,46.01,0.8774465679752995
True,4.01,3.01,1.01,27.009999999999998,0.7206168388988712
False,4.01,3.01,1.01,50.01,1.3556385639201514
True,2.01,5.01,3.01,44.01,2.07092288864083
True,6.01,4.01,2.01,36.01,0.9422766061942628
True,3.01,6.01,0.01,36.01,0.9280911000632539
True,4.01,7.01,2.01,33.01,1.256199367695225
False,0.01,1.01,0.01,38.01,0.897400458555549
True,0.01,0.01,1.01,32.01,1.177920005990847
True,0.01,1.01,1.01,37.01,1.1884885657825932
False,1.01,0.01,0.01,46.01,0.950738497854126
False,0.01,0.01,0.01,46.01,0.8324289798475009
True,1.01,1.01,1.01,32.01,1.0530352788632837
True,0.01,1.01,0.01,33.01,0.9194682932461521
False,1.01,0.01,0.01,31.009999999999998,1.3610559964069169
False,0.01,1.01,0.01,36.01,1.3490333816079265
False,0.01,1.01,1.01,34.01,1.4542872116566137
False,0.01,2.01,1.01,33.01,0.5217962092496029
False,5.01,0.01,2.01,42.01,0.5100354305010532
True,0.01,2.01,1.01,40.01,0.7107059664660086
True,0.01,0.01,1.01,40.01,0.8719505484093071
True,0.01,0.01,1.01,37.01,0.7250650940601971
True,0.01,3.01,1.01,38.01,0.7577067849408275
False,0.01,0.01,0.01,35.01,0.6558809693155044
False,0.01,1.01,0.01,37.01,0.6904065792395009
False,2.01,1.01,0.01,40.01,1.2766566885657105
False,0.01,1.01,0.01,41.01,1.2116411089887575
True,0.01,1.01,0.01,41.01,0.905470666151403
False,1.01,0.01,1.01,39.01,0.8961217747567295
False,0.01,0.01,0.01,37.01,0.6439739683752289
False,0.01,2.01,1.01,30.009999999999998,1.1719625377318994
True,1.01,6.01,0.01,33.01,1.3593302062349741
False,3.01,2.01,2.01,49.01,1.2305233253307486
True,1.01,2.01,2.01,42.01,1.1875508231276917
False,0.01,4.01,0.01,50.01,1.7322789516487938
False,1.01,4.01,1.01,41.01,0.7287899168906963
True,3.01,1.01,1.01,45.01,0.8637653577944002
False,4.01,8.01,2.01,31.009999999999998,1.2673773109837168
True,6.01,4.01,2.01,36.01,1.1971488661500775
False,5.01,5.01,1.01,41.01,1.3607637307055127
False,1.01,0.01,1.01,37.01,0.36834186472024505
True,0.01,0.01,0.01,36.01,0.6173809850280437
True,0.01,1.01,1.01,35.01,1.2425231586904104
False,0.01,3.01,0.01,39.01,1.3190762518723214
True,0.01,3.01,0.01,30.009999999999998,0.6789568808288395
True,0.01,0.01,0.01,44.01,0.6380540827963292
False,0.01,0.01,2.01,39.01,0.9712943587129745
False,1.01,1.01,0.01,38.01,0.764813460559947
True,0.01,0.01,1.01,41.01,1.5433601684978973
False,1.01,3.01,0.01,39.01,1.9743854386196986
False,0.01,1.01,2.01,41.01,0.838168248334468
True,0.01,1.01,0.01,44.01,1.0288420058030974
True,2.01,3.01,0.01,35.01,1.565764267655793
False,5.01,3.01,0.01,48.01,0.8678046619989134
True,2.01,0.01,3.01,36.01,1.3610263049369637
True,0.01,3.01,0.01,45.01,0.619253528592326
False,3.01,0.01,1.01,37.01,0.8556080576568703
False,1.01,2.01,1.01,37.01,0.7484043739078752
False,0.01,2.01,0.01,45.01,0.902400710719676
False,1.01,4.01,0.01,54.01,1.449374543328405
True,3.01,3.01,4.01,43.01,1.0466957917194433
False,4.01,2.01,0.01,26.009999999999998,1.196703624857034
False,2.01,1.01,0.01,35.01,0.7221905657012279
False,6.01,5.01,1.01,46.01,0.9005806411401
True,3.01,3.01,4.01,44.01,1.0926639086719732
True,2.01,2.01,2.01,41.01,1.0161705299564396
False,3.01,1.01,1.01,38.01,1.1144782562817308
False,3.01,3.01,1.01,32.01,1.3845520316794337
False,6.01,9.01,1.01,43.01,0.8828925747516562
False,8.01,3.01,4.01,28.009999999999998,1.2860238264301085
True,13.01,5.01,1.01,35.01,1.1055520975600777
True,5.01,14.01,3.01,48.01,1.4586035894415978
True,9.01,4.01,1.01,43.01,0.9314138488955932
False,0.01,0.01,1.01,27.009999999999998,1.0322100513046906
False,0.01,1.01,1.01,45.01,1.0730014119985563
False,0.01,2.01,5.01,32.01,0.63734431970286
True,0.01,1.01,0.01,50.01,1.0075086857690232
True,0.01,1.01,0.01,35.01,1.5647090638903371
True,2.01,0.01,1.01,43.01,0.9842086461350962
True,3.01,1.01,1.01,23.009999999999998,0.6876657243808866
False,0.01,2.01,0.01,43.01,0.8472719259308135
False,0.01,0.01,1.01,39.01,0.8910413583676037
False,1.01,1.01,1.01,45.01,1.3433486715659324
True,1.01,1.01,0.01,40.01,1.4440559168834768
True,1.01,0.01,1.01,44.01,1.2097148655263281
True,0.01,4.01,0.01,41.01,1.3375290916950506
False,4.01,2.01,1.01,43.01,1.3026798887100666
True,0.01,1.01,1.01,35.01,0.4913297651076241
False,1.01,1.01,1.01,51.01,1.0312542160765805
False,1.01,1.01,1.01,41.01,1.7218632803762732
True,1.01,2.01,2.01,36.01,1.173516997298883
True,2.01,2.01,2.01,34.01,1.053749183057774
False,2.01,4.01,4.01,30.009999999999998,0.8941144383076546
False,2.01,3.01,0.01,42.01,0.8695240643303771
False,4.01,3.01,2.01,29.009999999999998,1.3409804746752512
False,2.01,2.01,1.01,37.01,1.2008009774389086
False,1.01,5.01,1.01,37.01,1.6376749270653443
False,1.01,7.01,3.01,38.01,1.1635905183953357
False,5.01,3.01,1.01,46.01,0.9712822836942295
True,8.01,3.01,5.01,37.01,1.0674297482577326
True,3.01,6.01,3.01,35.01,1.2335776024840546
True,4.01,10.01,1.01,26.009999999999998,0.7321880850028173
False,6.01,5.01,1.01,38.01,1.2218176968263739
False,5.01,3.01,4.01,39.01,0.8020554504731
False,5.01,8.01,3.01,46.01,0.9904695864692977
True,2.01,1.01,0.01,37.01,1.377553818534331
False,0.01,2.01,1.01,43.01,1.083822464886885
False,2.01,0.01,2.01,46.01,1.196879129503954
False,1.01,2.01,0.01,36.01,0.7996390000742875
False,2.01,1.01,1.01,46.01,1.5881424806995432
False,0.01,0.01,3.01,46.01,0.9719208324250764
True,2.01,0.01,0.01,37.01,0.6221133880103408
True,1.01,3.01,0.01,38.01,1.2001074183166862
False,0.01,0.01,2.01,44.01,0.6096714954323034
True,3.01,0.01,3.01,39.01,1.1090849702598007
True,1.01,2.01,1.01,42.01,1.00505366999128
False,1.01,1.01,1.01,51.01,0.818526816320934
False,1.01,2.01,1.01,38.01,0.44285927714814965
True,2.01,2.01,0.01,49.01,1.3777801526215265
True,1.01,1.01,4.01,48.01,1.0923238546478953
False,3.01,0.01,2.01,34.01,1.4642424242424243
True,0.01,2.01,1.01,42.01,0.6175112402768809
False,1.01,0.01,1.01,32.01,1.672988389823499
False,3.01,3.01,1.01,38.01,0.7574444450897939
False,0.01,1.01,1.01,43.01,0.5444276160076434
True,3.01,1.01,1.01,42.01,1.0530528046069416
False,1.01,3.01,3.01,28.009999999999998,0.8340948296724443
True,3.01,1.01,2.01,37.01,1.2237128974085496
False,2.01,4.01,4.01,39.01,1.4726181968909726
False,2.01,4.01,2.01,36.01,1.4116062472484328
False,8.01,2.01,6.01,47.01,0.7741464058165034
True,3.01,5.01,0.01,44.01,1.187548749348363
False,3.01,8.01,1.01,44.01,1.7711457165782343
False,0.01,7.01,2.01,45.01,1.0509277559277557
False,11.01,8.01,4.01,32.01,0.9730798300932939
False,13.01,10.01,2.01,45.01,0.9476139954640236
False,9.01,9.01,5.01,35.01,1.8644346967363652
False,0.01,0.01,0.01,40.01,1.0859466761931023
False,0.01,0.01,2.01,37.01,0.6393065082622533
False,0.01,0.01,0.01,43.01,0.5587618269005987
False,0.01,0.01,1.01,34.01,0.9020832591853978
False,0.01,0.01,0.01,35.01,1.2026002018445396
True,0.01,0.01,1.01,51.01,0.815041644333654
False,1.01,0.01,0.01,34.01,1.070834862413837
True,0.01,1.01,1.01,38.01,0.41667031128778204
False,0.01,0.01,1.01,38.01,1.4978749838033987
False,0.01,0.01,1.01,49.01,1.0151835392750934
True,1.01,1.01,0.01,48.01,0.7533494191956945
False,0.01,0.01,1.01,28.009999999999998,0.5711039360242752
False,0.01,0.01,0.01,56.01,1.1494667801586425
False,0.01,0.01,1.01,45.01,1.0328648682710668
True,0.01,0.01,0.01,32.01,1.1392161585457166
False,0.01,0.01,3.01,35.01,1.3957650982767855
True,0.01,0.01,0.01,41.01,1.3573899427545897
False,0.01,0.01,1.01,40.01,0.9023417545494634
False,2.01,0.01,2.01,39.01,1.0867940163874974
False,0.01,0.01,0.01,41.01,0.6668838657733719
False,0.01,1.01,0.01,42.01,1.4578146389352455
False,0.01,1.01,0.01,32.01,1.1746446806451865
False,0.01,1.01,4.01,41.01,0.8240485416152741
False,0.01,0.01,1.01,39.01,0.7664171280997469
True,0.01,0.01,0.01,30.009999999999998,1.080364589386925
False,1.01,2.01,0.01,37.01,0.9244731582412561
False,0.01,1.01,1.01,40.01,1.1167580966773993
True,1.01,0.01,2.01,42.01,0.9727973008068164
False,1.01,0.01,1.01,41.01,1.6070837119499408
True,3.01,0.01,3.01,37.01,1.3631550313370802
False,4.01,3.01,2.01,44.01,0.7082741758746063
False,0.01,0.01,0.01,35.01,0.7619126969854442
False,4.01,1.01,4.01,34.01,0.927937128231246
False,0.01,0.01,2.01,38.01,1.4400139264344658
False,0.01,0.01,0.01,34.01,0.7731860000238988
False,0.01,1.01,0.01,43.01,0.8739194699536821
True,0.01,0.01,1.01,39.01,0.7468773591279944
True,1.01,0.01,0.01,35.01,0.9761406144679949
False,1.01,0.01,0.01,41.01,0.6270670978236768
True,0.01,0.01,0.01,39.01,1.0385840615572777
False,0.01,0.01,0.01,46.01,0.6255229078041655
True,0.01,0.01,0.01,41.01,1.2302379050444914
True,0.01,0.01,2.01,31.009999999999998,0.9244499983242023
False,0.01,1.01,1.01,52.01,0.7585550055656118
False,0.01,0.01,0.01,35.01,1.3587982077157317
False,1.01,0.01,0.01,42.01,0.7210445849806286
True,0.01,0.01,1.01,38.01,1.0268181056022836
False,0.01,0.01,1.01,45.01,0.8196141267691659
False,0.01,0.01,0.01,36.01,1.0714979345976507
True,0.01,0.01,0.01,40.01,0.6814150850024155
False,0.01,0.01,0.01,51.01,0.6437014858788561
True,0.01,0.01,0.01,52.01,0.8468190350098245
False,0.01,0.01,1.01,40.01,0.512923710809815
False,0.01,0.01,1.01,34.01,1.037589859276493
False,0.01,2.01,0.01,41.01,1.119665557975693
False,0.01,1.01,1.01,44.01,1.1349005593558055
True,0.01,4.01,0.01,40.01,1.0610752705005455
True,0.01,0.01,1.01,40.01,0.8220252238628919
False,0.01,0.01,0.01,36.01,0.8676418265514295
False,0.01,0.01,2.01,46.01,1.1781125464856663
False,2.01,0.01,1.01,32.01,0.6804719031954396
False,0.01,1.01,0.01,39.01,0.8108670609709806
True,1.01,0.01,3.01,32.01,1.2259708049584088
False,1.01,0.01,2.01,40.01,0.7275903504840886
False,1.01,1.01,2.01,42.01,0.4343743758611496
False,2.01,2.01,2.01,43.01,0.9698979056004745
False,0.01,1.01,0.01,42.01,1.3692342852335464
False,0.01,0.01,1.01,34.01,0.9394706168631355
True,0.01,0.01,0.01,40.01,1.530284690416543
False,0.01,0.01,0.01,35.01,1.258676517054275
False,0.01,0.01,1.01,33.01,0.8010388867078329
False,0.01,0.01,1.01,45.01,0.8340121128866248
False,0.01,0.01,0.01,56.01,1.2838061961926774
True,0.01,0.01,0.01,40.01,0.6579768183986202
True,0.01,1.01,0.01,46.01,0.8183266584297476
False,0.01,0.01,0.01,41.01,1.1940767604539442
False,0.01,0.01,1.01,39.01,1.1369130001411107
False,0.01,0.01,1.01,38.01,1.3982132396556743
True,0.01,0.01,0.01,48.01,0.9386208976320446
True,0.01,0.01,1.01,58.01,0.965798404894767
False,0.01,0.01,1.01,32.01,0.5332880921805715
False,1.01,0.01,0.01,41.01,0.8909135610766045
False,1.01,0.01,2.01,28.009999999999998,0.9767724788774296
False,1.01,0.01,1.01,43.01,1.1326537141998683
False,1.01,0.01,1.01,47.01,1.2948047224012829
True,1.01,0.01,0.01,39.01,1.501511895842303
False,0.01,0.01,0.01,48.01,1.1811418521884494
True,1.01,2.01,2.01,49.01,1.3188324427909597
False,0.01,1.01,2.01,37.01,2.0972726730336317
True,1.01,1.01,1.01,39.01,0.685340217509335
False,1.01,1.01,1.01,33.01,1.6945686794052581
False,1.01,1.01,0.01,33.01,0.7283294417936015
False,2.01,1.01,2.01,49.01,1.3842600666160834
True,2.01,0.01,2.01,38.01,1.119261921117929
True,1.01,1.01,1.01,40.01,1.1098267487685183
True,0.01,6.01,4.01,43.01,0.7711116439295564
True,3.01,1.01,1.01,52.01,0.7301296487530199
True,5.01,0.01,0.01,40.01,0.8654964328746593
True,3.01,5.01,2.01,34.01,1.5123506327723073
False,0.01,1.01,1.01,31.009999999999998,0.6571848497980026
False,1.01,0.01,0.01,29.009999999999998,1.060143038920166
True,0.01,0.01,0.01,54.01,0.8232781036621648
False,0.01,1.01,1.01,30.009999999999998,1.4492644600633573
False,0.01,1.01,2.01,38.01,0.8870150873092049
False,0.01,0.01,0.01,34.01,1.1288109588701138
False,0.01,0.01,1.01,44.01,0.7716870741781027
True,1.01,0.01,0.01,40.01,0.8804432960306137
False,0.01,0.01,0.01,36.01,0.8379583174364281
False,0.01,0.01,0.01,32.01,1.1727882055545615
True,0.01,0.01,1.01,29.009999999999998,1.0312914865178966
False,0.01,1.01,0.01,37.01,0.93609999715835
False,0.01,0.01,0.01,32.01,1.1534493635141914
False,0.01,0.01,2.01,39.01,1.8193469983620054
False,0.01,1.01,2.01,40.01,0.9155975732054842
False,0.01,0.01,1.01,39.01,1.1648249760749758
True,0.01,0.01,0.01,41.01,1.407968482432429
False,0.01,0.01,1.01,39.01,1.1303897335867992
False,1.01,0.01,1.01,39.01,0.42870902270359995
True,0.01,0.01,1.01,28.009999999999998,0.6920419643000287
False,0.01,0.01,2.01,33.01,0.8408262962848877
True,1.01,0.01,0.01,35.01,1.1778345104785095
False,0.01,0.01,1.01,36.01,0.9619834617255233
False,1.01,0.01,2.01,29.009999999999998,1.0917581448636644
False,1.01,1.01,0.01,43.01,1.1574882747632131
False,0.01,2.01,0.01,38.01,0.6066921723898467
True,0.01,0.01,1.01,30.009999999999998,0.8788378062988553
True,1.01,0.01,2.01,31.009999999999998,0.8088481574337628
False,0.01,0.01,2.01,37.01,0.6654171087401635
True,1.01,0.01,1.01,34.01,0.8532108688648936
False,1.01,0.01,3.01,36.01,0.7977432765010771
False,1.01,2.01,1.01,33.01,1.0363865878861342
False,5.01,0.01,3.01,36.01,1.8590433911044109
True,0.01,1.01,0.01,34.01,1.3714154082727381
False,0.01,0.01,1.01,42.01,0.6072735697269414
False,0.01,0.01,1.01,43.01,1.342661688743094
False,0.01,0.01,2.01,35.01,1.2223168224930396
True,0.01,0.01,0.01,60.01,1.432243601986249
False,0.01,0.01,2.01,36.01,0.943226084290888
True,0.01,0.01,1.01,45.01,0.82360369950847
False,0.01,0.01,2.01,41.01,0.8829819893142704
False,0.01,0.01,1.01,50.01,1.2663603360424112
True,1.01,0.01,0.01,35.01,1.2144425906459841
False,0.01,0.01,1.01,32.01,0.9991406939473388
True,0.01,0.01,1.01,50.01,1.0198116614875967
False,0.01,1.01,1.01,35.01,0.7442614978704205
True,0.01,0.01,0.01,36.01,0.887668907420305
False,0.01,1.01,1.01,30.009999999999998,0.8628075813953063
True,0.01,0.01,0.01,44.01,1.460956240883393
False,0.01,0.01,0.01,38.01,0.9678279078616518
True,0.01,0.01,0.01,40.01,1.1759122428380973
False,0.01,0.01,0.01,44.01,1.1165444320946214
True,0.01,0.01,0.01,47.01,0.7597486945151091
False,0.01,1.01,0.01,39.01,1.8517146525246488
False,0.01,2.01,1.01,33.01,1.235533384177789
False,0.01,0.01,2.01,47.01,1.0528507127737223
False,0.01,1.01,2.01,33.01,1.126494002460157
True,0.01,1.01,0.01,35.01,0.4141682800474541
True,0.01,0.01,3.01,38.01,1.5719151150758166
True,1.01,0.01,1.01,31.009999999999998,2.1295974623890497
False,3.01,1.01,2.01,40.01,1.4027575022675007
True,2.01,3.01,0.01,30.009999999999998,1.3120626529825994
False,2.01,2.01,1.01,41.01,0.6008136659425941
True,1.01,1.01,1.01,42.01,1.2887452913175923
True,3.01,1.01,5.01,46.01,1.1654579003166357
True,4.01,1.01,0.01,44.01,1.1850405473242176
False,0.01,0.01,3.01,49.01,0.8259407968690797
True,1.01,0.01,0.01,39.01,0.7593391775510983
True,0.01,0.01,0.01,37.01,0.9329358136033781
False,0.01,1.01,1.01,44.01,1.2986115018805195
False,2.01,0.01,0.01,38.01,1.1362114489041975
False,0.01,0.01,2.01,37.01,0.9174010099679959
True,0.01,0.01,1.01,37.01,0.9474269967137305
False,0.01,0.01,0.01,30.009999999999998,0.9015816619995667
False,0.01,1.01,1.01,42.01,1.088436038892759
False,1.01,0.01,0.01,36.01,1.5104906507519553
False,1.01,0.01,3.01,40.01,0.8604836389687356
False,0.01,0.01,0.01,51.01,1.3013375313375315
True,0.01,0.01,0.01,45.01,0.9442882564641211
False,0.01,0.01,0.01,36.01,0.8835280309753668
True,0.01,1.01,0.01,42.01,0.8711252898752901
False,0.01,0.01,0.01,33.01,0.9002658159603811
True,0.01,0.01,1.01,36.01,1.292993217073244
True,0.01,0.01,1.01,33.01,1.0481899903151044
False,0.01,1.01,0.01,33.01,1.1156500156666178
True,1.01,0.01,1.01,52.01,1.0105473022125186
False,0.01,0.01,1.01,44.01,0.8937465773480819
False,0.01,0.01,1.01,48.01,1.272483533491598
False,1.01,0.01,0.01,46.01,1.1733113057522573
False,1.01,1.01,1.01,40.01,1.0835626058551928
True,0.01,0.01,1.01,42.01,1.9564617237785062
True,0.01,1.01,1.01,40.01,1.3336224753619599
True,0.01,0.01,0.01,34.01,1.2122695931523755
True,3.01,1.01,1.01,34.01,1.1712184477416474
False,1.01,1.01,1.01,34.01,0.7855993884721033
True,0.01,3.01,1.01,34.01,0.7530286588791483
False,0.01,0.01,0.01,26.009999999999998,0.9922052457942954
False,1.01,1.01,1.01,36.01,1.7623495857192655
False,2.01,4.01,2.01,38.01,0.9076821223067698
False,0.01,0.01,2.01,35.01,0.6359724276383868
True,1.01,0.01,1.01,37.01,1.482078783013318
True,0.01,1.01,0.01,45.01,1.1543922920319094
True,0.01,0.01,1.01,46.01,1.1306156709619706
False,0.01,0.01,0.01,39.01,0.7707172713091316
True,0.01,0.01,0.01,42.01,0.9422584745433341
True,0.01,0.01,0.01,30.009999999999998,1.444741281333711
False,0.01,1.01,0.01,59.01,1.1098268077705185
False,0.01,0.01,1.01,30.009999999999998,0.7711896104026976
False,1.01,0.01,0.01,32.01,0.7811651783186854
False,0.01,0.01,0.01,41.01,0.9436585134538777
False,0.01,0.01,0.01,43.01,1.3714336444789732
False,0.01,0.01,0.01,48.01,1.2131214101336052
False,0.01,1.01,0.01,36.01,0.9451276035633465
False,0.01,0.01,1.01,44.01,0.9327406219386971
True,0.01,0.01,1.01,44.01,1.0411448431500416
True,0.01,0.01,1.01,46.01,0.8101477644430934
True,0.01,0.01,0.01,40.01,0.7645835371886449
False,0.01,0.01,0.01,44.01,1.0377282141686441
True,0.01,0.01,0.01,36.01,0.9557982876878504
False,0.01,0.01,2.01,45.01,0.5480759699176395
False,1.01,0.01,1.01,34.01,0.7308682118227069
False,0.01,2.01,0.01,43.01,1.165384274701431
False,0.01,0.01,3.01,40.01,1.0493533654355724
False,2.01,0.01,0.01,41.01,0.8851043666804923
False,1.01,0.01,0.01,50.01,1.1441589486365027
True,0.01,0.01,1.01,40.01,0.8400649707189956
False,1.01,0.01,2.01,42.01,1.0073157134835369
False,1.01,1.01,0.01,44.01,0.6476189653137538
True,1.01,1.01,1.01,49.01,1.090533498539401
True,1.01,1.01,5.01,41.01,1.0028038809735162
False,2.01,3.01,2.01,30.009999999999998,0.7609529207682422
False,3.01,0.01,0.01,50.01,1.992310534633001
False,0.01,0.01,0.01,39.01,0.8960031185351583
True,0.01,1.01,1.01,31.009999999999998,1.0066994145834758
True,0.01,0.01,0.01,34.01,0.7982497088126004
False,0.01,1.01,0.01,37.01,1.3643545694593902
False,0.01,1.01,1.01,43.01,0.800386178429054
False,1.01,0.01,0.01,33.01,0.7152223819442876
False,0.01,0.01,1.01,47.01,0.8749880948934006
True,0.01,0.01,0.01,38.01,1.220619029667572
True,0.01,0.01,1.01,39.01,0.7127351063653977
True,0.01,0.01,1.01,40.01,1.1302920557254923
True,0.01,0.01,1.01,43.01,1.0323198703248122
False,0.01,0.01,0.01,35.01,0.9159102950475997
True,1.01,1.01,2.01,42.01,0.5530030205666443
True,1.01,0.01,2.01,37.01,1.267361667807279
False,0.01,1.01,0.01,42.01,1.0949247927088988
False,2.01,0.01,1.01,42.01,0.8794407985806
False,0.01,1.01,0.01,39.01,1.0021491148915855
False,0.01,0.01,0.01,38.01,1.1254398433810198
False,0.01,1.01,1.01,40.01,1.2448402208813476
False,1.01,0.01,1.01,37.01,0.809609476979862
False,1.01,0.01,1.01,45.01,0.6203857917142018
True,0.01,0.01,0.01,36.01,1.7139097295374304
False,0.01,1.01,1.01,38.01,1.0474445527847325
True,0.01,0.01,0.01,29.009999999999998,1.3002250303510103
True,0.01,0.01,0.01,33.01,0.6100407918674174
False,0.01,3.01,2.01,40.01,1.093430178761844
False,1.01,0.01,3.01,36.01,0.7425517860637325
True,1.01,2.01,1.01,36.01,1.1394272039635611
False,1.01,0.01,0.01,41.01,1.008619622349091
True,3.01,3.01,4.01,33.01,0.6707891732193003
False,4.01,1.01,4.01,36.01,0.9697080823581612
False,3.01,3.01,4.01,33.01,0.9777549310342866
True,3.01,2.01,3.01,42.01,1.5713925074101116
True,0.01,0.01,0.01,39.01,0.9034157017250874
False,0.01,1.01,0.01,43.01,0.6901995440199388
True,0.01,0.01,2.01,43.01,0.6915682694142917
False,0.01,1.01,0.01,41.01,1.3916582819067291
True,0.01,0.01,0.01,38.01,0.5470684355204479
False,0.01,0.01,0.01,44.01,1.160134146242641
True,1.01,0.01,0.01,47.01,1.321064018071046
False,0.01,0.01,1.01,45.01,0.8275104048489718
False,1.01,0.01,0.01,30.009999999999998,1.5139746032428802
True,0.01,2.01,1.01,37.01,0.5146330239712592
False,1.01,0.01,1.01,46.01,0.9265695944980072
False,0.01,0.01,1.01,35.01,0.79936756861242
False,0.01,0.01,2.01,42.01,1.3822173376381635
False,0.01,1.01,0.01,31.009999999999998,0.7080522510164585
False,0.01,0.01,0.01,36.01,1.0251458707955006
False,1.01,0.01,1.01,33.01,1.3663484808188775
True,0.01,0.01,2.01,33.01,1.2287743978700487
True,0.01,0.01,1.01,44.01,1.3172562886578698
True,1.01,0.01,4.01,36.01,1.3782056770529811
False,0.01,1.01,1.01,45.01,1.4009529983610307
False,0.01,2.01,1.01,46.01,1.0956917698555633
False,1.01,0.01,5.01,41.01,0.8086839810752855
False,0.01,0.01,0.01,50.01,1.0641118580078535
False,1.01,1.01,2.01,40.01,1.0831095930475312
False,0.01,0.01,1.01,48.01,1.1274768166137552
True,1.01,0.01,3.01,39.01,1.2388567552607126
True,0.01,4.01,0.01,44.01,0.739587057687988
False,0.01,2.01,1.01,33.01,0.6839030153881659
False,1.01,0.01,4.01,51.01,0.8111854373318598
True,1.01,1.01,2.01,44.01,1.1192251265599178
False,2.01,3.01,2.01,37.01,1.362195468724704
False,1.01,0.01,2.01,48.01,1.2723445406374652
False,5.01,0.01,1.01,47.01,1.144902362502793
True,0.01,0.01,1.01,37.01,0.9535385044092475
True,0.01,0.01,0.01,42.01,1.0959875156783248
False,0.01,0.01,0.01,43.01,0.8830314328553831
False,0.01,0.01,0.01,38.01,0.704760310943796
False,1.01,0.01,2.01,56.01,0.7818170217159368
False,0.01,1.01,0.01,49.01,1.3769406536872948
True,0.01,0.01,1.01,42.01,0.6125532919050265
False,0.01,0.01,0.01,29.009999999999998,1.1676447617048469
False,0.01,0.01,1.01,39.01,1.3850231618830406
False,0.01,0.01,1.01,44.01,0.7056285071955891
True,0.01,0.01,1.01,27.009999999999998,0.9960722102005755
True,0.01,1.01,0.01,35.01,1.3511049942199618
False,0.01,0.01,1.01,29.009999999999998,0.9050825784943046
False,1.01,0.01,0.01,30.009999999999998,0.6986335159792944
False,0.01,0.01,1.01,45.01,1.3082704834721544
False,1.01,0.01,0.01,36.01,0.7903621971946656
False,0.01,0.01,0.01,39.01,1.0349041648064494
False,0.01,1.01,0.01,40.01,0.7234280197983787
False,0.01,3.01,1.01,43.01,1.0424923018003227
False,0.01,0.01,2.01,42.01,1.2419328651851498
True,2.01,2.01,1.01,31.009999999999998,1.0681947182198486
False,0.01,0.01,0.01,38.01,0.6724762563312913
False,1.01,0.01,1.01,36.01,0.8212071613728559
True,0.01,0.01,1.01,33.01,0.7683598891648425
False,0.01,0.01,2.01,37.01,1.0745689702779255
True,0.01,0.01,2.01,41.01,0.8162147848309012
True,1.01,1.01,2.01,32.01,1.6293129088921618
True,1.01,2.01,1.01,43.01,0.6697204264824663
False,2.01,1.01,2.01,37.01,0.9352327538709317
True,1.01,1.01,2.01,44.01,1.5704948191904708
False,0.01,1.01,2.01,48.01,0.9462578568536433
False,1.01,1.01,0.01,36.01,0.9761898769242536
False,1.01,3.01,4.01,40.01,1.0569027701515077
False,0.01,0.01,0.01,39.01,1.011930064406467
True,1.01,0.01,2.01,47.01,1.4307780972842812
False,0.01,0.01,0.01,38.01,0.6170738454386587
False,1.01,0.01,1.01,29.009999999999998,0.8997852861399185
False,0.01,0.01,1.01,42.01,0.8990052175887284
False,0.01,2.01,1.01,34.01,0.97211941575298
True,1.01,1.01,1.01,34.01,1.3595234431032728
False,1.01,0.01,1.01,31.009999999999998,1.1449976626863994
False,0.01,0.01,1.01,54.01,0.8519929169028475
False,0.01,0.01,0.01,36.01,1.4391943850342608
False,0.01,0.01,0.01,45.01,0.9733438834994041
False,0.01,0.01,2.01,44.01,1.2096362986390372
True,1.01,0.01,0.01,44.01,1.1431484041865547
True,0.01,0.01,1.01,37.01,1.146991913177956
False,0.01,1.01,0.01,48.01,1.106542729882388
False,0.01,1.01,1.01,38.01,1.4423342342377186
True,1.01,2.01,0.01,40.01,0.7756084396947494
True,0.01,0.01,0.01,32.01,1.2908170909308088
False,0.01,0.01,1.01,30.009999999999998,0.6773318127600441
True,0.01,0.01,1.01,36.01,1.1374785553996818
False,0.01,0.01,1.01,35.01,1.2984969872964311
False,0.01,0.01,2.01,44.01,0.7428190513279713
True,0.01,0.01,0.01,31.009999999999998,0.929681961160698
False,1.01,1.01,1.01,48.01,0.9621352779989971
True,0.01,0.01,1.01,39.01,1.1340670368742838
False,0.01,0.01,3.01,30.009999999999998,0.8656388394247491
True,0.01,0.01,2.01,31.009999999999998,1.0727948011927826
False,0.01,2.01,1.01,27.009999999999998,0.6577429480067162
False,0.01,1.01,1.01,42.01,0.9594601415660315
False,1.01,2.01,0.01,38.01,0.8640647698348879
False,3.01,2.01,2.01,43.01,0.7794604684395661
False,0.01,1.01,2.01,39.01,0.8523217905781121
True,2.01,2.01,5.01,34.01,0.9591487302527346
True,0.01,1.01,1.01,42.01,1.3501769224311337
True,0.01,0.01,1.01,41.01,0.8296848087819391
False,0.01,0.01,0.01,54.01,1.0790699977626554
False,0.01,0.01,0.01,47.01,1.5031946757040402
False,0.01,0.01,1.01,36.01,1.038296942730878
True,0.01,0.01,0.01,46.01,1.129189928927307
False,0.01,1.01,2.01,41.01,1.034686820075668
False,0.01,0.01,1.01,36.01,1.4333600830553166
False,0.01,1.01,1.01,42.01,0.8079731970479638
True,0.01,1.01,0.01,34.01,0.8244879326653938
True,1.01,0.01,0.01,48.01,0.9912071970846329
False,0.01,0.01,0.01,38.01,1.1344841710269014
False,1.01,0.01,1.01,46.01,0.9359519744349056
False,0.01,1.01,0.01,44.01,0.5621043845539249
False,0.01,0.01,1.01,40.01,1.1058486854863845
True,0.01,0.01,2.01,53.01,0.7430879549684751
True,2.01,0.01,0.01,41.01,1.2868285498380976
True,1.01,1.01,0.01,44.01,0.5655937969136733
False,0.01,0.01,2.01,32.01,1.0791535715424925
False,0.01,0.01,1.01,49.01,0.806609201047268
False,1.01,0.01,1.01,38.01,0.8189273054354513
False,0.01,0.01,2.01,38.01,1.1385983605440708
True,0.01,0.01,1.01,32.01,0.7754085925117832
True,0.01,0.01,2.01,39.01,0.7325694236477043
True,1.01,2.01,1.01,34.01,0.9741361080746406
False,0.01,2.01,1.01,37.01,1.2094208905610757
False,0.01,2.01,1.01,40.01,1.500670892045123
True,1.01,1.01,0.01,37.01,1.3406550381715592
False,2.01,0.01,1.01,45.01,1.4003566970387087
False,0.01,3.01,2.01,38.01,0.8421344944178717
False,3.01,0.01,0.01,47.01,1.1188585434638065
False,4.01,0.01,2.01,41.01,0.839872652733515
False,3.01,1.01,1.01,33.01,1.5849356415021807
True,0.01,0.01,0.01,36.01,0.7670631894068021
False,0.01,0.01,0.01,41.01,1.1807757225421123
True,0.01,0.01,2.01,37.01,0.8952256413647801
False,0.01,0.01,1.01,35.01,1.072481785498179
True,0.01,0.01,0.01,40.01,1.1549453824757732
False,0.01,1.01,0.01,48.01,0.8315651687333925
False,0.01,0.01,2.01,43.01,0.4042610744315522
False,0.01,0.01,2.01,42.01,0.8282817531539151
False,0.01,0.01,1.01,31.009999999999998,1.1831212054790012
False,0.01,0.01,0.01,39.01,0.82507616173161
True,0.01,0.01,1.01,37.01,1.2419658295964267
True,0.01,1.01,0.01,35.01,1.0202391843536842
False,0.01,2.01,0.01,42.01,0.9336350136585255
False,0.01,0.01,3.01,40.01,0.9702175788893845
True,1.01,1.01,1.01,43.01,0.762908687960684
True,0.01,0.01,1.01,46.01,0.8024945795182368
True,1.01,0.01,0.01,43.01,1.466689107829582
False,0.01,0.01,0.01,53.01,1.1651278579927773
False,0.01,1.01,0.01,46.01,0.8823505668580821
False,0.01,0.01,2.01,37.01,1.3729642111672558
True,1.01,0.01,1.01,36.01,1.0951536515510838
False,1.01,1.01,2.01,57.01,1.3126660598185316
False,0.01,4.01,1.01,42.01,0.9201887755614766
True,1.01,1.01,2.01,40.01,0.822525598788862
False,3.01,0.01,1.01,39.01,1.1485511815755625
False,0.01,1.01,2.01,35.01,0.8538209945006225
False,0.01,1.01,2.01,36.01,0.9837628665099497
False,0.01,0.01,0.01,44.01,0.47747556549501513
False,2.01,0.01,0.01,50.01,1.1865733520394326
False,3.01,1.01,2.01,30.009999999999998,1.4365795389467946
True,1.01,2.01,4.01,38.01,1.0591495079123145
False,1.01,4.01,1.01,48.01,0.9791634552066025
True,2.01,5.01,2.01,35.01,0.9047497126829412
False,0.01,0.01,0.01,43.01,1.0196684370995468
True,0.01,0.01,1.01,37.01,1.1578760716271865
False,1.01,0.01,1.01,35.01,0.7716732974342814
False,0.01,0.01,0.01,18.009999999999998,0.8834437421136963
False,0.01,0.01,1.01,42.01,0.9215146501565659
True,0.01,0.01,1.01,34.01,2.376933452561735
True,0.01,0.01,0.01,37.01,0.9961104992854098
True,1.01,0.01,0.01,35.01,1.1213033799672172
False,0.01,0.01,1.01,36.01,0.8875323410211077
False,0.01,1.01,1.01,41.01,0.9129317482857647
False,1.01,0.01,1.01,45.01,0.8056268539399769
False,0.01,1.01,0.01,22.009999999999998,0.8718311896039478
False,0.01,0.01,1.01,32.01,0.7114967579140447
False,0.01,1.01,0.01,44.01,0.9803241508649478
False,0.01,0.01,2.01,60.01,1.3337176542738611
True,0.01,1.01,2.01,42.01,1.3681934551592085
True,0.01,0.01,0.01,44.01,1.0262477117674504
True,0.01,0.01,2.01,36.01,0.7188357688465041
False,0.01,0.01,1.01,38.01,1.0402864980207487
True,0.01,0.01,4.01,38.01,0.8071322905316592
False,0.01,0.01,0.01,30.009999999999998,1.6281425111583072
True,0.01,0.01,1.01,28.009999999999998,1.5254683797561168
False,2.01,0.01,0.01,40.01,0.8594946199039988
True,1.01,0.01,2.01,41.01,1.1907278123915421
False,0.01,1.01,3.01,32.01,1.285668841864726
True,3.01,0.01,2.01,48.01,0.7059534442180619
True,0.01,2.01,0.01,35.01,0.7598065665626621
False,3.01,1.01,0.01,35.01,0.9272532954868206
False,0.01,3.01,1.01,34.01,0.923264470327233
False,0.01,1.01,1.01,47.01,1.371949741175138
True,2.01,2.01,1.01,48.01,1.245602706952219
True,2.01,4.01,2.01,29.009999999999998,0.8750342815164005
False,2.01,1.01,2.01,42.01,1.553399467045148
True,0.01,0.01,0.01,43.01,0.6205214306910346
True,0.01,0.01,0.01,35.01,1.332374176541764
False,0.01,0.01,0.01,53.01,0.985349473694207
False,0.01,0.01,0.01,51.01,0.688304843249665
True,1.01,0.01,2.01,45.01,0.9262495382952532
False,0.01,0.01,0.01,38.01,0.9345900072960069
False,0.01,1.01,0.01,31.009999999999998,1.2555078347602826
False,0.01,0.01,0.01,44.01,0.7341546304729024
False,2.01,0.01,1.01,36.01,1.1848276464287235
False,2.01,0.01,0.01,39.01,1.0029952579119281
False,1.01,1.01,1.01,42.01,0.7836118113693407
False,0.01,0.01,1.01,30.009999999999998,0.9724624596661765
False,0.01,0.01,1.01,48.01,0.7402924427495366
False,2.01,0.01,0.01,43.01,1.4503640804349842
False,0.01,0.01,1.01,25.009999999999998,0.44308021699342004
True,1.01,0.01,2.01,43.01,1.2171287161028215
True,0.01,1.01,1.01,47.01,1.0914308864470754
True,2.01,1.01,1.01,44.01,1.413819141904622
True,0.01,1.01,0.01,36.01,0.7386393920055709
False,0.01,1.01,3.01,40.01,1.222452450795742
False,1.01,1.01,1.01,37.01,0.6147666385901681
False,0.01,1.01,1.01,48.01,1.393626749740163
False,1.01,0.01,1.01,45.01,0.9821519944012567
True,0.01,1.01,0.01,39.01,1.5021344938956467
False,2.01,2.01,1.01,52.01,1.0027755448533218
False,5.01,3.01,0.01,50.01,1.3215680415680418
False,0.01,1.01,1.01,42.01,0.9844678566306354
True,3.01,2.01,2.01,41.01,1.7652479602440903
True,6.01,2.01,2.01,49.01,1.2548059718178217
True,3.01,3.01,0.01,44.01,0.9503413222615723
False,2.01,6.01,3.01,42.01,1.21330577661073
True,5.01,7.01,1.01,45.01,0.9851099078757687
False,2.01,2.01,2.01,50.01,1.4354843562294302
True,3.01,0.01,2.01,44.01,1.4198272397452458
False,0.01,1.01,3.01,40.01,1.5313360290809395
False,1.01,1.01,0.01,37.01,1.190752274507082
True,0.01,0.01,0.01,35.01,1.249383977119396
False,0.01,0.01,2.01,48.01,1.3133961358301327
True,0.01,0.01,2.01,46.01,0.7660332497403437
True,2.01,0.01,2.01,30.009999999999998,0.6172582951448389
True,0.01,1.01,0.01,48.01,1.520399235978099
False,0.01,0.01,0.01,29.009999999999998,1.52900000192893
False,1.01,1.01,2.01,41.01,1.4091516496239291
False,0.01,0.01,1.01,51.01,0.7897140591071925
False,2.01,0.01,1.01,42.01,0.5880775968502829
True,2.01,0.01,1.01,29.009999999999998,0.7719055615219299
True,1.01,1.01,0.01,42.01,1.090441418829594
True,4.01,1.01,2.01,39.01,1.3858669188489359
False,2.01,0.01,2.01,51.01,0.8093810094060372
False,0.01,0.01,0.01,46.01,0.8919955859633694
True,1.01,1.01,0.01,44.01,1.113403068759716
False,0.01,0.01,0.01,42.01,1.000262648470496
False,0.01,2.01,1.01,53.01,1.16280267252985
True,2.01,2.01,1.01,43.01,1.1483129942451518
False,2.01,3.01,0.01,42.01,1.3491029405280424
False,1.01,3.01,1.01,46.01,0.884911969783262
False,2.01,5.01,0.01,34.01,1.002153760289541
False,3.01,4.01,2.01,43.01,1.1073891434440073
True,6.01,7.01,2.01,50.01,0.8392273306841681
False,3.01,5.01,3.01,38.01,1.092813423874431
True,2.01,10.01,2.01,42.01,1.17160238274921
False,7.01,8.01,0.01,33.01,1.3851398473864436
False,10.01,5.01,4.01,41.01,1.0297222399772537
False,4.01,5.01,1.01,42.01,1.1219145551572527
False,8.01,8.01,3.01,34.01,0.9414997760336506
True,0.01,0.01,0.01,43.01,1.3645901294784377
False,1.01,0.01,0.01,41.01,1.26981752758898
False,0.01,0.01,1.01,44.01,0.9136680967825396
True,0.01,0.01,0.01,40.01,1.2091686385231912
False,0.01,0.01,0.01,42.01,1.2353046065958517
False,0.01,1.01,0.01,41.01,1.0293970427570498
False,1.01,1.01,0.01,43.01,0.8164483091502147
False,1.01,0.01,0.01,45.01,0.9790238374070318
False,0.01,1.01,0.01,35.01,0.6792612111587579
False,0.01,0.01,1.01,34.01,0.7883577007626146
False,0.01,0.01,0.01,49.01,1.3175069141281495
False,0.01,0.01,0.01,45.01,0.8161121021946451
True,0.01,0.01,0.01,29.009999999999998,1.2694032846509795
True,0.01,0.01,1.01,46.01,0.8340206424992342
False,0.01,0.01,1.01,33.01,1.2179839835864499
True,1.01,0.01,0.01,41.01,1.3381657600749142
False,0.01,1.01,4.01,45.01,0.9368574907762601
False,0.01,0.01,1.01,36.01,0.96167972882224
False,1.01,1.01,1.01,38.01,1.0165221526078847
False,0.01,2.01,0.01,35.01,1.369632582269579
True,0.01,1.01,0.01,38.01,0.883567530006027
False,0.01,0.01,0.01,32.01,1.1193267076234903
True,0.01,1.01,0.01,32.01,1.2496705009214177
False,0.01,0.01,1.01,37.01,1.095792414902779
True,1.01,0.01,0.01,45.01,1.2931553582151671
True,0.01,0.01,2.01,38.01,1.2173680651215908
False,1.01,1.01,1.01,33.01,0.6833360610152575
True,0.01,5.01,0.01,46.01,1.385218074800671
True,2.01,0.01,2.01,37.01,0.8110743341625695
True,1.01,1.01,0.01,35.01,0.9161100616853686
False,0.01,1.01,1.01,31.009999999999998,1.089542200403615
True,3.01,0.01,1.01,25.009999999999998,1.0484364123961694
False,2.01,6.01,0.01,40.01,0.6639447751229333
False,0.01,0.01,0.01,35.01,1.0379557398303638
False,0.01,1.01,0.01,37.01,1.4340436975276394
True,0.01,0.01,0.01,41.01,1.1024989388791315
False,0.01,0.01,0.01,42.01,1.1048279843836208
False,0.01,0.01,2.01,33.01,0.9042337648928591
False,0.01,0.01,2.01,36.01,0.8998055845817432
False,0.01,1.01,1.01,35.01,1.3110047375441258
True,0.01,0.01,0.01,54.01,0.5892999578571771
False,0.01,0.01,0.01,33.01,0.6643062934759295
False,0.01,0.01,3.01,36.01,1.078078504013428
True,1.01,1.01,1.01,40.01,1.213647123261114
False,0.01,0.01,0.01,44.01,1.0178785440318763
False,1.01,0.01,1.01,55.01,0.6319910183348212
True,0.01,0.01,1.01,30.009999999999998,1.3989465163032395
False,0.01,0.01,0.01,52.01,0.788015302245957
False,0.01,2.01,2.01,39.01,0.9462332764151028
True,1.01,1.01,1.01,51.01,0.8505635007262745
False,0.01,0.01,3.01,47.01,0.9114651318833806
True,0.01,0.01,0.01,42.01,1.0427646422665062
True,0.01,0.01,2.01,42.01,0.9739752655150452
True,1.01,1.01,1.01,44.01,1.2681709701288175
True,0.01,2.01,0.01,47.01,0.6548761911435433
True,1.01,0.01,2.01,34.01,1.0429337197650805
True,0.01,1.01,1.01,38.01,0.6191960203347814
False,0.01,0.01,0.01,40.01,1.0089558953193827
False,1.01,0.01,0.01,36.01,1.098825531507437
False,2.01,0.01,1.01,54.01,0.8292892477981678
False,0.01,2.01,2.01,38.01,0.8684838538774631
True,1.01,1.01,1.01,41.01,0.9434012840417015
False,1.01,1.01,0.01,54.01,1.310296065517942
False,1.01,2.01,1.01,62.01,1.3738555049036167
False,0.01,0.01,5.01,50.01,0.6621911333467501
False,2.01,1.01,0.01,43.01,1.064656335677482
False,0.01,0.01,0.01,34.01,1.1953129266422797
False,1.01,0.01,0.01,45.01,1.2992844029264898
False,0.01,0.01,2.01,43.01,0.8530489096885244
False,0.01,0.01,1.01,38.01,1.2684957273553057
False,0.01,0.01,0.01,39.01,1.1325957617149007
False,0.01,0.01,2.01,28.009999999999998,1.4879196812805073
True,0.01,1.01,0.01,36.01,0.8495672386705118
False,1.01,0.01,2.01,32.01,0.9019615892730408
True,0.01,0.01,0.01,47.01,0.7363539414061235
True,0.01,0.01,1.01,46.01,1.0685583481341876
False,0.01,0.01,0.01,41.01,1.2620182894397265
True,1.01,0.01,1.01,31.009999999999998,1.001764979260016
False,0.01,0.01,0.01,31.009999999999998,1.3916345686559277
True,0.01,0.01,1.01,37.01,0.8552315739815741
False,0.01,0.01,0.01,40.01,1.5534433000199142
False,0.01,0.01,2.01,43.01,1.163457041122736
False,0.01,0.01,1.01,42.01,1.1202404449072914
False,0.01,0.01,1.01,45.01,1.153673875422219
False,0.01,1.01,2.01,34.01,0.6802470876302897
False,0.01,0.01,0.01,37.01,1.280463834690921
False,0.01,0.01,2.01,38.01,0.6533995035696574
True,0.01,0.01,0.01,42.01,1.042125915394676
True,1.01,1.01,2.01,35.01,1.3091469626038557
False,0.01,0.01,1.01,49.01,1.722696965384602
True,0.01,1.01,0.01,50.01,0.907401889295216
True,0.01,1.01,1.01,42.01,0.6490930899778449
True,0.01,1.01,2.01,36.01,1.0072556411463252
True,0.01,3.01,1.01,32.01,0.9249586773526234
True,1.01,0.01,0.01,45.01,1.5161650084148015
True,1.01,1.01,1.01,27.009999999999998,1.1975812034535245
False,0.01,4.01,2.01,35.01,0.8807557647811302
False,3.01,3.01,2.01,36.01,1.0946445903917101
True,0.01,2.01,3.01,38.01,1.409410536120159
False,1.01,0.01,0.01,39.01,0.8538237416178592
False,0.01,0.01,0.01,40.01,0.9598694105601999
True,0.01,0.01,0.01,40.01,0.9457100001700773
False,1.01,0.01,2.01,43.01,0.7080591686435339
False,0.01,0.01,2.01,42.01,1.1030947979706478
False,0.01,1.01,0.01,34.01,1.338073074290016
False,1.01,0.01,1.01,39.01,0.9276502970270386
False,0.01,0.01,2.01,39.01,0.9245291314312658
False,1.01,0.01,0.01,41.01,1.0333006985131146
True,0.01,0.01,0.01,45.01,0.7968455390955952
False,0.01,1.01,0.01,44.01,0.6699788849005797
False,0.01,0.01,0.01,34.01,1.166864157687026
False,0.01,0.01,2.01,41.01,0.8902348443153012
True,0.01,0.01,0.01,38.01,0.675173666489456
True,0.01,1.01,0.01,41.01,0.9276115166981678
True,0.01,0.01,0.01,34.01,0.687246750842786
False,0.01,2.01,1.01,44.01,0.9695754746179236
False,1.01,1.01,0.01,38.01,0.870145418713501
False,1.01,0.01,1.01,43.01,0.7279200665701928
True,0.01,0.01,2.01,34.01,0.9827692195933899
False,0.01,0.01,2.01,40.01,0.8358690368811129
True,0.01,1.01,1.01,36.01,0.669731281131415
True,0.01,0.01,1.01,43.01,0.7691587226359557
True,1.01,1.01,4.01,41.01,0.6370473154296684
False,0.01,0.01,2.01,30.009999999999998,0.7335728489569099
True,2.01,0.01,2.01,38.01,0.8332404814845619
True,1.01,1.01,0.01,44.01,0.946204467113376
False,0.01,1.01,0.01,46.01,0.894417087582554
True,1.01,1.01,3.01,36.01,1.1239255721803194
True,0.01,0.01,2.01,40.01,1.4514876278037279
False,1.01,3.01,1.01,31.009999999999998,1.0683200312232568
False,3.01,3.01,0.01,36.01,0.9217920369889006
False,3.01,0.01,2.01,35.01,0.8543405727950677
False,0.01,0.01,2.01,36.01,1.0010248110955506
True,0.01,0.01,0.01,35.01,1.083017112174346
False,0.01,0.01,0.01,33.01,1.037368858087743
False,0.01,0.01,2.01,23.009999999999998,1.8508151316239547
True,0.01,0.01,2.01,41.01,1.0109969590745185
True,0.01,0.01,2.01,37.01,0.8059564376310961
True,1.01,0.01,0.01,37.01,1.162773233492536
False,0.01,0.01,1.01,35.01,1.067942238872904
False,0.01,0.01,0.01,38.01,1.0300208777609259
False,0.01,0.01,0.01,39.01,0.9182502143413569
True,1.01,0.01,0.01,36.01,0.5783205814832837
False,0.01,0.01,1.01,45.01,0.7154427552270806
True,0.01,1.01,1.01,32.01,0.7289288703819299
True,0.01,0.01,2.01,39.01,0.4779978754290899
False,1.01,0.01,1.01,41.01,1.259131522525798
False,0.01,0.01,0.01,33.01,1.0287170328864916
False,0.01,1.01,1.01,30.009999999999998,1.2999182309297745
False,0.01,1.01,2.01,43.01,1.1234640823382682
False,0.01,0.01,1.01,27.009999999999998,1.0054414391359467
False,0.01,0.01,2.01,47.01,1.3932303757177833
False,0.01,0.01,1.01,41.01,1.0275127431991768
False,0.01,0.01,2.01,43.01,1.252430189853534
False,1.01,2.01,4.01,38.01,1.782780756730369
False,1.01,1.01,2.01,45.01,1.1710128317581174
False,0.01,1.01,0.01,50.01,1.1962866972656105
False,0.01,0.01,1.01,29.009999999999998,0.6095067827566393
False,1.01,1.01,2.01,35.01,0.7436288308019782
True,2.01,3.01,2.01,31.009999999999998,0.876534508396839
False,0.01,2.01,1.01,46.01,1.0728253772593126
True,1.01,3.01,2.01,45.01,0.8882176978077272
True,1.01,1.01,1.01,34.01,0.6545229664335773
True,2.01,4.01,1.01,42.01,1.3167179689485156
False,3.01,1.01,1.01,37.01,0.8157322799604322
True,0.01,1.01,0.01,45.01,0.9518634502835897
False,0.01,0.01,0.01,37.01,0.6645830079833885
True,1.01,0.01,1.01,35.01,0.46415790102991944
False,0.01,0.01,1.01,42.01,0.6430159167057261
False,0.01,0.01,1.01,44.01,0.7835910701812705
False,0.01,0.01,1.01,44.01,0.7903214731891203
False,0.01,0.01,0.01,40.01,1.0803367627908562
False,0.01,0.01,0.01,41.01,1.1877709032246238
True,1.01,0.01,0.01,40.01,1.0360548391458295
True,1.01,0.01,0.01,44.01,1.5537590110825144
False,1.01,0.01,0.01,37.01,0.9932585969238162
False,1.01,0.01,0.01,41.01,0.6656311700788445
False,0.01,0.01,1.01,45.01,0.8722523856720386
False,0.01,0.01,0.01,45.01,1.0029900837835042
False,0.01,0.01,0.01,33.01,0.9485310035452351
False,0.01,0.01,1.01,33.01,0.402291734549799
True,0.01,1.01,1.01,35.01,1.1117117256803506
False,0.01,0.01,2.01,38.01,1.1828610554975183
False,1.01,0.01,0.01,50.01,0.8860290460977837
True,0.01,0.01,2.01,43.01,0.971738722463684
False,0.01,2.01,1.01,39.01,1.0534169819412738
True,1.01,1.01,0.01,32.01,0.9493369698200924
True,0.01,0.01,0.01,47.01,0.8097785957117771
False,0.01,0.01,1.01,29.009999999999998,1.0955862721499376
True,0.01,0.01,1.01,44.01,0.9626326054897484
False,0.01,0.01,1.01,45.01,1.006699562054985
False,0.01,1.01,0.01,41.01,0.8421173681837566
True,0.01,1.01,2.01,46.01,0.9297302632015632
True,2.01,0.01,0.01,44.01,0.5497031269714597
True,0.01,0.01,1.01,38.01,0.8929409361965143
True,2.01,0.01,1.01,41.01,1.2261747533123013
False,1.01,2.01,2.01,46.01,1.6151186389547127
False,1.01,1.01,3.01,47.01,1.333891009979069
False,0.01,0.01,0.01,40.01,1.9599831048641096
True,0.01,0.01,1.01,44.01,1.1709266455175338
False,0.01,0.01,0.01,47.01,1.2459352772764274
True,0.01,0.01,1.01,40.01,1.416187269730636
True,0.01,0.01,1.01,38.01,1.659215647337545
True,0.01,0.01,1.01,41.01,1.1366391057695406
True,0.01,0.01,0.01,51.01,1.322088240421222
False,1.01,0.01,1.01,38.01,0.9429989058091524
False,0.01,1.01,0.01,37.01,1.1507576721803157
False,1.01,0.01,0.01,37.01,0.8242907480927554
False,0.01,1.01,1.01,42.01,0.9948039523653464
False,0.01,2.01,1.01,36.01,1.1637575935338478
True,0.01,0.01,1.01,40.01,1.0344730388687984
False,0.01,1.01,0.01,38.01,0.8457768891347868
False,0.01,0.01,0.01,37.01,0.625275009242886
False,0.01,0.01,2.01,39.01,1.1710344062980436
False,1.01,0.01,0.01,43.01,0.9161747752392574
False,1.01,0.01,1.01,33.01,0.6137751585332231
False,0.01,3.01,0.01,31.009999999999998,0.9789301127690488
False,0.01,2.01,0.01,49.01,0.9256183444104633
True,2.01,1.01,0.01,33.01,1.0748563425502282
False,0.01,2.01,2.01,52.01,0.5767389532816836
True,1.01,4.01,1.01,36.01,0.9810777666269654
True,0.01,1.01,0.01,44.01,1.2904376844357672
False,0.01,0.01,2.01,35.01,0.8063572137904611
False,1.01,1.01,0.01,39.01,0.3974810194463496
True,0.01,0.01,1.01,39.01,1.1989197810164758
True,2.01,0.01,3.01,34.01,1.6045509956363553
True,4.01,2.01,1.01,45.01,0.9071844277491276
False,0.01,2.01,1.01,33.01,1.1231158897882059
True,4.01,2.01,3.01,38.01,1.3434495848766277
False,5.01,1.01,1.01,40.01,0.46171790059897466
True,4.01,5.01,1.01,41.01,1.7300678626081911
False,0.01,0.01,0.01,28.009999999999998,0.8338218220125481
False,0.01,1.01,0.01,35.01,0.42895651660508993
True,0.01,0.01,2.01,44.01,1.3994976319119672
False,0.01,0.01,1.01,46.01,1.0000178317171569
True,0.01,0.01,1.01,39.01,1.3395601897963219
False,0.01,0.01,1.01,40.01,1.215803290967648
False,0.01,0.01,0.01,36.01,0.5887663360138898
False,1.01,0.01,1.01,32.01,0.7775610493975483
False,0.01,2.01,1.01,31.009999999999998,0.7795661210225966
False,0.01,1.01,1.01,42.01,0.7803177865847655
False,0.01,0.01,1.01,34.01,0.9016807442504035
False,0.01,0.01,2.01,35.01,1.2550743647070746
False,0.01,2.01,3.01,42.01,1.6378810799643435
True,1.01,0.01,0.01,35.01,0.23481164981164981
False,0.01,2.01,0.01,39.01,0.5386232572363404
False,0.01,0.01,0.01,51.01,0.8631771534864958
False,0.01,4.01,1.01,56.01,0.8271725090143014
True,0.01,0.01,1.01,33.01,0.9921102017618615
True,0.01,1.01,1.01,40.01,0.7425358690144958
False,2.01,1.01,0.01,54.01,0.6939563069060273
False,0.01,0.01,1.01,35.01,1.6288809005433382
True,1.01,1.01,0.01,43.01,1.2462050285620758
True,0.01,1.01,1.01,38.01,0.8068743500911375
True,2.01,2.01,6.01,34.01,1.1656370242710685
True,0.01,0.01,0.01,43.01,0.6307922967673608
False,2.01,0.01,1.01,39.01,0.3230694648561717
True,0.01,0.01,1.01,50.01,0.7146089458264924
False,1.01,0.01,1.01,28.009999999999998,1.3174872370337516
False,2.01,0.01,0.01,44.01,1.0111124532866043
True,0.01,1.01,1.01,42.01,0.7263818667989856
True,0.01,2.01,2.01,43.01,1.1186392921464987
True,3.01,1.01,0.01,33.01,0.6214889710406373
True,2.01,0.01,1.01,51.01,1.175440121531635
False,0.01,0.01,0.01,35.01,0.7152993776626299
False,0.01,0.01,1.01,40.01,1.3470000966395599
False,0.01,0.01,0.01,49.01,0.3952496555984928
False,1.01,0.01,1.01,39.01,1.2180462954736828
True,0.01,0.01,1.01,40.01,0.5269764240621486
False,1.01,0.01,2.01,42.01,0.7326963668866073
False,0.01,0.01,0.01,36.01,1.408666458188256
False,0.01,0.01,0.01,37.01,1.3599659824577173
False,0.01,0.01,1.01,43.01,1.0515416269440572
True,0.01,0.01,1.01,40.01,0.9906057136739137
False,0.01,0.01,0.01,39.01,0.7592255979107254
True,0.01,0.01,1.01,42.01,2.2079856290953987
True,0.01,0.01,1.01,33.01,1.2134642401021714
False,0.01,0.01,1.01,45.01,0.5864686459479179
True,0.01,1.01,1.01,49.01,0.7059715118426241
True,0.01,0.01,1.01,46.01,1.6160712459568165
True,0.01,0.01,1.01,46.01,0.3570835330177059
True,1.01,2.01,0.01,44.01,1.5961005637816454
True,0.01,1.01,1.01,39.01,1.0089754338187578
True,0.01,0.01,1.01,47.01,1.0070457842914564
True,2.01,0.01,0.01,40.01,0.821796913645291
True,1.01,2.01,2.01,41.01,1.4531245916187079
False,0.01,0.01,0.01,41.01,0.8388229762457183
False,1.01,3.01,0.01,32.01,0.9254520071224217
False,0.01,1.01,0.01,40.01,0.725817418862748
False,2.01,2.01,1.01,52.01,0.8893603738474773
False,0.01,0.01,1.01,46.01,0.9848070897866633
True,0.01,0.01,1.01,43.01,1.4693133174168642
False,4.01,1.01,0.01,34.01,1.7496563161581808
False,1.01,4.01,0.01,45.01,1.1285586222942472
False,3.01,4.01,1.01,37.01,0.9905822114105883
True,2.01,1.01,0.01,42.01,0.7628343444178686
False,2.01,2.01,3.01,37.01,0.7497486115846606
False,0.01,0.01,0.01,44.01,0.5769721645013305
True,0.01,0.01,1.01,38.01,2.055401258537862
True,0.01,0.01,1.01,39.01,1.0996469206006152
False,0.01,0.01,2.01,55.01,0.772890657331526
True,0.01,0.01,1.01,31.009999999999998,0.971312611478306
False,0.01,1.01,1.01,52.01,0.4993006365946261
False,1.01,0.01,3.01,49.01,1.057387206596773
False,1.01,1.01,1.01,33.01,1.2732760123221025
True,0.01,0.01,0.01,48.01,1.6121243204645719
True,0.01,0.01,0.01,51.01,1.0109601627478997
False,0.01,0.01,0.01,41.01,0.44715346105051984
True,0.01,0.01,1.01,38.01,1.0203512509838992
True,1.01,1.01,1.01,33.01,1.2015593827680755
False,0.01,0.01,0.01,42.01,0.9303960619497088
False,0.01,0.01,2.01,37.01,1.1679706002469008
True,1.01,0.01,0.01,44.01,0.9359477752983507
False,0.01,0.01,0.01,34.01,1.0729841881448237
False,1.01,0.01,0.01,35.01,0.7834015148522262
True,0.01,0.01,0.01,38.01,1.6153260516213495
False,1.01,0.01,0.01,45.01,0.934656516991154
True,0.01,0.01,1.01,38.01,0.7285853863485442
False,1.01,0.01,1.01,42.01,1.814057020208415
True,0.01,2.01,0.01,41.01,0.8058681375240868
False,0.01,0.01,0.01,36.01,0.5228330330814802
False,1.01,0.01,0.01,39.01,1.2093781641069288
False,0.01,2.01,1.01,34.01,1.1947318201928938
False,0.01,0.01,1.01,41.01,1.2315185202165975
False,3.01,0.01,0.01,39.01,1.1734668728708977
True,1.01,0.01,2.01,30.009999999999998,0.6730700487562902
False,1.01,0.01,4.01,44.01,1.2274500798693826
True,0.01,0.01,0.01,36.01,2.0677252450076344
True,0.01,4.01,4.01,48.01,1.7101977671405995
True,3.01,4.01,4.01,44.01,1.2164628195866298
True,0.01,0.01,3.01,40.01,0.950599585339286
False,0.01,2.01,0.01,34.01,0.7148463649790497
False,0.01,0.01,1.01,44.01,1.25591278932682
True,0.01,0.01,0.01,48.01,0.5603379264880526
False,0.01,0.01,1.01,39.01,1.2865015391894918
True,0.01,3.01,0.01,45.01,0.7492352076253272
True,0.01,0.01,1.01,46.01,0.7614318309866521
True,0.01,0.01,1.01,42.01,1.8688136230632817
False,0.01,0.01,1.01,43.01,1.2152034303443615
True,0.01,0.01,1.01,43.01,0.9505803914239868
False,0.01,0.01,0.01,37.01,0.6879347660739086
False,1.01,0.01,1.01,42.01,1.0945794285924597
False,0.01,0.01,3.01,38.01,0.6591647801560051
False,0.01,0.01,1.01,37.01,0.9871750177564824
True,0.01,0.01,0.01,40.01,0.755548749611962
False,0.01,0.01,2.01,45.01,0.7921150730361255
False,0.01,1.01,0.01,47.01,1.563580937058623
True,0.01,0.01,1.01,45.01,0.7627847678272558
True,0.01,0.01,1.01,40.01,0.9072334776398244
False,0.01,0.01,2.01,46.01,0.7829765887332337
True,1.01,0.01,0.01,41.01,0.4241448691060492
False,0.01,0.01,1.01,41.01,0.6380259276689305
False,0.01,0.01,0.01,37.01,0.9285218071635317
False,0.01,1.01,0.01,44.01,0.5668949773109365
False,0.01,1.01,2.01,39.01,0.9815987646167064
False,0.01,2.01,0.01,67.00999999999999,0.7044114819325094
True,1.01,1.01,0.01,49.01,1.0851709968248209
False,3.01,0.01,0.01,28.009999999999998,0.9408018269362101
False,0.01,2.01,1.01,35.01,0.9141938919328666
False,0.01,2.01,1.01,48.01,1.1081099778167973
False,2.01,3.01,1.01,32.01,1.2030465312543785
True,2.01,2.01,0.01,48.01,0.4351537882418389
False,2.01,5.01,1.01,40.01,0.7784683149541942
False,1.01,0.01,2.01,35.01,0.939957144737022
False,0.01,0.01,1.01,41.01,0.7111673159716655
True,1.01,0.01,0.01,34.01,0.8686087538207198
True,0.01,0.01,0.01,35.01,1.4708203804107822
True,0.01,0.01,0.01,29.009999999999998,1.1630235348419211
False,1.01,0.01,1.01,34.01,1.1052257586088194
False,1.01,0.01,1.01,41.01,1.0212655729077962
True,1.01,0.01,2.01,42.01,0.5046561113193601
True,2.01,1.01,2.01,46.01,1.2894699498357083
False,0.01,1.01,0.01,36.01,0.8120511951143652
False,1.01,1.01,0.01,35.01,1.064526940653809
False,0.01,0.01,5.01,38.01,1.0328963451062116
False,0.01,0.01,2.01,44.01,0.5553600893318535
True,0.01,0.01,1.01,36.01,1.0925826250485404
False,1.01,2.01,1.01,43.01,0.6988322738108395
False,1.01,0.01,1.01,48.01,0.9432028483026278
False,3.01,2.01,0.01,29.009999999999998,0.9171366450658338
True,0.01,1.01,0.01,34.01,1.149586438454402
True,1.01,0.01,1.01,44.01,0.7624555430353112
True,0.01,2.01,2.01,36.01,0.7226328978117822
True,2.01,1.01,0.01,46.01,0.7110275336386207
False,1.01,0.01,1.01,38.01,1.1590864492401283
False,1.01,1.01,2.01,43.01,0.8699153106618781
False,1.01,0.01,2.01,33.01,0.7640597481966804
False,1.01,2.01,0.01,40.01,0.6268622225041618
False,2.01,2.01,2.01,34.01,0.5658211317613369
False,1.01,1.01,1.01,37.01,1.3571248416674209
True,1.01,3.01,0.01,29.009999999999998,0.43583337849852033
True,1.01,5.01,1.01,48.01,1.2424143647213544
True,1.01,9.01,1.01,39.01,0.8121973661572357
False,3.01,7.01,1.01,31.009999999999998,0.5684142361811994
False,5.01,4.01,2.01,37.01,1.2514666486894408
False,4.01,4.01,2.01,45.01,0.869493388179424
True,0.01,0.01,2.01,38.01,1.063052584340881
True,0.01,0.01,0.01,55.01,0.42848830849600716
True,0.01,0.01,0.01,43.01,0.7226902617617541
False,0.01,1.01,0.01,37.01,0.678046497777535
False,0.01,0.01,0.01,33.01,0.8193748991808755
True,1.01,0.01,2.01,46.01,1.2249073634086984
True,0.01,0.01,2.01,49.01,0.8096614490495583
False,1.01,1.01,2.01,46.01,1.6919508217837793
False,3.01,0.01,1.01,34.01,0.8514305654179434
False,0.01,0.01,0.01,48.01,1.320275663486752
False,0.01,0.01,2.01,33.01,0.852204853703817
True,0.01,1.01,1.01,41.01,0.714230241854249
False,0.01,1.01,0.01,38.01,0.5319995694610986
True,0.01,0.01,0.01,36.01,0.829497202947239
True,1.01,2.01,0.01,41.01,1.126578983693691
True,0.01,0.01,2.01,45.01,0.48667857086952415
False,0.01,0.01,3.01,31.009999999999998,0.6526635948218484
False,2.01,1.01,2.01,28.009999999999998,0.7185993240570707
True,0.01,1.01,1.01,39.01,1.6979668276340103
False,2.01,0.01,0.01,36.01,1.016192859079403
False,0.01,1.01,1.01,40.01,0.7859700335965196
True,3.01,1.01,1.01,36.01,0.9807291245015166
True,0.01,4.01,1.01,54.01,0.7578735312019081
False,1.01,2.01,1.01,38.01,0.9905144529035914
False,3.01,0.01,2.01,46.01,0.9750717352013127
False,1.01,5.01,0.01,33.01,0.7658457513955318
False,1.01,1.01,1.01,45.01,1.120540046867278
False,1.01,1.01,1.01,46.01,0.3348263839064113
False,4.01,2.01,3.01,45.01,0.7946418684460026
False,3.01,3.01,2.01,36.01,0.8331989070644243
False,4.01,4.01,1.01,39.01,1.6258454113231513
False,4.01,3.01,3.01,39.01,1.694887197040704
False,6.01,5.01,3.01,28.009999999999998,1.4918396438077293
True,1.01,1.01,1.01,38.01,1.2353020869970075
True,1.01,2.01,0.01,50.01,1.2067996230325753
True,0.01,0.01,0.01,37.01,1.3071662932816102
False,2.01,0.01,1.01,33.01,0.8498065698455513
False,0.01,0.01,0.01,46.01,0.3882905238787591
True,0.01,0.01,1.01,36.01,1.0641436131147635
False,0.01,0.01,2.01,41.01,2.221102997684981
False,0.01,0.01,1.01,39.01,2.017953318785441
False,0.01,1.01,2.01,36.01,0.9757586768039568
False,0.01,1.01,1.01,54.01,1.3321976760419751
False,1.01,0.01,0.01,38.01,0.7511508127708445
False,0.01,0.01,0.01,40.01,0.7485601267173317
True,1.01,3.01,0.01,39.01,1.4479657685923668
False,0.01,0.01,1.01,30.009999999999998,1.5527407833571436
False,0.01,0.01,1.01,40.01,0.8844945926079204
False,1.01,1.01,2.01,33.01,0.6113577358326001
False,2.01,1.01,3.01,39.01,0.7166606166425525
True,1.01,0.01,1.01,46.01,1.8536731069697954
False,1.01,0.01,0.01,35.01,0.8620405168582712
False,1.01,0.01,0.01,39.01,0.9617733891735153
True,2.01,3.01,1.01,35.01,1.027683244552196
True,1.01,1.01,1.01,44.01,1.3776712176712174
False,1.01,2.01,1.01,43.01,1.4697362007311614
True,1.01,1.01,0.01,44.01,1.6031711473525494
True,0.01,4.01,0.01,48.01,0.922237948654228
False,2.01,2.01,1.01,43.01,0.900407245989425
False,1.01,0.01,0.01,39.01,0.9620448815129665
False,1.01,3.01,0.01,38.01,0.8660016105150745
True,0.01,2.01,1.01,32.01,0.8102267499716711
True,1.01,8.01,0.01,38.01,1.4341973590972772
True,2.01,7.01,3.01,34.01,1.299318203451906
False,6.01,6.01,2.01,47.01,1.2261713490757606
False,5.01,4.01,2.01,37.01,0.5273649186095546
False,0.01,0.01,1.01,40.01,0.8669324194324194
False,1.01,0.01,0.01,47.01,0.9152735647313917
True,1.01,1.01,0.01,45.01,1.3237538794617265
False,1.01,1.01,2.01,49.01,0.646978047049557
False,0.01,0.01,0.01,42.01,0.8270130175588929
False,1.01,0.01,0.01,49.01,0.8478013535569316
True,2.01,1.01,1.01,37.01,1.4275847410073035
True,1.01,0.01,2.01,46.01,0.57051020058373
False,1.01,0.01,0.01,50.01,0.7362631179672307
True,1.01,0.01,1.01,42.01,1.3667377693390157
True,0.01,1.01,1.01,34.01,0.8835252256239592
True,0.01,1.01,0.01,50.01,1.2408408738940282
True,0.01,0.01,2.01,42.01,1.175427573970273
True,2.01,1.01,0.01,34.01,0.9692243768373567
False,3.01,1.01,2.01,44.01,0.9030234062946881
False,0.01,0.01,1.01,45.01,1.3039204811628535
False,2.01,2.01,0.01,41.01,1.1003310646614672
False,0.01,2.01,0.01,33.01,1.4141803007766005
False,2.01,1.01,0.01,41.01,0.4378023785000528
True,0.01,0.01,1.01,40.01,0.9275300734622313
False,7.01,5.01,2.01,32.01,0.5191248732347803
True,0.01,2.01,3.01,42.01,1.2944543190018947
True,2.01,2.01,2.01,44.01,0.7950108542659566
False,3.01,6.01,4.01,46.01,1.3422691540800804
True,2.01,5.01,1.01,42.01,1.6708493911589335
False,1.01,1.01,1.01,30.009999999999998,1.1173520320488393
True,2.01,1.01,3.01,34.01,1.8133573651129442
False,3.01,4.01,2.01,46.01,0.5426900455334163
False,8.01,8.01,3.01,46.01,0.9989544689552142
False,4.01,4.01,2.01,44.01,0.8408127163928752
False,8.01,5.01,2.01,47.01,1.4878017373888006
False,2.01,6.01,3.01,41.01,0.7309298144132534
False,0.01,0.01,1.01,37.01,1.20988118595772
False,1.01,0.01,1.01,38.01,0.6657117178780807
True,0.01,0.01,0.01,49.01,1.05855529247219
True,0.01,3.01,0.01,39.01,0.9264212402928248
False,1.01,1.01,2.01,44.01,0.7992004235847109
True,0.01,1.01,1.01,44.01,0.9076179132661031
True,1.01,1.01,0.01,43.01,1.1665988784825931
False,2.01,1.01,1.01,33.01,0.7158818858980388
True,2.01,0.01,1.01,35.01,0.6662306647634104
False,0.01,0.01,1.01,51.01,0.8088631496364983
False,0.01,0.01,1.01,42.01,1.0583482267294997
True,1.01,1.01,1.01,32.01,1.2998690750403634
False,1.01,5.01,1.01,46.01,1.1867361371430192
True,1.01,2.01,0.01,51.01,0.792729128622244
False,0.01,0.01,1.01,35.01,0.45604874745641527
True,2.01,1.01,1.01,33.01,1.4144497944563061
True,0.01,0.01,0.01,48.01,0.8264904722865294
False,0.01,1.01,1.01,49.01,0.8190317462918224
False,0.01,1.01,2.01,47.01,0.9840737979547182
True,4.01,1.01,1.01,42.01,0.7652782573171075
False,0.01,0.01,2.01,40.01,0.8346861684886894
False,2.01,2.01,1.01,37.01,1.2302176952763417
False,2.01,1.01,2.01,41.01,1.529006783343269
False,2.01,2.01,2.01,36.01,0.5714791107350133
False,2.01,5.01,2.01,37.01,0.8724693858673674
False,3.01,5.01,0.01,38.01,0.9320027986562119
False,4.01,3.01,1.01,42.01,0.9502396102648791
True,2.01,7.01,0.01,37.01,1.1948215124018546
True,3.01,2.01,1.01,35.01,1.2025940065528167
False,2.01,12.01,4.01,52.01,0.7426708254891097
False,9.01,8.01,2.01,44.01,0.3667647329603852
False,7.01,6.01,3.01,36.01,1.0533676063287043
False,1.01,1.01,0.01,43.01,1.1101119154582153
False,0.01,1.01,1.01,45.01,1.074250527132205
False,0.01,1.01,4.01,35.01,1.3999746949957224
True,0.01,0.01,0.01,34.01,0.9165894069759506
True,2.01,0.01,0.01,43.01,0.6593637838778438
True,1.01,1.01,2.01,50.01,1.716785208570136
True,1.01,1.01,0.01,41.01,0.9437722886001543
False,1.01,0.01,1.01,34.01,0.9740954867221778
False,1.01,1.01,0.01,30.009999999999998,0.6567671711232008
False,1.01,0.01,1.01,44.01,1.0499400532306324
True,2.01,0.01,1.01,32.01,1.842363325107272
False,0.01,0.01,2.01,32.01,0.7133730798666229
True,0.01,0.01,1.01,43.01,0.793455699810064
False,1.01,1.01,0.01,33.01,0.909866661280736
False,1.01,1.01,0.01,32.01,1.6296803210458966
True,0.01,2.01,1.01,48.01,1.667160013406887
False,2.01,1.01,0.01,40.01,0.9409704185915981
True,2.01,1.01,1.01,42.01,0.8258888043186745
True,1.01,1.01,0.01,43.01,1.3179804782956235
False,0.01,1.01,3.01,45.01,1.0671292819659512
True,1.01,3.01,0.01,45.01,0.7540096595309935
False,0.01,1.01,1.01,43.01,1.0129321648886824
True,4.01,1.01,2.01,34.01,1.8562581045983195
False,1.01,2.01,0.01,40.01,0.8301511572085551
True,1.01,0.01,2.01,30.009999999999998,1.1534737598298712
False,5.01,2.01,0.01,38.01,1.1538448841000064
False,1.01,3.01,2.01,45.01,1.4766783885700185
False,1.01,2.01,2.01,36.01,0.9963190270690687
False,3.01,2.01,2.01,30.009999999999998,0.9448825922373791
False,4.01,2.01,0.01,38.01,0.9040654819270935
True,4.01,3.01,3.01,36.01,1.392666262716133
False,8.01,1.01,3.01,40.01,1.1353639948306924
False,0.01,0.01,1.01,47.01,0.6881795600084792
True,0.01,0.01,1.01,34.01,0.9242374161892316
True,1.01,0.01,0.01,41.01,1.0221531336453653
True,1.01,0.01,0.01,38.01,1.2547416448953763
True,0.01,0.01,0.01,37.01,0.846627679320536
True,0.01,0.01,1.01,38.01,1.0167589367482608
True,0.01,0.01,0.01,37.01,1.363978587799343
False,0.01,0.01,1.01,31.009999999999998,1.0435465837191562
False,0.01,1.01,0.01,33.01,1.144175736857642
False,1.01,0.01,1.01,32.01,0.9561126690163081
False,0.01,0.01,0.01,38.01,1.1272848005216278
False,0.01,1.01,0.01,52.01,0.44273861059575337
False,0.01,0.01,1.01,25.009999999999998,0.994226070941453
False,0.01,0.01,1.01,35.01,1.1677077396707474
False,2.01,0.01,2.01,46.01,0.8350203284396247
False,0.01,0.01,1.01,50.01,0.932058873308873
False,0.01,0.01,1.01,36.01,1.2136072849189228
False,0.01,0.01,0.01,53.01,1.3675119640016937
True,0.01,0.01,0.01,41.01,0.5329999579442228
False,0.01,0.01,0.01,51.01,0.900106062257092
True,0.01,4.01,0.01,47.01,0.7739009782392137
True,1.01,0.01,0.01,40.01,0.5746168453094449
False,5.01,0.01,1.01,35.01,0.8221043474720795
True,2.01,1.01,0.01,38.01,1.0677824657902655
True,2.01,3.01,2.01,37.01,1.0707701337301294
True,2.01,0.01,7.01,43.01,0.8511168420359596
False,0.01,2.01,0.01,41.01,0.9157275241098771
True,0.01,1.01,0.01,44.01,0.6358988089413738
True,2.01,0.01,4.01,41.01,1.3399253447397295
True,3.01,2.01,1.01,36.01,1.549465820784093
True,3.01,4.01,3.01,28.009999999999998,1.1009293012234187
True,5.01,4.01,3.01,39.01,0.934783274468106
True,5.01,3.01,4.01,35.01,1.4214069108104104
True,0.01,0.01,1.01,30.009999999999998,1.143746949774974
True,0.01,0.01,1.01,51.01,0.9924765404399515
True,0.01,0.01,2.01,41.01,1.5585944172740556
False,0.01,1.01,2.01,45.01,0.8058695450627572
False,0.01,1.01,0.01,40.01,0.5820095369621469
False,0.01,0.01,1.01,37.01,0.6902712650749492
False,0.01,0.01,0.01,37.01,1.0943678192623258
False,0.01,0.01,2.01,47.01,1.0216338531725209
True,0.01,0.01,0.01,39.01,0.7868772723034788
True,1.01,0.01,0.01,40.01,1.7309551223554436
False,0.01,0.01,1.01,35.01,1.15030171943414
True,0.01,0.01,0.01,42.01,0.807093654515759
False,0.01,0.01,0.01,43.01,1.0314612547409776
False,1.01,0.01,0.01,42.01,0.5198521950548349
False,0.01,0.01,1.01,37.01,0.938811223523171
False,0.01,0.01,1.01,44.01,0.6655613867684806
False,0.01,0.01,1.01,25.009999999999998,0.8944527824380174
True,0.01,1.01,1.01,34.01,1.5098285025545257
False,1.01,1.01,0.01,38.01,0.9286060889002064
True,0.01,0.01,0.01,50.01,1.4345422621623634
True,0.01,0.01,1.01,42.01,1.3180864826204441
False,0.01,0.01,0.01,42.01,1.1480970790373426
True,1.01,0.01,0.01,34.01,1.9956842901124816
True,0.01,0.01,2.01,49.01,1.444638144154091
True,0.01,1.01,0.01,36.01,1.4546870196316912
True,3.01,0.01,3.01,52.01,0.8881635748560767
False,1.01,1.01,2.01,37.01,1.3207094887367383
False,1.01,0.01,0.01,42.01,1.39591721499031
False,0.01,0.01,3.01,50.01,0.9587587833431662
True,0.01,0.01,4.01,33.01,0.8886585033693359
False,1.01,0.01,1.01,40.01,1.6903545887364828
False,4.01,2.01,0.01,34.01,0.9028106678720621
False,2.01,0.01,3.01,44.01,0.7926946363707449
True,0.01,0.01,0.01,40.01,1.1220614833239673
False,0.01,0.01,1.01,40.01,1.3519327082245038
False,0.01,0.01,0.01,58.01,0.6541264616631176
True,0.01,1.01,0.01,47.01,0.948387945747018
True,0.01,0.01,0.01,56.01,0.9289376103349892
True,2.01,1.01,1.01,39.01,1.370332805943007
False,0.01,0.01,0.01,54.01,1.6656572787903343
True,0.01,0.01,0.01,47.01,0.9757883031975061
True,0.01,0.01,0.01,44.01,1.2085248517326197
False,1.01,0.01,0.01,43.01,1.5350569233109181
False,0.01,0.01,0.01,45.01,0.8206254947834325
False,0.01,0.01,1.01,38.01,0.9733008518937148
True,0.01,0.01,0.01,45.01,1.2966535425186199
True,0.01,0.01,1.01,50.01,1.3439777586971235
False,0.01,0.01,0.01,47.01,1.1639446392277466
True,0.01,0.01,0.01,51.01,0.2807197763801538
False,0.01,1.01,0.01,44.01,1.0637512048744249
True,0.01,1.01,1.01,39.01,1.3298417416294215
False,0.01,0.01,0.01,51.01,0.9516874145934249
True,0.01,1.01,0.01,45.01,0.9563428634814886
False,0.01,1.01,0.01,40.01,0.870063038734925
True,0.01,1.01,1.01,49.01,0.6541058493086237
False,0.01,0.01,2.01,41.01,0.9850057680620845
True,0.01,0.01,4.01,33.01,0.9279392043729611
False,0.01,0.01,1.01,45.01,0.8201278891816818
True,1.01,0.01,0.01,52.01,1.3058054108767725
False,0.01,0.01,1.01,42.01,0.847435155895626
True,0.01,1.01,0.01,40.01,1.0342416144500304
True,0.01,0.01,4.01,47.01,1.4333463140693716
False,2.01,0.01,1.01,35.01,1.4651146766158878
True,4.01,1.01,2.01,39.01,0.9107637637572639
False,3.01,2.01,5.01,46.01,0.8920954208046475
True,1.01,2.01,2.01,47.01,1.3950566921812075
True,1.01,0.01,0.01,38.01,1.1606674978349647
False,0.01,0.01,0.01,44.01,0.8153608684916736
True,1.01,0.01,1.01,51.01,1.3832899968645478
False,0.01,1.01,0.01,36.01,1.0833182327163668
True,0.01,0.01,0.01,28.009999999999998,1.1070816031683235
False,0.01,0.01,1.01,31.009999999999998,1.5160101594669793
False,0.01,1.01,1.01,32.01,1.088846703423477
True,0.01,0.01,1.01,38.01,0.91039312489707
False,0.01,0.01,1.01,56.01,1.053563974113112
True,0.01,1.01,0.01,37.01,0.726298954456849
True,0.01,0.01,1.01,45.01,1.7142253973911277
False,0.01,0.01,2.01,34.01,0.6495288082359021
False,1.01,0.01,0.01,34.01,0.8527055368593648
True,0.01,1.01,0.01,48.01,1.5990852625047502
True,3.01,0.01,0.01,33.01,0.6626432880844646
False,0.01,0.01,1.01,43.01,0.9649359348853179
False,0.01,0.01,2.01,43.01,1.7300067837117117
False,1.01,1.01,1.01,44.01,1.4836978067805924
False,3.01,1.01,1.01,36.01,1.0838030028652785
True,1.01,0.01,0.01,40.01,0.9893143683600061
False,1.01,0.01,2.01,42.01,0.8908677361424122
False,0.01,0.01,2.01,39.01,1.155312314763998
False,1.01,2.01,1.01,42.01,0.5366294385284176
True,0.01,0.01,1.01,39.01,1.3054630519642636
False,0.01,2.01,0.01,39.01,1.7068597597871475
True,0.01,1.01,0.01,50.01,1.1699881949375246
False,1.01,3.01,3.01,49.01,0.930735779731559
False,5.01,0.01,4.01,36.01,1.0810191339914137
True,3.01,2.01,3.01,35.01,0.8046083392560038
True,0.01,3.01,6.01,43.01,1.0646292898285308
True,3.01,2.01,0.01,48.01,1.2174228110033523
False,3.01,5.01,3.01,41.01,1.1950465150443494
True,4.01,2.01,1.01,61.01,1.6556601438578984
True,0.01,0.01,0.01,39.01,0.9279432749285691
False,0.01,0.01,0.01,32.01,1.0832922138493335
False,0.01,0.01,0.01,29.009999999999998,0.922787733149324
True,0.01,0.01,0.01,32.01,0.9928839560726218
True,0.01,0.01,0.01,33.01,0.7927847793245876
False,0.01,0.01,0.01,34.01,1.399629008882226
False,0.01,0.01,0.01,44.01,0.8044897645919202
False,0.01,0.01,0.01,37.01,1.1777460589040096
True,0.01,1.01,1.01,36.01,0.9411466690111057
True,1.01,0.01,1.01,41.01,1.1589918095633154
False,0.01,0.01,0.01,34.01,1.9088307961926294
False,0.01,0.01,1.01,33.01,1.3956789459941064
False,1.01,1.01,0.01,34.01,1.8891513236344517
False,1.01,0.01,1.01,43.01,1.0886023590433467
True,2.01,0.01,2.01,47.01,1.1323543488639236
True,0.01,3.01,0.01,39.01,0.8155629469855196
False,0.01,0.01,2.01,35.01,0.6606730664263888
True,1.01,0.01,2.01,45.01,0.8338109505199983
False,0.01,0.01,2.01,33.01,1.513832470911593
False,2.01,0.01,1.01,52.01,1.0637832517627912
False,1.01,0.01,2.01,43.01,0.5675292862521966
True,3.01,0.01,1.01,26.009999999999998,0.6594018176211662
False,1.01,0.01,2.01,33.01,0.39744613632165915
False,0.01,2.01,1.01,34.01,0.9730571715865833
False,0.01,0.01,3.01,29.009999999999998,1.4939281655037062
True,1.01,1.01,0.01,34.01,0.7564311151811152
True,0.01,0.01,3.01,39.01,0.9959610660953457
True,3.01,1.01,0.01,34.01,1.197731161773892
True,3.01,0.01,0.01,36.01,0.760978683148079
False,0.01,0.01,3.01,43.01,1.110595850303705
False,0.01,3.01,3.01,36.01,1.2146230858301799
False,2.01,6.01,3.01,38.01,0.9710858239747918
True,2.01,3.01,0.01,37.01,0.5262971076874846
False,0.01,0.01,0.01,38.01,0.8841440986309073
False,0.01,0.01,0.01,34.01,0.7119404361941093
False,0.01,0.01,1.01,42.01,1.0275788870756393
False,0.01,0.01,0.01,38.01,0.5502234469222393
False,0.01,0.01,1.01,50.01,1.1874738843070047
False,0.01,0.01,2.01,43.01,1.1802621722330808
False,0.01,2.01,0.01,39.01,1.0187737822759584
False,0.01,0.01,0.01,36.01,0.7464798496794008
True,0.01,1.01,0.01,49.01,0.7865952516459814
False,1.01,0.01,0.01,45.01,1.052404808450634
True,0.01,0.01,1.01,43.01,0.6410836345332966
False,0.01,1.01,1.01,37.01,1.3106878260319643
False,2.01,0.01,0.01,37.01,0.839740341684146
False,0.01,0.01,0.01,48.01,0.918970686388946
False,0.01,0.01,0.01,44.01,1.0411277297817079
True,0.01,0.01,1.01,39.01,0.7434072991502257
False,0.01,1.01,0.01,44.01,0.8523068691884526
False,0.01,0.01,0.01,54.01,1.2163653539837511
True,0.01,0.01,1.01,50.01,1.2505341806689545
True,0.01,0.01,1.01,42.01,1.4189539522956038
True,0.01,0.01,1.01,36.01,1.0316218561169301
True,2.01,1.01,0.01,36.01,0.8380696757089946
True,0.01,0.01,0.01,55.01,0.916899296730197
False,1.01,0.01,1.01,50.01,1.6005618839227735
False,1.01,0.01,1.01,51.01,0.8450326363915368
False,0.01,1.01,1.01,30.009999999999998,0.8644835250950996
True,0.01,2.01,0.01,41.01,0.4643074764149932
True,2.01,1.01,1.01,37.01,0.9965934753656155
True,3.01,1.01,3.01,33.01,1.084435014023603
True,2.01,5.01,2.01,41.01,0.7537992637401705
True,4.01,1.01,2.01,49.01,1.2621087503454749
False,0.01,3.01,1.01,34.01,0.9269520623570092
True,4.01,1.01,1.01,34.01,1.4927860421863108
False,0.01,0.01,0.01,36.01,0.9301848330242485
True,1.01,0.01,0.01,45.01,0.9529199639448327
False,0.01,1.01,1.01,49.01,1.4020830801750923
False,0.01,0.01,1.01,34.01,1.2222586381727751
True,0.01,0.01,0.01,36.01,0.9050976589243851
True,0.01,0.01,1.01,42.01,0.933289928390211
True,0.01,0.01,0.01,42.01,1.1562905431363892
True,0.01,0.01,1.01,35.01,0.9743275870907447
True,0.01,1.01,0.01,36.01,0.9490843698024549
False,0.01,0.01,0.01,34.01,1.3256262100774872
True,1.01,0.01,0.01,36.01,1.0617992318115428
False,0.01,0.01,0.01,42.01,0.7544566471542387
False,0.01,0.01,1.01,34.01,1.146312239102487
False,0.01,2.01,0.01,33.01,1.1507904058632623
True,1.01,0.01,2.01,36.01,0.8881883170041066
False,0.01,1.01,0.01,43.01,0.7161623400758129
True,0.01,2.01,1.01,38.01,1.1428943038213517
False,0.01,1.01,3.01,36.01,0.8948987136562854
True,0.01,2.01,3.01,39.01,1.1343307942379146
False,1.01,1.01,2.01,40.01,0.7680776991091225
False,1.01,2.01,2.01,33.01,1.102217482401517
True,1.01,1.01,0.01,37.01,1.4382160380476319
True,1.01,1.01,1.01,47.01,1.198805685055685
False,0.01,0.01,0.01,43.01,0.9558310633818897
False,1.01,1.01,0.01,37.01,0.8360506445140987
False,0.01,2.01,0.01,44.01,1.377217722253515
True,2.01,0.01,5.01,47.01,1.2118149905182356
False,1.01,1.01,1.01,39.01,0.5864770081507867
True,1.01,3.01,3.01,42.01,1.591018051454685
False,0.01,1.01,5.01,46.01,1.0263382295643961
True,3.01,2.01,4.01,45.01,1.8008361026316433
True,1.01,1.01,2.01,35.01,0.8429638003561867
True,3.01,1.01,2.01,47.01,1.6160590802481622
False,0.01,1.01,0.01,42.01,1.0846024044211133
True,0.01,0.01,0.01,48.01,1.0862446444440192
False,0.01,1.01,2.01,41.01,1.6638216159197785
False,0.01,0.01,1.01,44.01,0.8359308108358425
False,0.01,0.01,0.01,35.01,0.6537933124986657
False,0.01,0.01,2.01,41.01,0.6273311982135513
False,0.01,0.01,0.01,51.01,1.1556248991937388
True,0.01,0.01,0.01,48.01,0.7734410998407447
False,0.01,1.01,0.01,40.01,0.46829191727779657
False,0.01,0.01,0.01,51.01,1.4063060745487124
False,1.01,0.01,0.01,38.01,0.6756609258019298
False,1.01,1.01,0.01,38.01,0.3978082367665536
True,0.01,0.01,1.01,46.01,0.6722700258224685
True,0.01,0.01,2.01,38.01,1.01155263401857
True,0.01,0.01,0.01,38.01,0.7583715318466349
False,0.01,1.01,1.01,42.01,0.6617682649664857
False,0.01,0.01,2.01,42.01,0.6485118197903192
True,0.01,0.01,2.01,24.009999999999998,1.2756470255499601
True,0.01,0.01,3.01,48.01,0.7947139232535237
False,4.01,0.01,0.01,56.01,1.465295722291656
True,1.01,2.01,1.01,38.01,1.378159702144524
True,0.01,1.01,0.01,47.01,1.1506633035188791
False,0.01,1.01,1.01,40.01,0.5596981644355437
True,0.01,0.01,1.01,32.01,0.7455557392718445
True,0.01,0.01,2.01,36.01,1.4982824642605193
False,1.01,1.01,1.01,49.01,1.0422204750376756
False,1.01,0.01,0.01,46.01,1.2197710899473178
True,1.01,3.01,1.01,40.01,1.5691949927327051
False,2.01,0.01,0.01,40.01,0.8737333476491073
True,1.01,2.01,2.01,37.01,0.7457613524071693
False,0.01,1.01,2.01,37.01,0.8549574941794607
False,2.01,0.01,2.01,37.01,0.8171783474892924
False,0.01,1.01,5.01,48.01,0.5949454854886719
False,0.01,0.01,0.01,43.01,1.0576927522971742
True,0.01,0.01,1.01,45.01,0.6120488725257054
False,0.01,1.01,0.01,38.01,0.9319127503523424
False,0.01,0.01,1.01,46.01,1.2296284232376362
False,0.01,0.01,1.01,38.01,0.8082636133355665
False,0.01,2.01,2.01,37.01,1.3672744247744928
False,0.01,0.01,1.01,42.01,1.2725857010732886
False,2.01,1.01,0.01,29.009999999999998,1.2045247792836993
False,0.01,1.01,0.01,47.01,0.8121055113109361
True,0.01,0.01,0.01,40.01,0.6097240767362718
True,1.01,0.01,2.01,43.01,0.71954782268824
False,0.01,0.01,0.01,38.01,1.277966924033972
False,0.01,1.01,2.01,37.01,0.7110083290593183
False,1.01,0.01,1.01,40.01,1.3904601739643307
True,0.01,1.01,0.01,29.009999999999998,1.3386708836996735
False,0.01,0.01,2.01,49.01,0.9776652851482373
True,0.01,0.01,0.01,33.01,0.4876236560968909
False,0.01,1.01,4.01,35.01,0.7686181662236543
True,1.01,0.01,0.01,33.01,0.9525197949003091
True,0.01,2.01,2.01,42.01,0.7318129886588923
False,0.01,1.01,3.01,42.01,0.6194881553545031
True,1.01,0.01,1.01,40.01,1.1369599874733831
False,2.01,1.01,2.01,47.01,0.6904545418386036
True,1.01,0.01,0.01,34.01,1.1455625423685905
False,0.01,1.01,1.01,31.009999999999998,1.0702316702983676
True,0.01,1.01,2.01,37.01,1.1795354568032586
False,0.01,2.01,0.01,46.01,0.9787586523799447
False,0.01,0.01,2.01,31.009999999999998,1.0564533015420596
False,1.01,1.01,1.01,43.01,0.9207448107448107
True,1.01,0.01,2.01,47.01,1.6016230398428541
False,0.01,1.01,4.01,44.01,0.8778598663616834
True,5.01,0.01,0.01,51.01,1.018366581818594
True,2.01,3.01,2.01,43.01,1.0815576518434835
False,0.01,0.01,0.01,42.01,1.1673977827774484
True,0.01,0.01,0.01,32.01,0.6975400968213954
True,0.01,0.01,2.01,50.01,0.8163264777605894
False,0.01,1.01,0.01,43.01,1.2457255758180015
False,0.01,0.01,0.01,39.01,1.3122617752067594
False,0.01,1.01,1.01,43.01,1.0333644333925935
False,0.01,0.01,0.01,36.01,1.1150840399245805
False,0.01,0.01,2.01,43.01,0.7939218610318355
False,0.01,0.01,3.01,42.01,0.791584078080504
False,1.01,1.01,1.01,47.01,0.8646657874617819
True,0.01,1.01,0.01,29.009999999999998,0.9663792343871556
True,0.01,0.01,1.01,36.01,0.7192165981396048
True,0.01,0.01,1.01,55.01,1.4863371410130084
True,0.01,1.01,1.01,35.01,0.938542505890904
False,0.01,0.01,1.01,40.01,0.6527801020555353
True,1.01,0.01,0.01,39.01,0.9400990296046076
False,0.01,2.01,0.01,49.01,0.7459392817521742
True,0.01,0.01,0.01,37.01,1.1328765378966386
False,1.01,0.01,1.01,29.009999999999998,1.9019330060154864
False,1.01,0.01,2.01,36.01,0.7844304447967045
False,0.01,1.01,1.01,34.01,1.079748562054875
False,0.01,0.01,1.01,45.01,0.7561667361659908
False,1.01,0.01,0.01,45.01,0.913494316832165
False,0.01,1.01,1.01,39.01,0.9952025116488791
False,0.01,1.01,0.01,38.01,1.3070470677087207
False,0.01,0.01,1.01,41.01,0.9894474823765176
True,1.01,3.01,1.01,38.01,1.2807086350468704
True,0.01,0.01,2.01,57.01,0.9862516869095815
True,1.01,1.01,1.01,40.01,1.2026606792678218
False,0.01,0.01,2.01,29.009999999999998,1.258726376474608
False,1.01,1.01,1.01,46.01,0.6972441807567339
False,2.01,4.01,0.01,36.01,1.166544656324068
True,1.01,1.01,0.01,39.01,1.2666395738986347
False,0.01,0.01,1.01,37.01,0.8979316794096196
True,0.01,2.01,0.01,33.01,0.5830324354004863
False,0.01,0.01,2.01,38.01,0.8660807696661863
False,2.01,0.01,2.01,48.01,0.4597267897596845
False,1.01,0.01,1.01,31.009999999999998,0.5539944938164352
False,0.01,0.01,0.01,38.01,1.1188365914239373
True,0.01,1.01,1.01,53.01,1.429642510645808
True,0.01,0.01,2.01,46.01,0.7722988856520456
False,0.01,0.01,1.01,42.01,0.8788631499169328
False,0.01,0.01,0.01,41.01,1.1678644951225599
False,1.01,0.01,0.01,32.01,0.796329366495646
False,0.01,0.01,1.01,32.01,1.1760377738340453
True,0.01,1.01,0.01,45.01,1.4546585662572207
False,0.01,0.01,1.01,41.01,0.5968826836300176
False,0.01,0.01,2.01,32.01,0.9167168418018129
False,0.01,0.01,0.01,39.01,0.9240721498811825
True,1.01,1.01,1.01,31.009999999999998,1.3217873639696494
True,2.01,0.01,1.01,54.01,0.7982173626084133
False,0.01,0.01,0.01,44.01,0.9395461594154975
True,0.01,1.01,0.01,39.01,1.044126850867832
True,3.01,3.01,0.01,48.01,0.931248233134593
True,0.01,1.01,3.01,40.01,0.876875348527518
False,2.01,0.01,1.01,35.01,0.8479712349521977
True,1.01,0.01,0.01,39.01,1.1206595824146692
True,1.01,1.01,1.01,43.01,1.18467814158292
False,2.01,5.01,1.01,41.01,0.7281539968979612
True,3.01,1.01,3.01,38.01,1.3958652968044092
True,0.01,2.01,0.01,41.01,1.6886590223325746
False,2.01,2.01,0.01,37.01,0.8752508439273146
False,2.01,2.01,3.01,27.009999999999998,0.9980458285404141
False,1.01,0.01,1.01,40.01,0.7611504985135817
False,4.01,3.01,2.01,42.01,0.9924984490064235
False,2.01,4.01,2.01,38.01,1.2491738220578832
False,0.01,1.01,0.01,35.01,0.6881001369236662
False,0.01,1.01,2.01,54.01,0.8426457654475362
True,0.01,0.01,0.01,43.01,0.8422815934228978
False,1.01,1.01,1.01,39.01,0.923129736243932
True,0.01,1.01,0.01,44.01,0.8596392781272002
False,0.01,0.01,2.01,34.01,0.6558351076183254
True,1.01,3.01,0.01,42.01,0.9209812554094594
False,0.01,0.01,2.01,39.01,0.6091098886909333
False,1.01,1.01,0.01,29.009999999999998,0.7164209675644768
False,0.01,1.01,1.01,40.01,1.2055429062599559
False,0.01,0.01,1.01,41.01,0.8872723823065549
False,0.01,0.01,0.01,42.01,0.6466677055902181
False,0.01,0.01,0.01,46.01,0.4074957061130019
True,0.01,1.01,0.01,40.01,1.803672196226134
True,2.01,0.01,1.01,44.01,0.8238849041943334
True,0.01,0.01,0.01,36.01,0.7196589460858103
True,0.01,0.01,1.01,39.01,0.7197806925815892
True,0.01,0.01,0.01,31.009999999999998,0.5586900297370623
False,1.01,1.01,3.01,36.01,1.2003822615307598
True,0.01,1.01,1.01,43.01,0.3114276846609308
False,3.01,0.01,1.01,43.01,0.857039256117867
False,1.01,0.01,0.01,42.01,0.7008829443744223
False,0.01,0.01,3.01,42.01,0.9362346155733918
False,0.01,1.01,2.01,33.01,0.9472580113535535
True,0.01,2.01,4.01,36.01,0.7877979287709482
False,1.01,2.01,1.01,42.01,0.8824494623238992
True,1.01,8.01,2.01,37.01,1.2006842672831042
False,2.01,2.01,1.01,40.01,0.9111271964788319
False,0.01,2.01,0.01,37.01,1.0525169513031845
True,1.01,1.01,0.01,49.01,0.8028413023149991
False,4.01,3.01,5.01,38.01,0.8746029777460194
True,8.01,2.01,2.01,41.01,1.1011108062370472
False,1.01,12.01,1.01,42.01,0.900852689069739
True,1.01,0.01,2.01,30.009999999999998,1.1095128253949862
False,0.01,0.01,0.01,30.009999999999998,1.0235229075202132
True,2.01,0.01,0.01,45.01,0.8630045868795314
True,2.01,0.01,1.01,33.01,1.600830992426515
False,0.01,0.01,0.01,32.01,1.0179300092215438
False,0.01,0.01,0.01,33.01,0.7038614358132408
False,0.01,0.01,0.01,29.009999999999998,1.1913495512714583
False,1.01,1.01,1.01,38.01,0.6345640019838279
False,1.01,0.01,2.01,43.01,1.1345928914963908
False,0.01,2.01,1.01,44.01,1.0043662143172722
False,0.01,0.01,0.01,25.009999999999998,1.043800846339209
False,0.01,1.01,0.01,31.009999999999998,1.1237960030120897
True,1.01,1.01,0.01,36.01,1.0049838870850507
True,1.01,2.01,0.01,53.01,0.8420684216797991
False,0.01,0.01,0.01,35.01,0.9717396670881119
False,2.01,0.01,1.01,41.01,0.9687446118516769
True,1.01,0.01,1.01,37.01,0.6993290760432834
False,0.01,0.01,1.01,35.01,0.8192562285952074
False,0.01,1.01,0.01,35.01,0.6383400791506546
False,0.01,0.01,1.01,51.01,0.4624752458477016
True,0.01,1.01,0.01,36.01,1.208790722843518
False,0.01,1.01,1.01,40.01,0.865353820103023
False,1.01,0.01,0.01,34.01,1.307256705422507
False,1.01,0.01,0.01,41.01,1.1746676548366142
False,3.01,0.01,1.01,43.01,0.5949000934598435
False,0.01,0.01,0.01,34.01,1.176342529684337
True,0.01,2.01,2.01,45.01,0.9938882418577264
True,1.01,0.01,1.01,37.01,1.3902785143748138
False,0.01,1.01,1.01,47.01,0.7237984693461919
True,0.01,5.01,3.01,24.009999999999998,0.6063272066721191
True,0.01,1.01,1.01,37.01,1.3553675571860653
True,2.01,1.01,1.01,47.01,1.7276097006464257
False,2.01,8.01,3.01,42.01,1.389541503917656
False,1.01,1.01,1.01,43.01,0.9645543222459053
False,1.01,0.01,0.01,39.01,0.9367176612919023
False,0.01,0.01,1.01,54.01,0.6193241745611768
False,0.01,0.01,0.01,42.01,1.0928245376575958
False,0.01,1.01,0.01,33.01,0.9307990572730096
False,1.01,0.01,2.01,55.01,0.8673244356528668
True,0.01,1.01,1.01,34.01,1.05055917216541
True,1.01,1.01,2.01,47.01,1.1326057502880456
True,0.01,1.01,1.01,42.01,1.270547241490234
False,2.01,0.01,3.01,44.01,1.7789314055481347
True,1.01,2.01,0.01,40.01,0.9687375352768358
False,3.01,1.01,1.01,45.01,1.560181908664222
True,1.01,1.01,2.01,37.01,1.0780717341224306
False,1.01,1.01,1.01,32.01,1.189882711589133
True,0.01,0.01,1.01,32.01,0.9568816881029842
False,1.01,0.01,2.01,44.01,0.9623169470789612
True,1.01,1.01,1.01,48.01,1.1712153151621563
False,1.01,0.01,1.01,36.01,1.095100383586889
True,0.01,2.01,2.01,52.01,1.345316433379074
True,3.01,1.01,2.01,42.01,0.9953817177908633
True,1.01,2.01,1.01,43.01,1.1217441149177347
False,0.01,0.01,0.01,41.01,0.9986912016317347
True,1.01,2.01,2.01,46.01,0.953312415564794
False,1.01,1.01,1.01,27.009999999999998,0.5153392924243114
True,1.01,4.01,0.01,45.01,0.8469870316093496
False,2.01,1.01,1.01,41.01,1.157235210538347
False,2.01,0.01,1.01,42.01,1.190535270634183
False,1.01,6.01,1.01,34.01,1.0556251196730329
True,1.01,3.01,3.01,36.01,1.1199405273553877
True,2.01,5.01,2.01,42.01,1.111600658493221
False,3.01,2.01,1.01,38.01,0.5308799182850417
False,4.01,3.01,1.01,50.01,1.5566789348110868
False,2.01,12.01,0.01,36.01,1.8554630600469635
False,1.01,0.01,2.01,35.01,0.9985519914918372
False,1.01,1.01,2.01,39.01,1.0819605811720885
False,2.01,0.01,0.01,42.01,0.9364846803769988
True,1.01,1.01,0.01,44.01,0.7755361625163065
True,1.01,1.01,1.01,36.01,1.1940310084735724
False,1.01,2.01,1.01,42.01,1.0297781729708726
False,1.01,1.01,1.01,36.01,0.9610992318113785
False,0.01,0.01,0.01,33.01,0.9887119763781962
True,1.01,1.01,1.01,33.01,0.9256300161271183
True,0.01,0.01,1.01,25.009999999999998,0.9416763021646637
True,1.01,1.01,2.01,40.01,1.243114308718259
False,3.01,1.01,0.01,34.01,0.9538408125479064
True,1.01,0.01,3.01,38.01,0.8185721350997096
False,2.01,2.01,1.01,41.01,0.8277442666700724
False,0.01,0.01,1.01,38.01,0.7800361212861212
True,0.01,2.01,0.01,40.01,0.9472554028202476
True,1.01,3.01,1.01,36.01,0.805834545947526
False,1.01,3.01,1.01,40.01,1.147846223640452
False,2.01,0.01,0.01,42.01,0.7903477197434792
True,0.01,1.01,0.01,43.01,1.6858358085658385
False,2.01,1.01,1.01,37.01,0.7026994507612363
False,2.01,1.01,3.01,34.01,0.9246852554125766
False,0.01,1.01,0.01,43.01,1.0479088721410987
True,0.01,1.01,0.01,49.01,1.0117116298489004
True,2.01,0.01,0.01,37.01,0.7298966738978854
True,2.01,3.01,1.01,47.01,1.081281902229812
False,0.01,1.01,1.01,35.01,0.9735127306387752
True,4.01,2.01,1.01,34.01,0.5488155056827796
False,10.01,8.01,0.01,45.01,0.7425025475812451
True,8.01,12.01,3.01,39.01,1.9256711573862388
True,10.01,7.01,2.01,32.01,1.0181887708067423
False,10.01,11.01,1.01,44.01,0.8316726048046543
False,0.01,0.01,1.01,37.01,0.8007521605133283
True,0.01,0.01,0.01,44.01,0.5432204005403846
True,0.01,0.01,0.01,40.01,0.9164861025599567
False,0.01,0.01,1.01,38.01,1.0055879967254309
False,0.01,0.01,0.01,34.01,0.3055331436345249
False,0.01,0.01,0.01,27.009999999999998,0.5342154504249463
False,0.01,0.01,0.01,39.01,1.9574889628203802
True,0.01,0.01,2.01,35.01,0.8323514581693467
False,0.01,0.01,0.01,36.01,1.6351062029490744
False,0.01,0.01,0.01,43.01,1.0303524643396127
True,0.01,0.01,0.01,33.01,0.9154001705243227
False,0.01,0.01,0.01,31.009999999999998,0.828800477698836
False,0.01,1.01,1.01,35.01,1.0387759685998226
False,0.01,0.01,1.01,44.01,1.0038345622563418
True,0.01,0.01,1.01,45.01,0.974346446704192
True,0.01,0.01,2.01,34.01,1.141533267942421
True,1.01,0.01,1.01,41.01,0.607909020635881
True,0.01,1.01,2.01,41.01,1.0301369400167824
False,0.01,0.01,1.01,39.01,0.6703176781079258
True,0.01,0.01,2.01,40.01,0.8305182310842573
False,0.01,0.01,1.01,37.01,0.6208394324480043
False,0.01,0.01,0.01,31.009999999999998,1.178513332364823
False,0.01,0.01,1.01,30.009999999999998,0.6582110586777489
False,0.01,0.01,0.01,39.01,1.1929192700635762
False,0.01,0.01,0.01,42.01,0.8944511506372469
True,0.01,0.01,0.01,46.01,0.418232461982462
False,0.01,0.01,2.01,37.01,0.6101706171604441
True,0.01,0.01,0.01,37.01,1.1570288189700317
False,0.01,0.01,4.01,47.01,1.2060757890145792
False,0.01,0.01,2.01,43.01,0.8100693798140532
True,0.01,0.01,2.01,31.009999999999998,1.0021526134662206
False,4.01,1.01,2.01,30.009999999999998,0.7348605561105561
False,2.01,1.01,2.01,51.01,1.2284400834479665
False,0.01,0.01,0.01,55.01,0.9368477615815424
False,0.01,0.01,1.01,40.01,0.6644451528004158
True,0.01,1.01,0.01,40.01,0.9948334325160996
True,0.01,0.01,0.01,49.01,1.890082439299655
False,0.01,0.01,1.01,43.01,0.9483318860709067
False,0.01,0.01,1.01,39.01,0.8490462944062014
False,0.01,0.01,0.01,39.01,0.3179583737621563
False,0.01,0.01,1.01,35.01,0.8866985533645126
True,0.01,0.01,0.01,34.01,1.1413183725916243
False,0.01,1.01,2.01,46.01,0.8576060614735077
False,0.01,0.01,1.01,45.01,0.5152154960800785
True,0.01,0.01,1.01,51.01,1.068326415702178
False,0.01,0.01,0.01,51.01,0.5315525877596816
False,0.01,0.01,0.01,32.01,0.7217629907393074
True,0.01,0.01,1.01,45.01,0.9673259594299252
False,0.01,0.01,0.01,50.01,1.1567247190412948
False,0.01,0.01,0.01,37.01,0.4260179571224184
False,0.01,1.01,0.01,44.01,0.6032796919079136
True,0.01,1.01,1.01,46.01,0.7624826896276543
True,0.01,0.01,2.01,39.01,0.8086400169634007
False,0.01,0.01,3.01,46.01,0.87358314610897
False,0.01,0.01,1.01,36.01,0.9594208614973878
False,0.01,0.01,3.01,45.01,0.9373200574954057
True,1.01,0.01,1.01,43.01,1.3051209390125311
False,0.01,0.01,0.01,44.01,1.0845770283791312
True,0.01,0.01,0.01,36.01,1.1361430806820498
True,0.01,0.01,1.01,25.009999999999998,1.4870631379059862
False,0.01,0.01,1.01,52.01,0.43078101636925165
False,1.01,0.01,1.01,39.01,1.008931574849077
False,0.01,1.01,1.01,50.01,1.6670963585080558
False,0.01,0.01,0.01,40.01,1.121744361973528
True,0.01,0.01,1.01,46.01,1.4596420464583604
False,1.01,0.01,1.01,37.01,0.7945166294762058
True,0.01,1.01,0.01,34.01,0.6333648126350723
False,0.01,0.01,1.01,38.01,0.6614324680082759
False,0.01,0.01,1.01,32.01,1.458046623331118
True,0.01,0.01,0.01,37.01,0.8379332504332504
True,0.01,0.01,0.01,40.01,0.6830848665050993
False,0.01,0.01,0.01,32.01,1.0598212706528531
False,0.01,0.01,0.01,34.01,1.5104617653057248
False,0.01,0.01,1.01,45.01,0.8916315547551674
False,0.01,0.01,1.01,36.01,0.7614708431087742
True,0.01,0.01,0.01,38.01,1.3355828644918224
True,0.01,0.01,1.01,37.01,0.647883061718618
True,0.01,1.01,1.01,38.01,1.1669628088654984
False,0.01,0.01,0.01,39.01,0.45628825075633583
False,0.01,0.01,0.01,42.01,0.9284967889007973
False,0.01,0.01,1.01,33.01,0.9419906578187021
False,1.01,0.01,3.01,46.01,0.7373095856136319
True,0.01,0.01,0.01,32.01,1.0436856140751642
False,0.01,1.01,1.01,35.01,0.7452825083255157
False,0.01,0.01,0.01,44.01,0.8258572014088832
True,0.01,0.01,3.01,29.009999999999998,1.034922465086864
True,0.01,0.01,1.01,32.01,0.9562800306345367
True,1.01,2.01,0.01,30.009999999999998,0.8173801775941882
False,0.01,0.01,1.01,27.009999999999998,0.938128762521105
False,0.01,1.01,2.01,39.01,1.3046001632864295
False,0.01,1.01,3.01,39.01,1.0001101777975516
False,1.01,0.01,4.01,33.01,0.7489589684945721
True,0.01,0.01,1.01,45.01,0.5976466938161892
False,0.01,0.01,1.01,31.009999999999998,1.2094808273339284
True,0.01,0.01,1.01,37.01,1.0617943752737327
False,1.01,0.01,0.01,40.01,1.1413131922464523
False,1.01,1.01,1.01,41.01,0.7781686747444976
False,1.01,0.01,3.01,31.009999999999998,1.4266301171717461
True,3.01,1.01,3.01,31.009999999999998,1.0808604475051842
False,0.01,0.01,4.01,35.01,0.6295792561416167
False,0.01,1.01,0.01,48.01,1.1184471732796164
False,0.01,0.01,0.01,33.01,0.7245468666392201
True,0.01,0.01,0.01,52.01,0.4358081188827468
False,0.01,1.01,0.01,42.01,1.0689929498391129
False,0.01,0.01,1.01,42.01,1.5155047886073723
True,0.01,0.01,0.01,37.01,0.9240228883906135
True,0.01,0.01,1.01,35.01,1.2413809001510052
False,0.01,0.01,1.01,42.01,1.0502822358555888
False,0.01,0.01,0.01,51.01,0.8271006632255692
False,0.01,0.01,1.01,44.01,1.1175768347518182
False,1.01,1.01,0.01,36.01,0.7343476671002246
True,0.01,0.01,0.01,58.01,0.8080266172419339
False,1.01,0.01,0.01,49.01,1.0632269123866
True,0.01,0.01,1.01,49.01,1.0298640724860144
True,0.01,0.01,0.01,47.01,1.0255472958414136
True,0.01,0.01,0.01,41.01,1.0449681078128126
True,0.01,0.01,0.01,34.01,0.7243533794982562
True,1.01,2.01,0.01,52.01,0.8266320123233367
False,1.01,1.01,0.01,47.01,0.6863077609545123
False,0.01,1.01,0.01,47.01,0.9598128819157712
True,1.01,0.01,2.01,45.01,0.568766302589832
False,0.01,0.01,1.01,31.009999999999998,0.6891885505907922
False,0.01,0.01,1.01,53.01,1.0513726866276965
False,2.01,0.01,1.01,51.01,0.9343364463403554
False,0.01,1.01,1.01,38.01,0.7037804674452829
True,1.01,1.01,0.01,46.01,1.1863967103172501
True,2.01,0.01,3.01,51.01,0.8378806410813904
False,1.01,0.01,1.01,43.01,0.6194286426399332
True,2.01,1.01,1.01,34.01,0.9221122250548346
False,0.01,1.01,2.01,36.01,1.094541719498164
True,5.01,1.01,5.01,47.01,1.2044399314601988
False,1.01,6.01,3.01,45.01,0.8988157338540971
False,0.01,1.01,0.01,35.01,0.7795979372818914
False,0.01,0.01,0.01,46.01,0.6456509143786063
False,0.01,0.01,1.01,42.01,0.9006763223481489
False,0.01,0.01,1.01,32.01,0.9580785756098779
False,1.01,0.01,1.01,36.01,0.6954722854722855
True,0.01,0.01,0.01,34.01,1.0396754433899718
False,0.01,0.01,1.01,31.009999999999998,0.8843558889123535
False,1.01,0.01,0.01,31.009999999999998,0.5448903223462801
True,0.01,0.01,0.01,42.01,0.7249318782177946
False,0.01,0.01,1.01,32.01,1.4287148137455759
False,0.01,0.01,0.01,38.01,2.0390683200393966
False,1.01,0.01,0.01,44.01,0.7479208686048341
False,0.01,0.01,0.01,42.01,1.185010605882304
True,1.01,0.01,0.01,38.01,0.6483215315193211
True,0.01,1.01,2.01,38.01,0.837184749164276
True,0.01,0.01,3.01,45.01,0.9746322907875195
True,0.01,0.01,2.01,41.01,1.0139663012837894
False,0.01,1.01,0.01,46.01,1.1011823241048146
False,2.01,0.01,0.01,44.01,1.1797803379878329
False,0.01,2.01,0.01,42.01,0.8513992924849387
True,0.01,0.01,0.01,34.01,1.0051167182175373
False,0.01,1.01,2.01,42.01,1.0797627524748865
False,0.01,0.01,0.01,43.01,0.7424717212984273
False,0.01,0.01,1.01,34.01,1.5259612781728078
True,0.01,1.01,0.01,41.01,0.87130721318376
True,0.01,0.01,2.01,42.01,0.6264900308077744
False,0.01,0.01,1.01,39.01,0.5846701854435372
True,0.01,1.01,0.01,43.01,0.5629968969512429
True,0.01,0.01,3.01,51.01,1.173633781886564
False,1.01,0.01,4.01,40.01,0.7959019767272143
False,1.01,0.01,2.01,30.009999999999998,0.7870271317431204
True,2.01,1.01,1.01,39.01,1.0578454120113447
False,1.01,1.01,1.01,48.01,1.8092482984021756
False,0.01,0.01,0.01,38.01,0.838690182879972
False,0.01,0.01,1.01,30.009999999999998,0.4354724470034139
True,0.01,0.01,3.01,31.009999999999998,0.7195430977236785
False,0.01,0.01,1.01,60.01,0.8780195033746853
True,0.01,0.01,2.01,45.01,1.114597771509536
True,0.01,0.01,1.01,41.01,0.6376954821578069
True,0.01,0.01,0.01,47.01,1.087568544803531
False,0.01,1.01,2.01,48.01,1.0449540260922088
False,0.01,1.01,1.01,30.009999999999998,0.9692540737601154
False,0.01,0.01,0.01,40.01,1.1360334784874457
False,0.01,1.01,0.01,43.01,0.47473095772713453
False,0.01,0.01,1.01,44.01,1.1115541756554606
False,0.01,0.01,0.01,43.01,0.585320894015751
False,0.01,0.01,0.01,40.01,0.7975919404728793
False,0.01,0.01,1.01,47.01,0.6759104276106749
True,0.01,1.01,0.01,35.01,1.5026635747181722
False,0.01,0.01,0.01,48.01,1.1445064889883743
False,0.01,0.01,0.01,50.01,0.5912815243231312
True,0.01,0.01,1.01,38.01,0.7805364844202594
False,2.01,1.01,1.01,40.01,0.8679425120502378
False,1.01,0.01,0.01,52.01,0.9684607767996682
True,1.01,1.01,0.01,43.01,0.7261687254459754
True,1.01,0.01,1.01,50.01,1.0405958745441144
True,0.01,0.01,0.01,40.01,1.3589756098929422
True,0.01,0.01,1.01,53.01,1.7632854666052538
False,0.01,1.01,0.01,40.01,1.691599793724942
False,0.01,0.01,4.01,37.01,1.0042199458911036
False,0.01,0.01,2.01,35.01,0.7075726077355293
True,1.01,1.01,1.01,43.01,0.8582009679289418
True,0.01,0.01,1.01,43.01,1.3760146486687763
True,3.01,0.01,2.01,36.01,1.2443941791781132
False,2.01,0.01,1.01,49.01,1.1188474378766733
False,0.01,0.01,3.01,48.01,1.337204403692786
False,0.01,1.01,0.01,40.01,1.1882871685535648
False,0.01,0.01,1.01,43.01,0.803441990269788
False,0.01,0.01,2.01,35.01,0.47133755631101076
False,0.01,0.01,0.01,51.01,2.4400198945777185
False,0.01,0.01,1.01,32.01,1.0430803219307525
True,0.01,0.01,1.01,36.01,1.2129162561681202
False,0.01,0.01,1.01,51.01,1.064314058480727
True,0.01,1.01,0.01,32.01,0.7481186267055832
False,0.01,0.01,0.01,37.01,1.6042634935624749
True,0.01,1.01,1.01,40.01,0.9664376969218371
False,0.01,0.01,0.01,41.01,1.527557871956412
True,0.01,1.01,0.01,42.01,0.9468318285431239
True,0.01,0.01,0.01,41.01,1.0395493955086226
False,0.01,0.01,0.01,37.01,0.7908490887359565
False,1.01,0.01,0.01,50.01,0.6584137940636314
True,1.01,0.01,1.01,33.01,1.1083540188804488
True,2.01,0.01,0.01,33.01,1.0220548588501879
False,1.01,0.01,0.01,33.01,1.1418951745426629
True,1.01,0.01,0.01,39.01,0.8404927327176311
True,0.01,0.01,2.01,39.01,1.175684947181373
False,2.01,0.01,0.01,48.01,0.6801618762803107
False,0.01,0.01,0.01,24.009999999999998,1.0743354595055494
False,0.01,0.01,1.01,38.01,0.7756857774773844
True,0.01,0.01,0.01,28.009999999999998,0.6322846603944312
True,0.01,0.01,1.01,44.01,0.7204990065029105
True,0.01,1.01,0.01,37.01,1.2962061920759655
False,0.01,2.01,0.01,44.01,0.7481684981684983
False,0.01,5.01,1.01,48.01,0.7311501401795254
True,1.01,0.01,2.01,42.01,1.3565856905023028
False,0.01,2.01,2.01,59.01,1.2163801694263638
False,1.01,4.01,0.01,36.01,1.124191302740262
False,1.01,1.01,2.01,41.01,1.3956101501985336
False,3.01,1.01,1.01,39.01,1.030936655936656
True,0.01,0.01,1.01,46.01,1.250377253939487
False,1.01,0.01,1.01,35.01,1.0965296573819117
True,0.01,1.01,2.01,38.01,1.3521938375778986
False,0.01,0.01,1.01,41.01,0.8767654659686325
False,0.01,1.01,0.01,52.01,1.2407096349109532
False,0.01,0.01,3.01,43.01,0.8479553912925899
False,0.01,0.01,1.01,45.01,0.7930861143026009
True,0.01,1.01,1.01,44.01,1.638686816499038
False,0.01,0.01,1.01,46.01,1.1773386090524143
False,1.01,0.01,0.01,31.009999999999998,0.7987887381206984
True,0.01,0.01,0.01,49.01,1.370441461852633
True,0.01,1.01,2.01,39.01,1.5643295395013974
False,0.01,0.01,0.01,38.01,0.7054406913647656
False,1.01,0.01,1.01,37.01,1.047855546346752
True,1.01,1.01,0.01,46.01,0.9378290049662685
False,0.01,0.01,1.01,47.01,0.9487455448621186
False,0.01,0.01,1.01,40.01,0.8077997662832036
False,1.01,1.01,1.01,43.01,1.2978685647094805
False,0.01,0.01,2.01,33.01,1.1623425101287583
False,0.01,1.01,1.01,25.009999999999998,1.4636669993945635
True,1.01,1.01,2.01,47.01,0.8872261102063982
True,0.01,0.01,2.01,47.01,1.7311934413939292
True,0.01,2.01,0.01,37.01,0.8965580236509668
True,1.01,1.01,0.01,36.01,1.6042899884673352
False,3.01,0.01,1.01,43.01,0.8411974716124494
False,0.01,0.01,1.01,57.01,1.2353620889208756
True,1.01,0.01,1.01,39.01,1.4809064085141084
True,0.01,1.01,2.01,40.01,0.671389131299162
False,1.01,1.01,3.01,40.01,0.9335348970652461
True,0.01,1.01,2.01,39.01,1.2006933744855453
False,3.01,0.01,2.01,36.01,1.1501706515642824
False,0.01,1.01,4.01,37.01,1.328542804255364
True,0.01,2.01,1.01,38.01,0.7418520586910374
False,0.01,0.01,0.01,37.01,0.7160405436883717
False,0.01,0.01,1.01,46.01,1.0085507019590598
False,0.01,0.01,1.01,36.01,1.240247412046928
False,0.01,0.01,0.01,42.01,1.2324360295392953
False,1.01,1.01,1.01,54.01,1.7695427233330705
False,0.01,0.01,0.01,40.01,0.3461478304380638
True,0.01,0.01,0.01,43.01,0.5484674110003058
True,1.01,0.01,0.01,48.01,1.3211129666479458
True,0.01,1.01,2.01,47.01,1.0523739036592366
False,0.01,0.01,1.01,41.01,0.8360114577874764
True,1.01,1.01,0.01,54.01,1.593066984197082
False,0.01,0.01,0.01,38.01,1.0780635823219678
False,0.01,0.01,1.01,51.01,1.008967562882101
False,0.01,0.01,1.01,28.009999999999998,0.9493580080101945
False,0.01,1.01,1.01,34.01,0.6032314063084363
True,0.01,0.01,0.01,38.01,0.9251059121556605
False,0.01,0.01,1.01,47.01,1.0423235357896674
False,1.01,1.01,0.01,38.01,0.5514301768357036
False,0.01,0.01,0.01,33.01,0.9729037199360937
False,2.01,0.01,1.01,39.01,1.3037856101222849
False,0.01,0.01,0.01,35.01,0.8181866786518408
True,1.01,0.01,1.01,48.01,0.7005826449579233
False,0.01,0.01,0.01,38.01,1.0605923677098381
True,1.01,0.01,1.01,43.01,0.7668369469483587
True,0.01,0.01,1.01,41.01,1.0619291797260657
False,2.01,0.01,0.01,60.01,0.3690834745969094
True,2.01,0.01,1.01,40.01,1.1296558441131412
False,0.01,0.01,2.01,34.01,0.69642392453425
False,1.01,1.01,2.01,37.01,0.9373610654715349
False,1.01,0.01,3.01,49.01,0.6121299454653958
False,0.01,0.01,2.01,26.009999999999998,0.5006795470032221
False,1.01,0.01,6.01,49.01,1.0860248982252616
False,2.01,1.01,3.01,36.01,0.630952503808541
True,0.01,0.01,1.01,37.01,0.8617540290169602
False,0.01,1.01,1.01,38.01,0.5920538046522924
True,1.01,0.01,0.01,40.01,0.7961113720874672
True,0.01,0.01,0.01,37.01,0.3683972653687696
False,0.01,0.01,0.01,45.01,0.44213303840840434
False,0.01,0.01,3.01,43.01,0.9294489012857492
True,0.01,1.01,0.01,35.01,1.2140949377770123
False,0.01,0.01,1.01,37.01,1.163809236327968
True,0.01,0.01,1.01,32.01,1.2626042929380992
False,0.01,0.01,0.01,44.01,1.1495882731754643
False,0.01,0.01,1.01,47.01,0.7524250527189624
True,0.01,0.01,0.01,39.01,0.820534797396958
False,0.01,0.01,0.01,48.01,0.922090751896475
True,0.01,0.01,0.01,33.01,1.248626459830709
False,0.01,0.01,2.01,41.01,0.834488937261797
False,0.01,0.01,1.01,35.01,0.575714085262559
True,1.01,1.01,1.01,37.01,0.9959249543986743
True,0.01,0.01,0.01,34.01,1.9845889065060773
True,0.01,0.01,1.01,43.01,0.975956295117859
False,0.01,1.01,0.01,40.01,1.3132170023876268
False,3.01,0.01,0.01,39.01,0.9933189620170162
False,1.01,0.01,0.01,25.009999999999998,1.2208225832138875
False,1.01,0.01,0.01,34.01,1.0118465169308095
False,2.01,1.01,0.01,39.01,0.9723941016798059
True,4.01,1.01,0.01,45.01,1.0112773944862772
False,2.01,1.01,0.01,28.009999999999998,1.470473715392952
False,1.01,0.01,0.01,46.01,0.9514915237751791
False,0.01,0.01,3.01,38.01,1.147666493397456
False,1.01,1.01,0.01,40.01,0.6173349904280125
True,2.01,2.01,3.01,32.01,1.3917625870553174
True,1.01,2.01,2.01,49.01,1.1624869067029986
True,5.01,2.01,0.01,38.01,1.3530803115136678
False,4.01,1.01,1.01,44.01,0.9298261658137386
True,0.01,0.01,1.01,40.01,0.5900583717552864
True,1.01,0.01,0.01,46.01,1.2225457143094742
False,0.01,0.01,0.01,48.01,0.6672384697083193
False,0.01,0.01,2.01,34.01,1.159902687202258
False,0.01,0.01,0.01,59.01,1.6362920353454287
False,1.01,0.01,1.01,37.01,1.1778626761948356
False,0.01,0.01,1.01,39.01,1.5339161096927443
True,1.01,0.01,0.01,38.01,0.6937309874348176
True,1.01,0.01,0.01,38.01,0.776617992312351
False,0.01,2.01,0.01,54.01,1.4634235107117184
True,1.01,0.01,2.01,30.009999999999998,1.3547476543626138
True,1.01,1.01,0.01,37.01,0.7836878657950015
False,0.01,0.01,0.01,28.009999999999998,1.0725422981966013
True,0.01,0.01,1.01,32.01,0.6965255060220736
True,0.01,0.01,2.01,41.01,1.095858584563225
False,0.01,2.01,0.01,36.01,1.1930985235762879
True,0.01,0.01,1.01,39.01,1.0687889962212094
False,0.01,0.01,0.01,37.01,1.3622484342277992
True,0.01,2.01,2.01,48.01,1.8180225439517927
False,1.01,1.01,0.01,50.01,0.5569208861551175
True,2.01,1.01,2.01,35.01,1.3146297290673912
False,1.01,0.01,1.01,43.01,1.3942829534666505
False,0.01,2.01,1.01,43.01,1.3150509152867131
False,0.01,0.01,3.01,35.01,0.9719760008709991
False,1.01,1.01,0.01,48.01,1.1717432513200248
False,1.01,2.01,1.01,40.01,1.257896606708065
False,1.01,2.01,2.01,38.01,0.7617041754541756
False,1.01,1.01,2.01,42.01,1.2610109934231808
False,3.01,4.01,1.01,37.01,1.1432308005631433
True,5.01,2.01,0.01,43.01,0.8180238718794409
False,3.01,1.01,1.01,34.01,1.0625865489323736
False,5.01,1.01,1.01,35.01,1.0987934487467084
False,3.01,3.01,2.01,42.01,1.217977322318692
False,0.01,0.01,2.01,38.01,0.6950834250290772
True,0.01,0.01,0.01,39.01,0.4811982983676943
True,0.01,0.01,1.01,31.009999999999998,1.2915656544583105
False,0.01,1.01,0.01,43.01,1.1313698792155353
False,2.01,0.01,0.01,40.01,0.9659040554590607
False,0.01,0.01,1.01,46.01,1.228169891813001
True,0.01,0.01,1.01,39.01,0.7668154111157253
False,0.01,0.01,2.01,45.01,0.9191612671502175
False,0.01,0.01,1.01,39.01,0.8660307848163804
False,0.01,0.01,0.01,48.01,0.7469692400279349
False,1.01,1.01,0.01,35.01,0.6847294340107097
True,0.01,0.01,0.01,35.01,1.017821588686277
True,0.01,0.01,1.01,40.01,0.7050350656233009
True,0.01,0.01,1.01,49.01,1.5973572850043436
False,0.01,1.01,1.01,45.01,0.7660202492303261
False,1.01,0.01,2.01,39.01,0.9540659546947705
True,1.01,1.01,2.01,48.01,0.926439262655808
False,2.01,0.01,0.01,39.01,0.7807731636030236
False,1.01,0.01,1.01,32.01,0.8342769897894242
False,1.01,2.01,1.01,30.009999999999998,0.5702457400637571
False,0.01,0.01,0.01,47.01,0.8318549074107012
False,0.01,2.01,1.01,35.01,1.2918138663815097
False,2.01,0.01,0.01,43.01,1.1832402451286959
True,0.01,1.01,0.01,36.01,0.7207003969530609
False,1.01,0.01,2.01,50.01,0.8007303258323971
True,0.01,3.01,1.01,43.01,1.3210605006816483
False,0.01,0.01,1.01,45.01,1.6828651686517897
True,2.01,1.01,2.01,39.01,1.6650298499823666
False,1.01,0.01,1.01,32.01,1.3432059244762087
True,3.01,2.01,1.01,54.01,0.9724050206808825
True,3.01,1.01,1.01,43.01,1.2052861886983266
True,1.01,5.01,0.01,30.009999999999998,1.8170514668993691
False,2.01,1.01,3.01,39.01,0.8103218807796273
True,0.01,0.01,1.01,46.01,0.9901550604694396
True,1.01,0.01,0.01,48.01,0.7680545124553723
True,0.01,0.01,1.01,35.01,0.4369487964192082
False,0.01,0.01,1.01,40.01,0.8819844712017868
False,0.01,2.01,0.01,43.01,0.9205367320471773
False,1.01,0.01,0.01,40.01,0.8326895587437079
False,0.01,0.01,0.01,48.01,1.0885686939130268
False,0.01,0.01,1.01,27.009999999999998,0.8804736768871495
False,0.01,0.01,1.01,39.01,0.4481764290713261
False,0.01,0.01,0.01,53.01,0.6775469684724695
True,1.01,0.01,1.01,44.01,0.9975388972437289
False,1.01,0.01,1.01,36.01,1.2490227153265325
True,1.01,0.01,1.01,40.01,1.0165536407019753
False,1.01,0.01,1.01,33.01,0.9568956069973561
True,1.01,0.01,1.01,37.01,0.5552482605945603
False,0.01,0.01,0.01,49.01,0.6232554711595847
False,0.01,0.01,0.01,34.01,0.7705437490989784
True,0.01,1.01,0.01,41.01,0.6970465629296849
True,1.01,0.01,1.01,49.01,1.3128986031162533
True,1.01,1.01,1.01,52.01,0.7245578822049411
False,1.01,0.01,2.01,47.01,0.5649404509734605
False,1.01,0.01,0.01,34.01,0.762853603551278
False,3.01,1.01,1.01,44.01,1.3871427354997325
False,1.01,1.01,1.01,31.009999999999998,1.1121110122521771
True,0.01,3.01,0.01,34.01,0.9342820700415307
True,1.01,2.01,1.01,40.01,0.9048426479358683
False,2.01,2.01,2.01,42.01,1.013608876035548
False,3.01,1.01,1.01,48.01,0.7293911771125088
False,0.01,4.01,1.01,52.01,1.6289188987280787
True,0.01,2.01,2.01,50.01,0.7310222897709023
False,2.01,2.01,0.01,34.01,0.6458175425142308
False,0.01,10.01,2.01,35.01,0.766169824085898
False,6.01,1.01,2.01,48.01,1.2747333121835642
False,0.01,0.01,0.01,40.01,0.7363406519985469
False,0.01,1.01,0.01,40.01,0.5523722740759947
False,0.01,0.01,0.01,36.01,0.9126505212159128
False,0.01,0.01,0.01,36.01,0.7158042744249165
True,1.01,0.01,0.01,42.01,0.9584113308641341
True,1.01,0.01,0.01,43.01,1.075564902577098
True,0.01,0.01,0.01,37.01,0.7502918972934124
True,1.01,1.01,0.01,41.01,0.5992532962327872
True,0.01,0.01,0.01,35.01,1.1750849329162982
False,1.01,0.01,0.01,49.01,1.2011317183544061
False,0.01,0.01,1.01,31.009999999999998,0.6802968213513254
True,1.01,0.01,0.01,39.01,0.6772124890018986
False,0.01,0.01,1.01,30.009999999999998,0.8581465298653732
False,0.01,0.01,1.01,41.01,1.182676583692597
False,0.01,1.01,0.01,49.01,0.7517867201612664
False,0.01,0.01,0.01,34.01,1.3819839905388078
False,0.01,1.01,0.01,38.01,1.4279859157075796
False,0.01,2.01,0.01,44.01,0.7013165176228381
False,1.01,0.01,2.01,39.01,1.1746551502134934
True,1.01,3.01,1.01,45.01,0.8442160346554028
True,0.01,0.01,1.01,34.01,0.5517066724712901
False,1.01,0.01,0.01,45.01,1.1095842936059448
True,2.01,1.01,1.01,37.01,1.3708020907959548
True,0.01,1.01,0.01,40.01,0.8272707294973036
False,2.01,0.01,2.01,40.01,0.9053197176879871
False,0.01,1.01,0.01,38.01,1.2815861834304973
True,0.01,1.01,1.01,36.01,1.163967505941507
True,1.01,0.01,0.01,48.01,1.082831608766667
False,0.01,1.01,2.01,46.01,1.5975129767790504
False,1.01,3.01,0.01,41.01,1.3739940906140518
True,1.01,4.01,2.01,34.01,1.121321294310291
False,1.01,2.01,3.01,42.01,1.4979723876599975
False,2.01,4.01,2.01,38.01,1.186743748829363
False,0.01,0.01,0.01,46.01,0.6215882604299081
False,0.01,0.01,2.01,41.01,1.0855682862202658
True,1.01,0.01,1.01,37.01,1.8059405385865341
True,0.01,0.01,1.01,41.01,0.6739498903656498
True,0.01,1.01,2.01,47.01,0.9445958389999968
False,1.01,1.01,0.01,40.01,0.7722010353376828
True,0.01,2.01,1.01,48.01,0.7505239873331353
False,0.01,0.01,1.01,35.01,1.1375737201238356
True,0.01,0.01,1.01,41.01,1.4036237451445972
True,0.01,0.01,0.01,40.01,0.7109880304276156
False,1.01,0.01,0.01,49.01,0.852706537739358
True,0.01,0.01,2.01,42.01,0.8835741138689751
True,0.01,0.01,0.01,35.01,0.87587069468
True,0.01,0.01,0.01,41.01,0.9984021043179606
False,0.01,1.01,2.01,53.01,0.8114915631639875
False,2.01,1.01,0.01,36.01,1.2768914443905894
True,0.01,1.01,1.01,44.01,1.4749856178849272
False,1.01,0.01,0.01,34.01,1.1902650120700329
False,0.01,0.01,0.01,32.01,1.119104432396702
False,1.01,0.01,0.01,40.01,1.2713084099617777
False,0.01,1.01,2.01,31.009999999999998,1.4040089721072313
False,0.01,0.01,1.01,46.01,1.2513288668100588
False,1.01,0.01,0.01,30.009999999999998,1.1510528321230091
False,1.01,1.01,1.01,38.01,0.7939007386123496
False,0.01,0.01,0.01,32.01,1.1642331825590218
False,0.01,1.01,0.01,34.01,0.8697706937950624
False,2.01,1.01,0.01,37.01,0.6391060270617661
True,0.01,1.01,0.01,52.01,0.7103889546327059
False,2.01,0.01,0.01,61.01,1.2576845382387845
False,1.01,1.01,1.01,40.01,1.1733412134606862
True,1.01,2.01,0.01,36.01,0.8113335533072376
False,0.01,4.01,4.01,42.01,1.0442256310686433
False,5.01,7.01,0.01,39.01,0.8938770492240924
False,0.01,0.01,0.01,40.01,0.9795552191492841
False,1.01,0.01,0.01,38.01,1.0087955035177343
False,0.01,0.01,0.01,31.009999999999998,0.6266158204275316
False,0.01,0.01,0.01,38.01,0.770875339196499
True,1.01,0.01,1.01,37.01,1.0991754303044623
False,0.01,0.01,0.01,52.01,0.6804401099366775
True,0.01,1.01,1.01,46.01,1.133634661221887
False,0.01,0.01,2.01,37.01,0.39156595748667355
False,1.01,1.01,1.01,46.01,0.7595373016351947
False,0.01,0.01,1.01,38.01,0.7940875651024686
True,0.01,1.01,6.01,41.01,0.44585952479788094
True,0.01,0.01,2.01,35.01,1.0668516810340627
False,0.01,2.01,0.01,34.01,0.6981351536843527
False,1.01,0.01,1.01,35.01,1.229064771049238
False,0.01,0.01,1.01,42.01,1.020187581445076
True,1.01,0.01,2.01,31.009999999999998,0.8780158229009124
True,0.01,1.01,0.01,25.009999999999998,0.8576783042170908
True,0.01,0.01,1.01,43.01,0.9841623627759154
False,1.01,1.01,0.01,38.01,1.3513128210211052
False,1.01,1.01,2.01,40.01,1.3893119571381312
False,1.01,0.01,0.01,49.01,0.934180059389929
True,0.01,0.01,1.01,32.01,1.790617803872059
True,1.01,1.01,0.01,46.01,0.8329687215637545
False,1.01,1.01,0.01,34.01,0.9061607295730567
False,2.01,1.01,0.01,36.01,0.8799378933226484
False,1.01,1.01,0.01,26.009999999999998,1.2330761833629902
False,2.01,0.01,1.01,37.01,1.1132600013413305
False,1.01,1.01,1.01,41.01,1.363658598345422
True,1.01,2.01,2.01,36.01,1.2107719300250257
False,1.01,0.01,1.01,37.01,0.5840157685737971
True,3.01,3.01,1.01,42.01,1.33541559656482
True,3.01,5.01,1.01,29.009999999999998,1.1281281277731805
False,1.01,1.01,3.01,37.01,0.8489057651736307
True,0.01,0.01,0.01,46.01,1.4540856133643203
False,0.01,2.01,0.01,39.01,1.3102994604720328
False,1.01,1.01,1.01,30.009999999999998,0.8100217446564998
False,0.01,1.01,1.01,40.01,0.7832235949339322
False,0.01,0.01,0.01,46.01,0.9422088836387705
False,1.01,0.01,1.01,45.01,0.939150146931736
False,0.01,1.01,0.01,39.01,0.9993698038260108
True,0.01,0.01,1.01,37.01,1.1735728744211429
False,1.01,0.01,0.01,34.01,0.881504186680119
True,1.01,0.01,0.01,42.01,0.6614796896472985
True,0.01,0.01,0.01,39.01,0.726037417912418
False,0.01,0.01,0.01,41.01,1.1640739792397385
True,2.01,2.01,1.01,46.01,1.3576111749006412
False,0.01,0.01,0.01,49.01,0.8625969850819217
False,0.01,0.01,0.01,36.01,0.5908388070505862
True,2.01,1.01,0.01,39.01,1.2018275671696348
False,2.01,1.01,3.01,38.01,0.747647256528374
False,2.01,0.01,0.01,42.01,0.48968373466606246
False,0.01,1.01,0.01,41.01,1.3189945125697404
True,5.01,0.01,1.01,39.01,0.3505157276093976
False,0.01,1.01,1.01,54.01,0.8213573514573204
False,0.01,2.01,0.01,40.01,1.0864916663637598
False,2.01,2.01,1.01,45.01,0.45927413209698253
True,3.01,1.01,1.01,37.01,1.1525383131265488
False,0.01,0.01,1.01,39.01,0.6641409783069375
False,0.01,1.01,2.01,51.01,1.0297711303796497
False,2.01,1.01,0.01,43.01,1.1436780519525265
True,2.01,3.01,3.01,44.01,0.7429525477782242
True,1.01,3.01,3.01,40.01,1.7267608359003508
False,4.01,3.01,2.01,40.01,1.15472549519698
True,0.01,5.01,2.01,43.01,1.1740538483232983
False,6.01,10.01,2.01,46.01,1.1661636367979689
False,7.01,11.01,1.01,46.01,0.8154281086101574
True,1.01,0.01,3.01,33.01,0.686510673261367
True,1.01,0.01,2.01,37.01,1.0525703753907625
False,2.01,0.01,1.01,40.01,0.9435657967555747
False,0.01,0.01,0.01,24.009999999999998,0.8427438963617868
True,0.01,0.01,3.01,31.009999999999998,1.129107103549703
True,4.01,0.01,1.01,26.009999999999998,0.668400590527993
True,1.01,1.01,1.01,42.01,0.799907113441573
False,0.01,0.01,1.01,49.01,1.1443926927206773
False,2.01,1.01,1.01,34.01,0.2951665164109973
False,0.01,0.01,2.01,37.01,2.021137176419139
False,0.01,0.01,2.01,32.01,1.042464405579353
False,0.01,0.01,1.01,37.01,0.9679184616577858
False,0.01,0.01,0.01,34.01,0.872136732750237
False,2.01,1.01,1.01,35.01,1.145336302905568
False,1.01,2.01,1.01,43.01,0.5679936137696731
True,1.01,2.01,1.01,46.01,0.8413299471959499
False,0.01,1.01,1.01,29.009999999999998,0.82076135753517
False,1.01,0.01,1.01,40.01,0.7945376502907874
True,0.01,0.01,1.01,49.01,1.0450212118259645
False,1.01,0.01,1.01,37.01,0.963904356820316
True,1.01,2.01,1.01,35.01,1.0984324804070769
False,1.01,0.01,2.01,42.01,0.838106187109881
True,1.01,2.01,1.01,48.01,0.5939616633369416
False,0.01,1.01,1.01,34.01,1.7218380626506136
False,0.01,1.01,4.01,52.01,1.2137404284731064
True,1.01,0.01,0.01,43.01,0.609637108398867
True,4.01,2.01,1.01,43.01,0.8948839805523849
False,3.01,2.01,3.01,44.01,1.0225854446772935
False,7.01,2.01,1.01,42.01,0.709251284619947
False,1.01,1.01,0.01,37.01,1.4979704348744598
False,2.01,5.01,1.01,43.01,0.730599317024436
True,2.01,2.01,1.01,39.01,0.724422764390495
True,6.01,1.01,1.01,57.01,1.1073290030220322
True,0.01,0.01,0.01,46.01,0.7952117914623265
True,1.01,1.01,0.01,42.01,0.6771745931227355
False,0.01,1.01,0.01,44.01,1.0192275257476173
True,4.01,3.01,0.01,39.01,1.3225207936941379
False,0.01,0.01,0.01,36.01,0.9033630776974431
False,0.01,0.01,0.01,41.01,1.1021767774708953
True,2.01,1.01,2.01,38.01,0.7784566298728499
False,0.01,0.01,1.01,29.009999999999998,0.8590778190157106
False,0.01,0.01,1.01,35.01,0.8734971881989804
False,1.01,2.01,0.01,42.01,0.7317392904544607
False,1.01,0.01,0.01,38.01,1.2693548039300415
False,0.01,0.01,2.01,54.01,0.789004818767945
True,0.01,1.01,1.01,37.01,1.3152485920343775
True,1.01,1.01,4.01,54.01,1.0327673828616717
False,0.01,1.01,0.01,37.01,0.48472396456916583
True,0.01,1.01,0.01,38.01,0.9038566985879808
True,0.01,1.01,2.01,40.01,1.1133847537758452
False,1.01,1.01,1.01,35.01,1.4069512706756486
False,1.01,0.01,1.01,48.01,0.9409196224046915
True,1.01,1.01,1.01,31.009999999999998,0.8867069857778156
False,2.01,1.01,1.01,34.01,1.6294087080551198
False,3.01,1.01,0.01,51.01,0.6897236490879902
False,0.01,3.01,2.01,36.01,0.7949414098317782
False,3.01,2.01,3.01,42.01,0.7936952812579441
True,0.01,1.01,0.01,38.01,1.0173292177171487
True,3.01,1.01,1.01,38.01,1.4206476205370464
False,2.01,1.01,2.01,30.009999999999998,0.8747058596168233
True,3.01,7.01,3.01,38.01,0.7913317862230906
False,2.01,2.01,1.01,51.01,1.064497421699434
False,1.01,1.01,2.01,46.01,1.2301665445039505
True,4.01,1.01,3.01,37.01,0.9600777630622878
False,6.01,3.01,0.01,48.01,0.6171906766975064
False,6.01,5.01,2.01,29.009999999999998,0.7336248095729518
True,1.01,0.01,0.01,46.01,0.7866179711710275
False,0.01,0.01,1.01,32.01,0.6416196362865887
True,0.01,0.01,1.01,41.01,1.415238647794195
False,0.01,0.01,0.01,42.01,1.0051836347031362
False,2.01,0.01,1.01,35.01,1.1781693454315367
True,1.01,0.01,1.01,37.01,0.7025211557418869
True,0.01,1.01,1.01,27.009999999999998,0.5136787672903825
False,1.01,2.01,3.01,34.01,1.5477936719935221
False,2.01,0.01,0.01,46.01,0.9282925365616146
False,3.01,0.01,3.01,41.01,1.009385265957056
True,1.01,0.01,1.01,54.01,1.7734534149085996
False,0.01,0.01,1.01,49.01,0.9514980134413464
False,3.01,2.01,0.01,48.01,0.7331528404564813
False,0.01,0.01,1.01,35.01,1.2611907428234417
True,2.01,0.01,1.01,43.01,1.2622294187924326
True,1.01,3.01,1.01,35.01,1.0093918152195354
True,2.01,2.01,0.01,37.01,0.8591479783180758
True,1.01,0.01,2.01,33.01,1.7425456239884805
True,2.01,1.01,1.01,51.01,0.7466778809662139
False,0.01,7.01,1.01,39.01,0.482055109922757
False,1.01,1.01,2.01,36.01,0.7610080039827519
False,4.01,5.01,2.01,46.01,0.823202856019857
True,1.01,5.01,2.01,22.009999999999998,1.2289353172392075
False,0.01,5.01,1.01,47.01,0.9201341720690318
False,2.01,3.01,1.01,44.01,1.5969807304447245
False,6.01,6.01,0.01,35.01,1.3878493709278483
False,0.01,1.01,1.01,33.01,1.6049806421805888
False,3.01,1.01,0.01,36.01,1.3871256707506587
False,1.01,2.01,4.01,43.01,0.9813381706615236
False,1.01,3.01,0.01,31.009999999999998,1.2547991839742312
True,4.01,2.01,3.01,41.01,1.0141394153350676
False,7.01,5.01,1.01,43.01,1.6375311712722331
False,0.01,0.01,2.01,41.01,0.6746128671001937
False,0.01,0.01,0.01,40.01,0.8623783166331253
True,0.01,0.01,0.01,50.01,1.501565868227681
False,0.01,0.01,0.01,39.01,1.0290258187579617
False,0.01,1.01,0.01,40.01,0.7080604484617936
True,2.01,1.01,0.01,37.01,1.5604824480723913
True,1.01,0.01,1.01,43.01,0.7879371839334695
True,0.01,1.01,2.01,35.01,1.0386463921357043
False,1.01,0.01,0.01,40.01,1.1635836509670183
True,0.01,0.01,2.01,36.01,0.5454831055318953
False,0.01,0.01,0.01,42.01,1.259890145364145
False,0.01,0.01,0.01,39.01,0.8847549649207246
False,0.01,0.01,0.01,42.01,0.8156586251060911
False,1.01,0.01,2.01,34.01,1.6354255698615119
False,1.01,0.01,0.01,44.01,1.2693907087862788
True,0.01,0.01,1.01,38.01,0.9698337632798434
True,1.01,1.01,1.01,45.01,1.4888568799963924
False,0.01,0.01,2.01,39.01,0.8524538605089019
True,0.01,1.01,3.01,44.01,0.9171391474854472
False,0.01,3.01,2.01,37.01,1.0354073219181925
False,0.01,1.01,0.01,49.01,0.7290137062078668
True,0.01,3.01,3.01,50.01,1.0077604851222781
False,0.01,0.01,2.01,39.01,1.1860114177554386
False,1.01,1.01,2.01,50.01,1.2851250791691966
False,1.01,3.01,1.01,31.009999999999998,1.2772263275005908
True,0.01,2.01,0.01,33.01,0.46811023161070103
False,1.01,0.01,2.01,44.01,0.5677249510113082
False,1.01,1.01,3.01,36.01,1.4234805128651877
False,2.01,1.01,1.01,41.01,1.1015358155568657
True,2.01,0.01,1.01,48.01,1.1101165828650301
True,0.01,1.01,2.01,34.01,1.0662255506598295
False,1.01,4.01,4.01,47.01,0.8678142536403906
False,1.01,2.01,0.01,34.01,1.117656274948781
False,0.01,0.01,1.01,39.01,1.563592387028766
False,0.01,0.01,0.01,36.01,0.6077500896382945
True,1.01,0.01,1.01,31.009999999999998,1.2443188614657286
False,2.01,0.01,0.01,35.01,0.8234730990225092
False,0.01,0.01,1.01,34.01,0.4246479568747855
False,1.01,0.01,2.01,41.01,0.503168169274742
False,0.01,0.01,0.01,33.01,1.2832180315433441
False,0.01,0.01,1.01,37.01,0.7632972017559297
True,0.01,0.01,0.01,47.01,0.9853984896237324
True,0.01,0.01,0.01,42.01,0.9564683365550435
False,1.01,0.01,1.01,33.01,0.9499258073039824
True,0.01,1.01,3.01,45.01,1.379460779965475
True,0.01,0.01,0.01,39.01,1.1561888787362056
True,0.01,0.01,0.01,48.01,1.4523154313104556
False,2.01,0.01,0.01,45.01,0.9958299951897265
False,3.01,0.01,1.01,44.01,0.916914929182731
False,0.01,0.01,0.01,44.01,0.6946183437562746
False,0.01,1.01,0.01,53.01,0.9975431269510218
True,0.01,1.01,0.01,35.01,1.013974514658139
False,0.01,0.01,2.01,37.01,0.8362123170946701
True,1.01,0.01,0.01,42.01,0.7996879449759939
True,1.01,1.01,0.01,45.01,0.6606672832214581
True,1.01,0.01,2.01,36.01,1.7040991611101732
False,3.01,0.01,0.01,47.01,0.9780211148587157
True,3.01,3.01,1.01,46.01,1.4971059134645897
True,2.01,4.01,0.01,49.01,1.1006632679615762
False,2.01,1.01,1.01,42.01,1.2605590134469444
True,2.01,1.01,2.01,42.01,1.012310274150482
False,1.01,1.01,2.01,50.01,1.4257887362542125
False,0.01,0.01,1.01,47.01,1.4109485789825056
False,1.01,4.01,0.01,37.01,1.0029220703463548
False,0.01,2.01,1.01,38.01,1.2467696595274798
True,4.01,2.01,4.01,40.01,1.3275353067973468
False,0.01,0.01,0.01,38.01,0.874712316193865
False,0.01,0.01,0.01,38.01,1.024391590103915
False,0.01,1.01,0.01,33.01,0.8164526715402314
True,0.01,0.01,2.01,41.01,0.962961717141894
False,0.01,0.01,1.01,34.01,1.2044774188301681
True,0.01,0.01,0.01,31.009999999999998,1.410427624371868
False,0.01,0.01,1.01,39.01,0.8645964854788383
False,0.01,0.01,0.01,35.01,0.6507214154830788
False,0.01,0.01,1.01,35.01,0.7041867090362224
False,0.01,0.01,0.01,44.01,0.7792259407859553
False,1.01,0.01,1.01,44.01,1.607299006692601
False,0.01,0.01,1.01,39.01,1.4044190424202203
True,0.01,1.01,0.01,36.01,1.5213912652652906
True,0.01,0.01,2.01,62.01,1.0827256868948258
False,2.01,0.01,1.01,35.01,0.9308619072216135
True,0.01,0.01,1.01,44.01,1.1512344401394448
True,0.01,0.01,1.01,38.01,0.926186150429029
True,0.01,0.01,0.01,34.01,1.1850953784777314
True,0.01,1.01,1.01,35.01,1.162900179581405
False,0.01,1.01,1.01,42.01,1.2451895923059604
False,0.01,0.01,1.01,37.01,1.504042358178815
False,0.01,1.01,1.01,28.009999999999998,1.1516071439398359
False,0.01,0.01,2.01,48.01,1.1252386325866768
False,0.01,0.01,1.01,34.01,0.861030765438016
True,0.01,0.01,0.01,30.009999999999998,1.5825461226777016
False,1.01,0.01,0.01,42.01,1.0497270397782608
False,2.01,0.01,1.01,41.01,1.4541105206348897
False,1.01,0.01,2.01,42.01,1.404092046116952
False,1.01,1.01,0.01,40.01,1.8760310838756171
True,0.01,4.01,0.01,41.01,1.23249238547691
True,1.01,0.01,2.01,51.01,0.95995222208765
False,4.01,3.01,2.01,41.01,1.3574473903325783
False,4.01,2.01,0.01,29.009999999999998,1.211173456173456
False,0.01,0.01,0.01,40.01,1.0306241271100272
True,1.01,0.01,1.01,30.009999999999998,0.7863814517587341
False,0.01,0.01,0.01,43.01,0.645750817709956
True,0.01,0.01,1.01,35.01,0.8227382053805238
False,0.01,0.01,1.01,45.01,1.021000520363848
True,0.01,0.01,0.01,34.01,1.4863602872155932
False,1.01,0.01,2.01,32.01,1.5405174846611602
False,0.01,0.01,0.01,50.01,1.2719840146541044
True,0.01,0.01,1.01,46.01,0.9550934883150071
True,1.01,0.01,0.01,38.01,0.6460404006680134
True,0.01,0.01,1.01,35.01,1.5967699444722885
True,1.01,0.01,0.01,32.01,1.7261847506450958
False,0.01,0.01,1.01,27.009999999999998,1.3005601344686346
True,0.01,1.01,0.01,38.01,1.287128295404992
False,0.01,1.01,0.01,44.01,0.9565825244818971
False,0.01,1.01,1.01,29.009999999999998,1.107679870084269
True,1.01,0.01,0.01,46.01,1.2560275217775383
True,0.01,0.01,2.01,47.01,0.5577854722895859
True,0.01,1.01,2.01,42.01,0.8334769903557979
True,0.01,0.01,4.01,30.009999999999998,0.7814451503139525
False,0.01,2.01,1.01,29.009999999999998,1.1522932151811462
False,0.01,0.01,2.01,31.009999999999998,1.135047812589868
False,1.01,0.01,0.01,46.01,1.2164539438076543
False,1.01,0.01,1.01,40.01,0.6597511243235115
False,1.01,0.01,1.01,34.01,1.2358663933593967
False,1.01,0.01,2.01,34.01,1.3143635774932132
False,0.01,10.01,0.01,28.009999999999998,1.0733989126628236
False,0.01,0.01,0.01,35.01,1.2095655527168132
False,1.01,0.01,1.01,46.01,1.1907759341255983
False,2.01,0.01,1.01,31.009999999999998,1.0089135463045638
False,1.01,0.01,4.01,38.01,1.117203836651511
True,1.01,2.01,3.01,35.01,1.1622310538329637
False,1.01,0.01,0.01,44.01,1.4331844697293328
True,0.01,0.01,1.01,33.01,1.6526325801323078
False,0.01,1.01,1.01,45.01,1.0115977611825409
True,1.01,0.01,1.01,42.01,0.7673021728833411
True,1.01,0.01,0.01,42.01,1.835066818426964
True,0.01,0.01,1.01,42.01,1.5743475876212452
False,0.01,0.01,1.01,37.01,0.7851478651860353
True,1.01,0.01,0.01,42.01,1.1986899524628327
False,0.01,0.01,0.01,39.01,0.9874446844403316
False,0.01,0.01,3.01,32.01,1.2506973501293988
False,0.01,0.01,0.01,32.01,0.7444853565534915
False,0.01,0.01,0.01,39.01,0.6286435535020484
False,1.01,0.01,0.01,33.01,1.0276300317652196
False,0.01,0.01,0.01,44.01,0.6757650690826065
True,0.01,0.01,2.01,38.01,0.9415270824730344
False,1.01,1.01,0.01,39.01,0.8790319196015313
False,0.01,0.01,2.01,35.01,0.8811597571432839
False,1.01,1.01,0.01,40.01,0.6720250325745318
False,0.01,0.01,0.01,47.01,1.1002904772880628
True,0.01,1.01,0.01,40.01,1.1584654656192337
False,1.01,1.01,1.01,40.01,1.1079272531054152
False,0.01,0.01,1.01,49.01,0.7167286131246084
True,0.01,1.01,0.01,27.009999999999998,1.373042130134489
False,2.01,0.01,1.01,36.01,0.9472449375047876
True,1.01,0.01,1.01,38.01,1.0217696340385416
True,2.01,1.01,0.01,34.01,1.1310762876252862
False,2.01,2.01,2.01,35.01,0.34394926514688984
True,1.01,3.01,1.01,48.01,1.5368267014726409
True,4.01,0.01,0.01,29.009999999999998,0.899600718413728
False,3.01,3.01,0.01,29.009999999999998,0.8583152913453087
False,0.01,0.01,1.01,38.01,1.2120666964927096
False,1.01,3.01,5.01,47.01,0.8926044673494301
False,1.01,1.01,3.01,32.01,1.5261752128285022
True,3.01,10.01,1.01,37.01,0.801385371451161
False,0.01,0.01,3.01,38.01,0.7068494698707647
True,0.01,0.01,1.01,34.01,1.2764914914365895
False,0.01,0.01,0.01,33.01,0.9479699219672473
False,0.01,0.01,0.01,51.01,0.5825913580401485
False,0.01,0.01,0.01,46.01,0.7016517118794705
False,0.01,1.01,0.01,38.01,0.7402625348724577
False,0.01,0.01,1.01,46.01,1.5061052393587013
False,0.01,0.01,1.01,41.01,0.8353886102825089
False,1.01,0.01,1.01,28.009999999999998,0.5267033882326236
True,0.01,1.01,3.01,46.01,0.7425873477119966
False,0.01,0.01,0.01,47.01,1.0707865001806938
True,1.01,0.01,1.01,35.01,0.6396827723855469
False,0.01,0.01,0.01,31.009999999999998,1.0524018272469653
False,2.01,0.01,0.01,46.01,0.9946980862297387
False,1.01,0.01,2.01,42.01,0.7847978217981424
True,0.01,0.01,0.01,28.009999999999998,1.4708366030931694
False,0.01,0.01,0.01,43.01,1.1397034521818394
True,0.01,1.01,0.01,40.01,1.1215796662487838
False,0.01,0.01,1.01,36.01,1.1023499052537407
True,1.01,0.01,2.01,41.01,0.9133924229658691
True,0.01,1.01,1.01,29.009999999999998,0.982366823537242
False,0.01,2.01,0.01,43.01,0.5646999815343469
True,0.01,0.01,2.01,36.01,0.710152446611152
False,1.01,0.01,1.01,47.01,0.6028403536242282
True,1.01,2.01,0.01,38.01,0.889671644066104
False,0.01,0.01,0.01,47.01,0.8511497554224171
False,0.01,2.01,1.01,39.01,1.1821896313632365
True,0.01,0.01,0.01,45.01,1.1826958932894285
False,1.01,2.01,2.01,37.01,1.1678690679794925
True,1.01,1.01,3.01,37.01,1.3838393368310866
True,1.01,3.01,0.01,48.01,1.1359601917690152
False,1.01,5.01,4.01,30.009999999999998,1.238775018867332
False,1.01,3.01,4.01,43.01,1.2136925176513278
True,0.01,0.01,1.01,34.01,0.9184747522846476
False,0.01,0.01,1.01,31.009999999999998,0.6917562724663494
False,0.01,0.01,1.01,30.009999999999998,0.7326167344069053
False,1.01,0.01,2.01,34.01,0.8518399766986187
True,0.01,0.01,1.01,34.01,1.58094926867832
False,0.01,0.01,1.01,45.01,0.44483540285926015
True,0.01,0.01,1.01,36.01,0.6052246930185383
False,0.01,0.01,0.01,42.01,0.5700773415001453
True,0.01,0.01,1.01,34.01,1.1378636442672987
False,0.01,0.01,1.01,42.01,1.6033305177113228
False,1.01,0.01,0.01,42.01,0.8092566165367423
False,0.01,0.01,2.01,27.009999999999998,0.702147499262215
False,1.01,0.01,1.01,35.01,1.1609363324168902
True,0.01,0.01,3.01,49.01,1.3592324605295125
False,0.01,0.01,1.01,35.01,1.0506768302743135
False,0.01,0.01,1.01,35.01,1.4586767167251524
False,0.01,0.01,1.01,30.009999999999998,0.738467498557442
False,1.01,0.01,0.01,34.01,1.0540543311254413
True,0.01,1.01,1.01,39.01,1.0323775535322721
True,0.01,0.01,0.01,36.01,1.0326137802123407
False,1.01,0.01,0.01,38.01,0.4427167409665975
True,0.01,1.01,0.01,37.01,1.0573726066367708
True,1.01,4.01,0.01,25.009999999999998,1.0229702942860839
False,0.01,3.01,0.01,41.01,0.6325468923051392
True,0.01,1.01,1.01,39.01,0.9606324026674811
False,0.01,2.01,0.01,40.01,0.6441213924938034
True,0.01,0.01,2.01,42.01,1.055007808101069
False,0.01,0.01,0.01,37.01,1.0350090861613308
True,0.01,0.01,1.01,24.009999999999998,1.318146651287924
False,0.01,0.01,2.01,44.01,1.5252330828027363
True,2.01,1.01,2.01,45.01,1.9785225606882288
False,0.01,0.01,1.01,44.01,0.7957177148427972
False,1.01,0.01,2.01,49.01,1.0028918368408244
False,0.01,0.01,0.01,47.01,0.8595115601099375
True,0.01,1.01,0.01,39.01,1.151988191833393
False,0.01,2.01,0.01,38.01,1.4102977418462679
False,0.01,0.01,1.01,48.01,0.9467063833231031
True,0.01,0.01,0.01,44.01,0.8310870695333702
False,0.01,0.01,0.01,41.01,0.5879441941112343
False,0.01,1.01,0.01,42.01,0.7654254294989873
False,0.01,1.01,2.01,42.01,1.029818416525011
True,0.01,0.01,0.01,35.01,0.9992100544394729
True,0.01,0.01,0.01,40.01,0.8154510707255657
True,0.01,0.01,0.01,37.01,0.866406888605031
True,0.01,0.01,0.01,35.01,1.4936293135102496
True,0.01,0.01,1.01,36.01,1.1957277356572817
True,0.01,0.01,0.01,38.01,0.46701567290904156
False,0.01,0.01,0.01,43.01,0.41041965302082695
False,0.01,0.01,1.01,39.01,0.8314399506272052
True,0.01,0.01,1.01,51.01,0.7868443917653205
True,0.01,0.01,2.01,36.01,1.4939722461959013
False,0.01,1.01,1.01,37.01,1.0405325421704732
True,0.01,0.01,0.01,30.009999999999998,1.0752324522822005
False,1.01,1.01,1.01,37.01,0.7175010389428083
False,3.01,1.01,0.01,25.009999999999998,0.5264623208125875
False,1.01,2.01,1.01,36.01,1.1487530860894886
True,1.01,0.01,1.01,37.01,1.1208209190237273
False,0.01,0.01,0.01,43.01,1.1058428791344934
True,1.01,3.01,1.01,43.01,1.3125269393069567
False,1.01,0.01,2.01,42.01,1.0972698095111657
False,0.01,2.01,0.01,33.01,1.456856974085155
False,0.01,1.01,3.01,41.01,1.0702051859880255
False,0.01,1.01,2.01,44.01,1.0901548485628916
True,1.01,1.01,0.01,34.01,1.1457955080610005
False,0.01,1.01,4.01,33.01,1.0773271554153907
False,0.01,2.01,2.01,36.01,1.1903766565720801
True,0.01,0.01,0.01,31.009999999999998,0.7167703038068417
False,0.01,0.01,1.01,37.01,0.6116133162514741
True,2.01,0.01,0.01,41.01,1.2230624160754124
False,0.01,0.01,0.01,42.01,1.142740727409845
True,0.01,0.01,0.01,29.009999999999998,1.2655368703729966
True,0.01,0.01,1.01,35.01,1.0224869856586731
False,0.01,0.01,0.01,41.01,0.709427093960281
True,0.01,0.01,1.01,42.01,1.185260558504552
True,1.01,0.01,3.01,30.009999999999998,0.8746679203048957
False,0.01,0.01,0.01,41.01,1.009371559271214
True,0.01,0.01,1.01,29.009999999999998,1.473000502905626
False,0.01,0.01,0.01,37.01,0.6686170484570897
True,0.01,0.01,1.01,47.01,0.5755672763375437
True,1.01,1.01,0.01,42.01,0.8678034209423662
False,0.01,0.01,0.01,43.01,1.1934097132732513
False,0.01,0.01,0.01,27.009999999999998,0.6588050857568087
True,0.01,1.01,0.01,47.01,1.0507368261620569
False,1.01,0.01,0.01,47.01,0.7453406632885425
False,1.01,2.01,2.01,32.01,1.0215050567521355
False,0.01,1.01,0.01,39.01,0.5167623789495089
False,1.01,0.01,3.01,49.01,1.0636717242245999
True,2.01,1.01,1.01,32.01,0.9442802366879516
True,1.01,0.01,1.01,34.01,0.45451901255585325
False,1.01,0.01,0.01,35.01,0.8265221954336833
True,2.01,2.01,0.01,39.01,0.4788889091153193
True,1.01,1.01,2.01,46.01,1.1994343443173832
False,0.01,0.01,4.01,40.01,0.35372381431204963
False,1.01,1.01,3.01,46.01,1.2516004576126603
False,1.01,0.01,1.01,31.009999999999998,0.7063204719041175
True,3.01,4.01,0.01,32.01,1.0479183621425967
True,5.01,2.01,2.01,40.01,0.8611352858836129
False,3.01,3.01,2.01,39.01,1.0490446533444215
True,1.01,1.01,1.01,47.01,1.194809275400182
False,0.01,0.01,0.01,38.01,0.9773528521256093
False,0.01,1.01,0.01,41.01,0.6493012652733784
True,0.01,0.01,0.01,29.009999999999998,0.7394880305996457
True,0.01,0.01,0.01,49.01,1.3720126128275962
False,0.01,0.01,1.01,33.01,0.8353154736434584
True,0.01,0.01,1.01,33.01,1.2869170325552202
True,0.01,0.01,2.01,33.01,0.9504475582503534
False,0.01,0.01,0.01,46.01,1.3017226759595406
False,1.01,1.01,1.01,32.01,0.9041276720028754
False,0.01,0.01,0.01,37.01,0.6804559062193701
False,0.01,0.01,0.01,48.01,1.0179951795106426
False,0.01,0.01,0.01,36.01,0.9915787563150291
True,0.01,0.01,1.01,44.01,1.061901317769339
True,0.01,1.01,1.01,42.01,1.1064035730674204
False,0.01,0.01,0.01,50.01,1.1216599820127935
True,2.01,0.01,0.01,40.01,0.7425084337118691
False,0.01,0.01,0.01,35.01,1.3349004574662466
False,0.01,2.01,1.01,33.01,1.1550108506879269
True,0.01,0.01,0.01,36.01,0.6510988291785296
False,0.01,1.01,0.01,33.01,0.6381058034029232
True,0.01,0.01,1.01,39.01,0.9995198694123585
True,0.01,0.01,1.01,34.01,1.1291010706217368
False,2.01,0.01,2.01,54.01,1.246501031103203
False,0.01,2.01,1.01,41.01,0.6491611635515367
False,3.01,1.01,3.01,46.01,0.9017197385947386
False,1.01,1.01,0.01,38.01,1.4776378292832826
True,1.01,4.01,0.01,39.01,0.792632786479622
False,1.01,2.01,2.01,60.01,1.2252189074234026
True,0.01,1.01,1.01,44.01,1.078032121127116
False,1.01,1.01,0.01,37.01,0.6100142610767446
False,4.01,0.01,0.01,35.01,0.7682188583571685
False,2.01,5.01,2.01,45.01,0.8836824040475073
True,1.01,4.01,0.01,32.01,0.9039808364819517
False,0.01,0.01,1.01,55.01,1.290037428448239
False,0.01,1.01,0.01,43.01,0.7146499537673929
False,0.01,0.01,4.01,48.01,0.8312468348108679
True,0.01,0.01,0.01,60.01,0.7985675787878047
False,0.01,0.01,0.01,39.01,1.0562619815362981
False,0.01,1.01,1.01,48.01,0.5545340101852706
True,0.01,1.01,1.01,35.01,1.0661347733193083
False,0.01,0.01,2.01,46.01,0.9455779218201819
True,0.01,1.01,0.01,42.01,1.0679580935918491
False,0.01,0.01,2.01,45.01,1.0326310529672904
False,0.01,0.01,0.01,33.01,0.8388899942181355
True,0.01,1.01,0.01,34.01,1.2062319953660563
False,0.01,0.01,2.01,37.01,1.1221000265186456
True,1.01,0.01,0.01,35.01,0.9328616216433121
False,0.01,0.01,2.01,38.01,1.125741359689293
False,0.01,0.01,0.01,50.01,0.88109495926987
False,1.01,1.01,0.01,54.01,0.828466442473573
True,2.01,1.01,1.01,40.01,1.1818235932394123
True,0.01,0.01,1.01,43.01,0.8033089122442525
False,2.01,0.01,1.01,48.01,1.6555205983382877
True,2.01,0.01,0.01,37.01,1.1605930769659154
False,2.01,1.01,5.01,48.01,1.2793229346903927
True,3.01,0.01,1.01,48.01,0.8781340780092404
False,1.01,2.01,1.01,42.01,1.0452068191145705
True,2.01,1.01,1.01,40.01,1.047903045542196
True,0.01,0.01,2.01,43.01,1.4768648263848014
False,3.01,1.01,1.01,46.01,0.5033724407637451
False,1.01,1.01,4.01,45.01,1.1419506133261363
False,0.01,2.01,3.01,49.01,0.9669494925594175
False,0.01,1.01,2.01,54.01,1.5604104852207317
False,3.01,1.01,0.01,51.01,0.9265156083464224
True,2.01,6.01,0.01,54.01,0.7834619811619005
False,3.01,2.01,1.01,35.01,0.8891206683177546
False,0.01,0.01,2.01,43.01,0.9001700224850571
True,0.01,0.01,0.01,41.01,1.1797389635820483
False,0.01,0.01,0.01,51.01,0.9940837915457021
False,1.01,0.01,0.01,43.01,1.2360960582807348
False,0.01,0.01,2.01,45.01,0.9891880049413968
True,1.01,0.01,0.01,35.01,1.5107702279153554
False,0.01,0.01,0.01,38.01,0.9762892759231759
False,0.01,0.01,1.01,45.01,1.3943158662788229
True,0.01,0.01,0.01,29.009999999999998,1.0241635188295897
False,0.01,0.01,0.01,51.01,1.565730604924371
True,1.01,1.01,1.01,34.01,0.7834455558500258
True,0.01,1.01,1.01,38.01,0.871346182687163
False,1.01,0.01,0.01,36.01,1.0289736076135745
False,0.01,1.01,2.01,26.009999999999998,0.6125664663001966
False,0.01,0.01,0.01,53.01,0.7814960193613236
False,0.01,0.01,1.01,55.01,0.7701983792655278
True,0.01,1.01,0.01,31.009999999999998,0.8771258154985099
False,0.01,0.01,2.01,54.01,0.5387694973740295
True,0.01,1.01,0.01,40.01,1.096986181245405
True,1.01,1.01,0.01,36.01,0.8715401130005852
False,1.01,0.01,0.01,40.01,1.2818647268514287
False,0.01,2.01,1.01,34.01,1.040266567255566
True,1.01,0.01,1.01,47.01,1.084317463019627
False,0.01,0.01,1.01,41.01,0.6097710813613375
False,0.01,1.01,0.01,40.01,0.6819451502870447
False,2.01,1.01,1.01,49.01,1.0073561639812054
False,1.01,0.01,3.01,46.01,0.6791915899995241
True,0.01,0.01,2.01,45.01,1.1575742448479367
True,2.01,0.01,1.01,42.01,0.695157587517167
False,1.01,3.01,3.01,32.01,0.5911499367628766
False,0.01,3.01,0.01,30.009999999999998,0.8806028730830271
True,1.01,3.01,2.01,34.01,0.6932159058867751
False,2.01,1.01,2.01,46.01,1.1938907600762931
True,0.01,0.01,2.01,32.01,0.9061851959838964
False,0.01,1.01,0.01,42.01,0.8008928571428571
False,1.01,0.01,1.01,49.01,1.5013662299385104
False,0.01,1.01,1.01,38.01,1.398995375892552
False,1.01,0.01,1.01,41.01,1.0175058804588866
False,0.01,2.01,0.01,43.01,1.2476901532006788
True,0.01,2.01,2.01,42.01,1.312278321725842
True,0.01,0.01,0.01,34.01,1.2582663093574515
True,0.01,0.01,2.01,41.01,1.0266727296085314
False,0.01,1.01,1.01,44.01,0.864415114761344
True,1.01,6.01,0.01,29.009999999999998,0.6692657141278839
False,2.01,2.01,1.01,41.01,1.230772059627952
False,0.01,0.01,2.01,46.01,0.8060861585343605
False,1.01,3.01,2.01,38.01,1.3682212005429908
False,2.01,2.01,0.01,44.01,1.270098919660368
False,1.01,0.01,0.01,32.01,1.0100288032705131
True,1.01,0.01,1.01,41.01,1.6512140446163195
False,0.01,0.01,1.01,34.01,0.5757573907573907
True,2.01,1.01,0.01,45.01,1.9253140432783147
True,2.01,1.01,3.01,37.01,1.0000911260314478
True,0.01,1.01,2.01,33.01,0.772397225058311
False,1.01,1.01,0.01,49.01,0.7123499518927929
False,1.01,2.01,0.01,48.01,0.8703282921192055
False,3.01,0.01,1.01,36.01,1.3987739882247785
False,4.01,1.01,0.01,44.01,1.2642477887079693
False,1.01,2.01,2.01,39.01,1.146261313690426
True,1.01,2.01,2.01,39.01,1.0208438257393
False,1.01,2.01,0.01,28.009999999999998,0.6394081206150171
False,5.01,5.01,2.01,41.01,0.7995564273793098
False,2.01,4.01,2.01,38.01,1.5476234065523515
False,9.01,5.01,1.01,38.01,2.0661411130688974
False,7.01,7.01,2.01,40.01,1.462609199301719
True,0.01,0.01,0.01,57.01,0.7788521271521475
False,1.01,0.01,4.01,44.01,0.7470780781082332
True,0.01,3.01,2.01,35.01,1.033601274162355
False,1.01,0.01,0.01,47.01,0.7873315334053874
True,0.01,1.01,1.01,35.01,1.296539489576852
False,1.01,0.01,0.01,44.01,1.08759158481768
True,1.01,1.01,1.01,43.01,1.3039959665712877
False,0.01,0.01,2.01,51.01,0.83459649695958
False,2.01,1.01,0.01,45.01,0.835677480613542
True,2.01,1.01,1.01,48.01,1.0144721172169537
False,1.01,1.01,0.01,36.01,1.293852603732079
True,0.01,1.01,0.01,48.01,1.0839849065903795
False,1.01,0.01,0.01,49.01,0.9154275393696174
False,1.01,0.01,1.01,37.01,1.025554733075017
True,1.01,0.01,1.01,30.009999999999998,1.3591274219689813
True,1.01,0.01,1.01,39.01,0.6205450933913931
False,3.01,4.01,1.01,53.01,0.8552164306476431
False,1.01,2.01,1.01,42.01,1.0314235126390288
True,0.01,5.01,1.01,53.01,0.754092673413154
True,1.01,4.01,1.01,46.01,0.8952246958201026
False,2.01,3.01,0.01,44.01,1.2320075656287623
False,1.01,1.01,2.01,37.01,0.893117558992705
True,2.01,1.01,0.01,39.01,1.2174762092536904
False,2.01,1.01,2.01,48.01,0.9467195820390655
False,3.01,2.01,1.01,28.009999999999998,0.7254705485574532
True,5.01,1.01,2.01,43.01,0.6969930266307856
True,4.01,4.01,0.01,46.01,0.9454224082714592
False,1.01,3.01,0.01,39.01,1.0562793094963312
False,3.01,7.01,3.01,39.01,1.5167267486831484
False,3.01,3.01,2.01,42.01,1.161243153495196
False,6.01,4.01,1.01,24.009999999999998,0.8682037005950048
False,5.01,10.01,7.01,37.01,1.1197905964005035
False,0.01,1.01,1.01,36.01,1.4994805322938012
False,2.01,0.01,3.01,39.01,1.2353186386864032
False,0.01,0.01,3.01,44.01,0.6104301738953322
False,0.01,2.01,4.01,41.01,0.9706435125327362
True,0.01,1.01,0.01,43.01,1.6581359045193071
False,2.01,0.01,2.01,42.01,0.8547953977509435
False,2.01,2.01,1.01,47.01,1.4214429945507832
True,1.01,0.01,3.01,46.01,0.9298078097359641
True,0.01,2.01,1.01,55.01,0.4808023699012071
True,0.01,4.01,5.01,60.01,1.682989946915245
False,2.01,2.01,4.01,55.01,1.1267567779496752
True,0.01,2.01,2.01,40.01,0.717890691482959
False,2.01,2.01,2.01,46.01,1.3949230043265037
False,1.01,0.01,2.01,51.01,0.9605181540997482
True,3.01,0.01,2.01,46.01,0.8918103242922519
False,3.01,2.01,2.01,50.01,0.709628530251612
True,2.01,3.01,1.01,40.01,0.5180148853724278
True,1.01,3.01,6.01,50.01,0.8978757807790988
True,3.01,3.01,2.01,43.01,0.6980585149257115
False,1.01,1.01,2.01,44.01,1.6209474663662324
False,5.01,3.01,3.01,40.01,0.9645870812791465
True,4.01,5.01,0.01,38.01,1.272227718550575
False,1.01,2.01,2.01,43.01,0.6455126956026389
False,2.01,2.01,1.01,42.01,0.811514160947044
False,3.01,2.01,1.01,46.01,0.7775780596783466
True,5.01,5.01,2.01,42.01,0.580149362139189
False,4.01,3.01,2.01,31.009999999999998,1.215087960846896
False,1.01,2.01,2.01,41.01,0.7667620187381856
False,6.01,7.01,1.01,47.01,0.5542102808135537
False,2.01,4.01,1.01,46.01,1.6779628385131526
True,4.01,2.01,0.01,40.01,0.8983855567631489
False,5.01,1.01,0.01,38.01,1.2119746899367354
True,1.01,0.01,0.01,34.01,0.756890022881815
False,0.01,0.01,1.01,44.01,0.7819046916235245
False,0.01,0.01,0.01,48.01,0.9397421263520336
True,0.01,0.01,0.01,35.01,1.3455023998338935
True,0.01,0.01,0.01,35.01,1.129274552811374
True,0.01,0.01,1.01,31.009999999999998,1.1409505348736426
False,1.01,0.01,0.01,33.01,1.468699664353164
True,0.01,0.01,0.01,37.01,0.8246172309676615
False,0.01,1.01,1.01,36.01,0.7215688105662998
False,0.01,0.01,1.01,40.01,1.7725323196843041
False,0.01,1.01,0.01,29.009999999999998,0.7211946522794452
True,0.01,0.01,0.01,52.01,0.6741769784553101
False,1.01,0.01,0.01,47.01,0.9416171833113037
False,0.01,2.01,0.01,43.01,0.7765295422493187
False,1.01,1.01,0.01,38.01,1.1227950237303892
False,0.01,0.01,0.01,34.01,0.3992670136705131
False,0.01,2.01,0.01,52.01,0.9834353619566435
False,1.01,0.01,1.01,31.009999999999998,0.9178611505013592
True,0.01,0.01,0.01,53.01,0.7690461578020091
False,0.01,1.01,1.01,36.01,1.1429479755137648
False,0.01,0.01,2.01,48.01,1.0120781624607185
True,1.01,0.01,2.01,34.01,1.4229468855107623
True,0.01,1.01,2.01,43.01,0.85925770147331
False,0.01,1.01,0.01,36.01,0.8294140794483675
False,0.01,1.01,1.01,38.01,0.9119043819310939
True,0.01,0.01,1.01,39.01,1.0897641468055983
False,1.01,0.01,1.01,43.01,1.4160600539844084
False,0.01,1.01,1.01,41.01,1.0826259620930119
True,0.01,0.01,2.01,33.01,0.7180291857429894
True,1.01,3.01,0.01,38.01,1.161941700160597
False,2.01,1.01,0.01,41.01,1.5499858316057724
False,1.01,1.01,3.01,52.01,1.0373573699002887
False,3.01,1.01,2.01,43.01,1.1814790926644452
False,0.01,0.01,1.01,41.01,1.7315442295752141
False,0.01,0.01,0.01,39.01,1.105136200866729
False,1.01,0.01,1.01,30.009999999999998,1.1966242466010661
False,0.01,0.01,1.01,31.009999999999998,0.84212598441794
True,1.01,0.01,0.01,51.01,1.0494150091769205
True,0.01,0.01,1.01,34.01,0.754006499369072
False,0.01,1.01,1.01,42.01,1.464498169049935
False,0.01,0.01,1.01,55.01,1.2169294813060285
True,0.01,0.01,2.01,31.009999999999998,0.9495554525937148
True,0.01,0.01,1.01,34.01,1.0256490002568823
False,0.01,0.01,1.01,37.01,0.7713685738897962
False,0.01,0.01,1.01,42.01,0.6602851822973774
True,0.01,1.01,0.01,36.01,0.6470874533355906
True,0.01,1.01,0.01,45.01,0.9589825235229001
False,0.01,1.01,0.01,47.01,0.6098445569305276
True,0.01,0.01,1.01,35.01,1.586600675365782
False,0.01,0.01,0.01,34.01,0.8296551243425516
True,2.01,0.01,0.01,46.01,0.8166967725226102
False,0.01,0.01,0.01,42.01,1.0772260258252047
False,0.01,0.01,0.01,36.01,1.3754562077742452
True,1.01,0.01,0.01,38.01,0.9695810210611828
True,0.01,0.01,2.01,46.01,1.0547255242388613
False,2.01,0.01,2.01,37.01,1.8010139961261762
True,0.01,0.01,2.01,45.01,0.6554336743186338
False,0.01,1.01,0.01,36.01,0.5136199876677405
False,1.01,0.01,3.01,37.01,1.2668965192094255
False,1.01,1.01,0.01,40.01,1.1391826760810433
True,3.01,0.01,2.01,32.01,0.6415605401139023
False,1.01,2.01,2.01,43.01,1.0344383071266632
False,1.01,3.01,3.01,37.01,0.8896680044918618
True,1.01,3.01,2.01,44.01,1.3036187476497918
False,1.01,1.01,1.01,35.01,1.3766430056871235
False,1.01,0.01,3.01,47.01,1.639914358148837
True,0.01,0.01,1.01,42.01,0.7501815460403017
False,0.01,0.01,1.01,35.01,0.9606121383438834
False,0.01,0.01,0.01,49.01,1.5810422058688025
False,0.01,1.01,0.01,34.01,0.8486552788867012
False,0.01,0.01,1.01,40.01,0.740287143144286
False,0.01,0.01,1.01,43.01,1.4417453843644248
True,1.01,0.01,0.01,27.009999999999998,0.8830557822939995
True,0.01,1.01,1.01,45.01,0.7346564945388921
False,0.01,0.01,0.01,38.01,0.8165632673604809
False,1.01,0.01,0.01,32.01,1.2203543848622511
False,0.01,0.01,0.01,41.01,1.0926107715728954
False,0.01,0.01,1.01,40.01,0.6043462224920265
False,0.01,0.01,2.01,28.009999999999998,1.0751864081198912
True,0.01,1.01,1.01,40.01,1.2893908491114465
False,1.01,0.01,0.01,42.01,1.1860495014022658
False,0.01,0.01,0.01,47.01,0.9328243574251842
True,1.01,1.01,1.01,35.01,0.7331539987789988
False,1.01,0.01,2.01,28.009999999999998,0.9688742349659989
False,1.01,1.01,0.01,44.01,0.9530417107127586
True,0.01,0.01,1.01,37.01,1.0544088476250824
False,0.01,0.01,0.01,50.01,1.0472857732805676
False,0.01,1.01,1.01,36.01,1.164074053517544
True,1.01,0.01,0.01,43.01,1.4970793418595025
True,1.01,0.01,1.01,30.009999999999998,1.2796444048753715
False,2.01,1.01,2.01,37.01,1.0877105790535724
True,1.01,1.01,2.01,45.01,0.6944828425320635
True,2.01,1.01,0.01,35.01,1.230227689882093
True,1.01,0.01,2.01,41.01,0.7399207589677681
True,0.01,3.01,2.01,30.009999999999998,1.710629993038373
True,2.01,4.01,2.01,41.01,0.9704851926755438
False,0.01,4.01,4.01,30.009999999999998,1.0973189352880928
False,1.01,4.01,1.01,38.01,1.6000510156915595
True,3.01,0.01,4.01,40.01,0.7292619348814158
True,0.01,0.01,2.01,41.01,1.19507926712574
False,0.01,0.01,0.01,38.01,0.6361703547101244
True,0.01,0.01,0.01,39.01,0.9874488667219485
False,2.01,0.01,1.01,41.01,0.9371208868789516
False,0.01,0.01,1.01,59.01,0.8003752873385686
False,0.01,0.01,0.01,32.01,1.3748781533433114
False,1.01,0.01,1.01,42.01,1.0297050064035862
True,0.01,0.01,0.01,35.01,0.9084933588460883
True,0.01,0.01,1.01,42.01,0.4321405004842586
False,0.01,0.01,0.01,33.01,0.7908253082294439
False,0.01,0.01,3.01,35.01,0.8940887757318283
False,0.01,0.01,0.01,32.01,1.24708848913241
False,0.01,0.01,0.01,46.01,1.3868324374148093
False,0.01,0.01,1.01,36.01,1.2088704706811113
True,0.01,0.01,0.01,42.01,0.6623278585186327
True,1.01,0.01,0.01,35.01,1.1800883242763995
False,0.01,0.01,1.01,50.01,1.4073166289206451
False,0.01,0.01,0.01,38.01,0.9981716946976402
True,0.01,1.01,0.01,43.01,0.9137750003042355
False,0.01,0.01,0.01,36.01,0.7852152611384545
True,0.01,0.01,0.01,44.01,1.0381756589071944
True,1.01,1.01,0.01,40.01,0.3925822397853672
False,1.01,0.01,2.01,43.01,1.23082416543806
False,1.01,1.01,2.01,51.01,0.9268697017833117
True,0.01,2.01,0.01,39.01,0.9660398443943148
False,1.01,1.01,1.01,39.01,1.1616732481849854
False,2.01,2.01,0.01,40.01,1.5685435719925884
False,0.01,0.01,1.01,46.01,1.2863756786952996
True,1.01,0.01,1.01,35.01,0.8430334160056958
False,0.01,4.01,3.01,47.01,1.0147532729657711
False,2.01,0.01,0.01,31.009999999999998,1.092408580572171
False,4.01,2.01,1.01,37.01,1.3988526470142233
False,0.01,3.01,3.01,48.01,1.4234966618726461
False,0.01,0.01,2.01,31.009999999999998,0.8996500243876324
False,0.01,0.01,1.01,33.01,0.6290375258183462
False,0.01,0.01,1.01,57.01,1.602687112228589
False,1.01,0.01,0.01,34.01,1.105734021465256
False,0.01,0.01,0.01,32.01,1.3880471751646457
False,0.01,0.01,1.01,36.01,0.8437663319305688
False,0.01,0.01,1.01,31.009999999999998,0.6146884920036348
True,2.01,0.01,0.01,44.01,1.015935047005031
True,0.01,0.01,1.01,32.01,1.2104257317193954
True,0.01,0.01,2.01,39.01,0.5656961113540061
False,0.01,1.01,0.01,46.01,0.8100524995306103
False,0.01,0.01,0.01,34.01,1.7701579507707734
True,0.01,0.01,0.01,43.01,1.3232628870192085
False,0.01,0.01,2.01,38.01,1.014673376281948
False,0.01,0.01,0.01,36.01,1.097139387439721
True,0.01,0.01,1.01,44.01,1.7426111076207826
True,2.01,0.01,0.01,32.01,0.7068824185163386
False,1.01,1.01,4.01,45.01,0.9235675359889695
False,0.01,0.01,0.01,45.01,0.9383814139674629
False,0.01,3.01,1.01,41.01,1.109993787456182
True,2.01,1.01,2.01,42.01,1.0516400964300676
True,2.01,1.01,1.01,40.01,1.5140190114842578
True,0.01,0.01,1.01,42.01,1.163392891140997
False,1.01,0.01,1.01,35.01,0.8800650461620569
True,0.01,2.01,1.01,46.01,1.4307267722560075
False,0.01,0.01,0.01,31.009999999999998,0.6510017455758601
False,1.01,1.01,3.01,36.01,0.9023161516011414
True,3.01,1.01,1.01,52.01,1.448256670444315
True,2.01,0.01,1.01,39.01,0.9679129720923308
False,1.01,2.01,1.01,37.01,1.5017259285212574
True,0.01,1.01,3.01,44.01,1.321917923638413
True,2.01,1.01,1.01,42.01,0.934226733759213
True,3.01,1.01,0.01,43.01,1.22858242696478
False,0.01,0.01,1.01,39.01,0.9643732739491134
False,0.01,0.01,0.01,34.01,1.173382073182478
False,1.01,0.01,0.01,31.009999999999998,0.9057864401257905
False,0.01,0.01,1.01,36.01,0.6913007429809198
False,0.01,1.01,0.01,32.01,0.8079917978639002
False,0.01,0.01,0.01,38.01,1.3084041531136728
False,0.01,0.01,0.01,32.01,1.113444230311211
False,0.01,0.01,0.01,42.01,0.8835776516257521
True,0.01,0.01,0.01,32.01,1.102357297956975
True,0.01,0.01,0.01,40.01,1.288735608864408
True,0.01,0.01,0.01,30.009999999999998,0.8183890715153851
False,0.01,0.01,0.01,35.01,0.757116635953292
True,0.01,0.01,0.01,31.009999999999998,0.8328759746062577
False,1.01,1.01,2.01,35.01,0.8768612153132275
True,0.01,0.01,0.01,41.01,0.814005049005049
False,0.01,0.01,1.01,48.01,0.6722861579730268
True,0.01,0.01,0.01,32.01,1.2929880062386019
False,0.01,1.01,1.01,49.01,0.7062122929624104
False,1.01,0.01,0.01,28.009999999999998,0.8745799977188349
False,1.01,0.01,0.01,33.01,0.8181189210108584
True,1.01,1.01,2.01,28.009999999999998,1.4348469041035075
False,0.01,2.01,2.01,35.01,1.0546691906171648
True,1.01,2.01,2.01,51.01,0.9980011706587858
True,0.01,1.01,1.01,42.01,1.199722743519934
True,1.01,0.01,1.01,42.01,0.8638732689204596
False,0.01,3.01,0.01,48.01,0.8145441190877851
False,0.01,5.01,2.01,27.009999999999998,0.6757672215089248
False,0.01,0.01,0.01,42.01,0.7595808222627921
False,1.01,1.01,1.01,45.01,0.6470865383326684
True,2.01,5.01,1.01,35.01,1.1677852085836824
True,3.01,2.01,1.01,41.01,1.499304634794382
False,1.01,2.01,3.01,48.01,2.071896468914946
True,5.01,4.01,2.01,37.01,0.8030997456761843
True,0.01,1.01,0.01,45.01,0.6751438437613446
False,0.01,0.01,0.01,35.01,1.1353405986324743
True,0.01,0.01,1.01,30.009999999999998,1.469392260917445
False,0.01,0.01,0.01,49.01,0.9372808856433245
True,1.01,1.01,0.01,42.01,1.2090491056693058
False,1.01,0.01,0.01,38.01,0.8909933506246047
False,0.01,0.01,0.01,46.01,0.8888899204905322
True,0.01,0.01,0.01,52.01,0.8860526313989535
False,0.01,1.01,0.01,41.01,0.8412721572667032
False,0.01,0.01,0.01,42.01,1.812617082093784
False,0.01,0.01,1.01,34.01,0.8301110612575897
True,0.01,2.01,1.01,34.01,0.865483168952013
False,0.01,0.01,0.01,45.01,1.2143924157032313
False,1.01,1.01,1.01,38.01,0.8719627654172605
False,0.01,0.01,0.01,51.01,1.0737419251432831
False,0.01,0.01,2.01,50.01,0.9721782040761889
False,2.01,0.01,1.01,35.01,1.6420992172294089
True,0.01,0.01,2.01,48.01,0.9046233593964977
True,2.01,0.01,0.01,45.01,0.8019820545503267
True,0.01,0.01,0.01,64.00999999999999,0.5367395469924627
True,0.01,0.01,0.01,39.01,0.5647810253317003
False,1.01,1.01,1.01,34.01,0.590160003527477
False,1.01,5.01,1.01,39.01,0.8482967657824483
False,2.01,1.01,2.01,50.01,0.7454513812118747
True,0.01,1.01,0.01,35.01,1.8164282640884277
True,1.01,1.01,1.01,43.01,0.547655196355656
True,2.01,5.01,0.01,51.01,1.3770499061079629
True,2.01,1.01,1.01,32.01,1.4563278066547523
False,1.01,0.01,1.01,36.01,0.8853546489109615
False,1.01,2.01,2.01,38.01,1.2638885631195793
False,1.01,3.01,2.01,54.01,1.2926904495877467
True,1.01,3.01,2.01,32.01,1.0003492521207806
False,3.01,1.01,2.01,37.01,0.8555966101753588
False,0.01,0.01,2.01,42.01,0.48413654635599246
False,0.01,1.01,0.01,36.01,0.6314330948173102
True,1.01,0.01,1.01,47.01,1.0741993467756743
False,0.01,0.01,1.01,43.01,1.2365440742429104
True,0.01,0.01,0.01,30.009999999999998,1.2116682728620276
False,0.01,0.01,1.01,41.01,1.2937696428500995
False,1.01,0.01,4.01,28.009999999999998,1.2897135946105942
True,0.01,0.01,1.01,51.01,0.9960731566421226
True,0.01,0.01,0.01,37.01,0.4272549111604328
True,0.01,0.01,2.01,47.01,0.7474447003486806
False,0.01,0.01,0.01,45.01,0.6418499665761329
False,0.01,1.01,2.01,50.01,0.6297506158244698
False,1.01,0.01,0.01,36.01,1.2553764581474067
False,0.01,0.01,0.01,34.01,0.847088112283034
False,0.01,0.01,0.01,35.01,1.055631267784775
False,1.01,0.01,3.01,40.01,0.792734625914509
True,1.01,0.01,1.01,39.01,0.9337570624474568
True,2.01,1.01,0.01,36.01,1.2255719174815451
False,0.01,0.01,2.01,43.01,0.6922271860324714
True,1.01,0.01,0.01,39.01,0.9329436047387366
True,0.01,0.01,0.01,44.01,0.7035467523114449
False,0.01,0.01,3.01,38.01,1.3334429113022932
False,0.01,1.01,0.01,41.01,1.0210101316428646
False,0.01,0.01,0.01,30.009999999999998,0.9105584966696619
False,0.01,0.01,0.01,45.01,0.6834674866620374
True,1.01,1.01,4.01,42.01,1.3495636553069537
True,0.01,0.01,1.01,29.009999999999998,1.414844615928207
False,0.01,0.01,0.01,34.01,0.8473257222864191
False,0.01,0.01,0.01,35.01,0.8854875704056777
True,0.01,0.01,2.01,36.01,0.5965273033371659
True,3.01,1.01,0.01,36.01,1.180762129820934
True,0.01,0.01,2.01,37.01,1.559909597473751
False,4.01,3.01,1.01,36.01,1.2840678177171987
False,0.01,0.01,0.01,34.01,1.6740749814276028
False,0.01,1.01,1.01,34.01,0.7460414920091331
True,0.01,0.01,1.01,44.01,1.8707497524588002
False,0.01,0.01,1.01,46.01,0.5964183087287966
False,0.01,0.01,0.01,45.01,0.9284089470883294
False,0.01,0.01,1.01,36.01,1.0934061477592139
False,0.01,0.01,0.01,45.01,1.030495132188749
False,0.01,0.01,0.01,35.01,0.7460289230064011
False,1.01,0.01,1.01,49.01,1.5569331043582655
False,0.01,0.01,1.01,49.01,1.055989759322964
False,1.01,1.01,2.01,35.01,0.8054249527485497
False,0.01,1.01,0.01,42.01,0.8709011241072354
False,0.01,0.01,0.01,48.01,0.8997458815955587
False,0.01,0.01,0.01,47.01,1.274529614263837
False,0.01,0.01,1.01,34.01,0.9664383411031273
True,0.01,0.01,0.01,41.01,1.345358858575156
False,0.01,1.01,0.01,49.01,0.8031540037190192
False,0.01,0.01,1.01,47.01,0.8346335685531725
False,0.01,0.01,0.01,36.01,0.8166610991539418
False,1.01,0.01,0.01,38.01,0.834213641791297
True,0.01,1.01,2.01,40.01,1.3646180519622366
True,0.01,0.01,0.01,29.009999999999998,1.0392893391511724
False,1.01,0.01,1.01,45.01,0.5391660712545155
False,1.01,0.01,2.01,32.01,0.449589040373786
True,2.01,1.01,3.01,41.01,0.7003958925575304
True,0.01,1.01,1.01,47.01,1.0526990187903933
False,1.01,1.01,1.01,35.01,1.0586074771337437
True,0.01,0.01,0.01,35.01,0.5533550679212302
True,0.01,0.01,1.01,33.01,0.9171691694133739
True,1.01,4.01,3.01,29.009999999999998,1.1223723458782446
False,2.01,1.01,0.01,34.01,0.6771118050426319
True,1.01,0.01,1.01,35.01,1.2626912252406093
False,1.01,1.01,2.01,45.01,1.0677917953070348
False,0.01,0.01,0.01,35.01,1.621523889566968
True,2.01,0.01,2.01,44.01,0.8256148267796876
True,1.01,0.01,0.01,39.01,0.5514423266316589
True,0.01,0.01,0.01,40.01,1.1047502398284081
False,0.01,0.01,1.01,38.01,0.8559580119770251
False,1.01,0.01,0.01,45.01,1.2571163530985485
False,0.01,0.01,2.01,38.01,0.7619356688346406
True,0.01,0.01,1.01,31.009999999999998,1.4645322720664322
True,0.01,0.01,0.01,44.01,1.6767462616798137
False,0.01,1.01,2.01,42.01,0.40673641078052836
False,1.01,0.01,0.01,36.01,0.6810071340252566
True,0.01,1.01,0.01,44.01,0.8790688098213272
True,0.01,1.01,1.01,39.01,1.291966947871679
False,0.01,0.01,1.01,45.01,0.4541506592658666
False,0.01,0.01,2.01,43.01,0.6000297088532384
True,0.01,0.01,2.01,37.01,1.0167338014804632
False,1.01,0.01,2.01,42.01,0.9903148733351331
False,0.01,0.01,1.01,48.01,1.1433325835723331
False,2.01,0.01,0.01,37.01,0.6796771057065175
True,0.01,0.01,0.01,36.01,0.6570061516735254
True,1.01,0.01,0.01,41.01,1.0944233324840904
True,0.01,0.01,2.01,36.01,0.8359702553046205
False,0.01,0.01,1.01,35.01,0.9389891240149617
False,0.01,0.01,2.01,42.01,1.1428850197841112
False,1.01,0.01,1.01,45.01,0.6901857309046276
True,2.01,0.01,1.01,38.01,0.8050868796512569
False,1.01,1.01,1.01,43.01,1.271280755295694
False,2.01,1.01,1.01,45.01,1.3845690114445466
False,3.01,1.01,1.01,39.01,1.0984397640801815
False,2.01,0.01,1.01,39.01,0.6211232200112036
True,0.01,2.01,4.01,36.01,1.4339651641501279
False,3.01,2.01,0.01,30.009999999999998,1.4255887822062403
False,2.01,2.01,3.01,45.01,0.6582918470418471
False,0.01,0.01,0.01,34.01,0.5920017735310088
False,0.01,1.01,0.01,37.01,1.1958772829235627
False,2.01,1.01,0.01,43.01,1.106433607730452
False,0.01,1.01,2.01,27.009999999999998,0.8193020018101839
False,0.01,0.01,2.01,43.01,0.7317671472708558
True,0.01,0.01,1.01,32.01,1.0167299520410447
False,2.01,0.01,1.01,39.01,1.0074264736165193
True,0.01,0.01,0.01,33.01,0.8154855501479193
False,2.01,1.01,2.01,34.01,1.024400837841838
False,0.01,1.01,0.01,38.01,0.917310424662778
True,1.01,0.01,0.01,31.009999999999998,0.7916216611944861
True,0.01,0.01,1.01,39.01,0.486489214212948
True,0.01,0.01,0.01,38.01,0.6569476438761532
True,0.01,0.01,1.01,28.009999999999998,0.8692843201775895
False,0.01,0.01,1.01,40.01,1.214807832021603
False,1.01,1.01,2.01,33.01,0.8130306867587206
False,1.01,1.01,0.01,36.01,1.1978628608355342
False,0.01,0.01,1.01,39.01,0.6942514894415852
True,1.01,1.01,0.01,48.01,0.59572897784084
False,1.01,1.01,1.01,35.01,1.5244328422887625
False,1.01,0.01,0.01,26.009999999999998,0.9821497420075695
False,0.01,0.01,0.01,41.01,0.8367792626436196
True,0.01,3.01,1.01,45.01,1.1101608654272592
False,0.01,2.01,0.01,36.01,0.6498024211352217
True,3.01,0.01,2.01,42.01,0.798638136852352
True,4.01,1.01,1.01,45.01,1.0213906539428361
True,3.01,3.01,3.01,36.01,1.0805863288868873
True,1.01,4.01,2.01,44.01,1.2284067263624654
True,2.01,2.01,2.01,35.01,1.5086705442959831
True,1.01,1.01,3.01,34.01,0.8834857741083344
True,4.01,2.01,2.01,30.009999999999998,1.0133587277210543
False,2.01,4.01,2.01,34.01,1.897060936049318
True,6.01,4.01,1.01,38.01,0.462160070087471
True,0.01,0.01,0.01,32.01,1.2384177767424585
True,0.01,0.01,0.01,37.01,1.2808485624233032
False,1.01,0.01,0.01,52.01,1.1198780669007073
False,0.01,0.01,0.01,35.01,1.0687472404807532
False,0.01,0.01,0.01,45.01,0.9420567350990156
True,0.01,1.01,0.01,38.01,1.6705838332789165
True,1.01,0.01,0.01,34.01,1.1365148769591282
False,0.01,0.01,0.01,38.01,1.1786371255755892
False,0.01,1.01,1.01,36.01,1.1643909596345452
False,0.01,0.01,2.01,44.01,1.1917181054028572
False,2.01,1.01,0.01,43.01,1.367715915173063
True,0.01,0.01,1.01,38.01,1.1300905238991712
True,0.01,0.01,0.01,40.01,1.38192914699584
False,0.01,0.01,0.01,47.01,1.3011063114489136
True,1.01,0.01,1.01,43.01,0.7950578364770252
False,0.01,0.01,1.01,47.01,0.6952959663866121
True,1.01,0.01,2.01,27.009999999999998,1.704829725221895
False,0.01,0.01,1.01,46.01,1.0361509259423562
False,0.01,2.01,1.01,43.01,1.1297265344527005
False,0.01,0.01,1.01,47.01,0.6356779489281229
False,1.01,0.01,1.01,40.01,1.060623226388071
True,1.01,0.01,0.01,46.01,0.6988594363594364
True,1.01,1.01,0.01,60.01,0.938117551569564
True,0.01,0.01,0.01,37.01,0.6713135257104083
False,0.01,0.01,0.01,39.01,0.6907352928042584
False,0.01,0.01,2.01,40.01,1.1480160604602951
False,0.01,1.01,0.01,32.01,0.6903002762731745
False,2.01,1.01,1.01,36.01,0.8014199770817417
False,1.01,1.01,2.01,27.009999999999998,0.6029554552544145
True,2.01,0.01,3.01,51.01,0.9423118730399624
True,3.01,4.01,1.01,43.01,0.9636473895363719
False,3.01,3.01,1.01,37.01,0.7103563235536633
False,3.01,0.01,1.01,40.01,1.154085124224391
False,0.01,0.01,1.01,35.01,0.7563569919338784
True,0.01,0.01,2.01,39.01,1.8702124209240196
True,1.01,0.01,1.01,40.01,0.5792860599837344
False,0.01,0.01,1.01,35.01,0.6601196653363836
True,0.01,0.01,0.01,35.01,1.0562850030876583
True,1.01,0.01,2.01,35.01,0.9692264296364981
True,1.01,2.01,0.01,36.01,1.3195059196751997
True,0.01,0.01,1.01,47.01,1.6617667753011003
True,0.01,1.01,0.01,48.01,0.7179894105345694
False,1.01,0.01,3.01,35.01,0.8649918752530358
False,1.01,1.01,0.01,42.01,0.4769784738824987
False,1.01,0.01,1.01,42.01,1.1300629196818788
True,0.01,0.01,1.01,28.009999999999998,1.32161851106967
True,1.01,1.01,1.01,39.01,0.6583050728803571
False,1.01,0.01,0.01,46.01,0.40777046783625737
False,1.01,0.01,0.01,39.01,1.0119950507630846
False,0.01,0.01,0.01,42.01,0.8178111597151844
False,0.01,0.01,0.01,45.01,0.9796518912608595
False,1.01,1.01,0.01,39.01,0.6569503162790312
True,1.01,1.01,0.01,42.01,0.6772407386064806
False,0.01,1.01,0.01,31.009999999999998,0.6596828209933139
True,0.01,1.01,0.01,45.01,1.535410136475953
True,0.01,2.01,0.01,51.01,0.9912126908179539
False,2.01,2.01,0.01,37.01,1.2795899678987916
False,0.01,3.01,2.01,32.01,1.1380273835184038
True,0.01,2.01,1.01,46.01,0.7432680397721854
False,1.01,1.01,0.01,32.01,0.6891666123189878
False,4.01,3.01,2.01,46.01,1.258022037424727
False,4.01,3.01,2.01,52.01,1.0818161156840875
True,1.01,3.01,0.01,41.01,1.2561348815079343
False,3.01,2.01,0.01,43.01,0.5732316111116372
False,5.01,1.01,4.01,41.01,1.27564887376014
False,3.01,1.01,3.01,42.01,0.8550553942878681
True,0.01,0.01,1.01,42.01,0.6458497212606888
True,2.01,0.01,2.01,31.009999999999998,1.138535613104872
True,0.01,0.01,0.01,40.01,0.6063401905971564
False,0.01,2.01,1.01,33.01,1.0729594591185772
True,0.01,1.01,0.01,32.01,2.1166891408081305
False,0.01,0.01,0.01,37.01,0.8821026675913893
False,1.01,0.01,0.01,37.01,1.151441029677798
True,2.01,0.01,0.01,48.01,1.3091341303838995
True,2.01,0.01,2.01,39.01,1.1422556309669856
False,1.01,0.01,4.01,42.01,1.0466262917644844
False,1.01,0.01,0.01,37.01,1.0123467994563184
False,0.01,2.01,2.01,56.01,0.9753570252155201
False,1.01,1.01,1.01,32.01,0.9450028273171254
True,1.01,1.01,1.01,37.01,1.0112174304075436
False,0.01,0.01,2.01,31.009999999999998,1.1755585447664312
False,3.01,0.01,1.01,46.01,1.6912858783817684
False,1.01,1.01,0.01,38.01,0.9029091981305093
False,0.01,2.01,0.01,31.009999999999998,0.6792771084056015
False,0.01,1.01,1.01,35.01,0.9619997126881991
True,0.01,2.01,0.01,57.01,1.140630694396028
False,2.01,0.01,2.01,35.01,1.0127090461256845
False,3.01,3.01,2.01,45.01,0.6400827491412976
True,4.01,3.01,1.01,45.01,0.9593690518833401
False,2.01,1.01,0.01,40.01,0.6379791847274411
False,4.01,4.01,0.01,37.01,0.8900120865859725
False,0.01,1.01,0.01,37.01,1.3119173737395318
False,2.01,2.01,3.01,32.01,0.8507019084269928
True,5.01,5.01,1.01,33.01,1.0557841308777793
True,5.01,9.01,2.01,31.009999999999998,0.6499441782983991
True,7.01,5.01,1.01,43.01,0.8958006294539612
False,3.01,4.01,2.01,43.01,1.3602104106995019
True,6.01,5.01,3.01,37.01,0.8280642722513254
True,8.01,12.01,1.01,35.01,0.680421634149245
True,2.01,3.01,0.01,39.01,1.1482812954789847
False,1.01,0.01,0.01,32.01,1.1037131621669178
False,0.01,0.01,0.01,53.01,1.3133104807966884
False,1.01,0.01,0.01,40.01,1.449365226065315
True,1.01,0.01,1.01,45.01,0.6681059306899022
False,0.01,0.01,0.01,51.01,1.2386116026450698
False,0.01,0.01,1.01,33.01,0.7479583181884799
False,1.01,1.01,0.01,30.009999999999998,0.822827517295385
False,0.01,0.01,0.01,43.01,0.8517461628105477
False,0.01,0.01,1.01,43.01,0.9789073823338026
True,0.01,0.01,0.01,46.01,0.7542743275479848
False,0.01,0.01,2.01,49.01,0.7546750952786424
False,1.01,1.01,0.01,39.01,0.5873448773448774
False,0.01,1.01,1.01,36.01,1.1555525825665003
False,0.01,1.01,1.01,36.01,1.115171384159935
True,0.01,0.01,4.01,33.01,0.6136956499417799
True,1.01,1.01,0.01,44.01,0.5556406280461894
True,1.01,0.01,0.01,27.009999999999998,1.1127819600168674
False,0.01,1.01,1.01,35.01,0.3702857234221651
True,0.01,2.01,1.01,40.01,0.7934571702291627
True,0.01,2.01,1.01,40.01,0.9724924074639347
True,2.01,0.01,0.01,44.01,1.2219486061314662
False,1.01,1.01,0.01,50.01,0.7910467058960218
False,2.01,0.01,1.01,33.01,1.3284636458546735
True,2.01,1.01,0.01,39.01,1.0742131988836428
True,2.01,0.01,0.01,42.01,2.2339662720218536
False,0.01,3.01,1.01,46.01,1.441352642059265
False,1.01,2.01,3.01,51.01,1.792674511661001
True,6.01,1.01,1.01,39.01,1.4154290192651477
False,1.01,3.01,1.01,33.01,1.110633260044135
False,2.01,2.01,2.01,51.01,0.7547937528353599
False,5.01,3.01,2.01,37.01,1.0722009586275774
False,7.01,3.01,1.01,44.01,1.2820581521348786
True,1.01,0.01,2.01,29.009999999999998,0.9964007432528318
True,0.01,0.01,0.01,33.01,0.5954375858010263
True,0.01,0.01,1.01,41.01,0.7696240168743514
False,0.01,0.01,1.01,43.01,0.8341794639354972
True,0.01,0.01,0.01,34.01,0.9135364033347115
False,1.01,1.01,0.01,44.01,0.46745529947138675
False,0.01,1.01,0.01,44.01,1.1037503986818542
False,0.01,0.01,2.01,51.01,0.7928078827026435
True,0.01,4.01,0.01,44.01,1.2908293658485583
False,1.01,0.01,0.01,34.01,0.7012690699314064
True,0.01,1.01,0.01,41.01,0.8930850991553372
False,1.01,0.01,0.01,48.01,0.9255237112523605
True,0.01,0.01,1.01,30.009999999999998,1.0726791515813963
False,0.01,0.01,2.01,33.01,0.741162928676343
False,0.01,0.01,1.01,46.01,0.9652701467300164
False,0.01,1.01,1.01,43.01,0.8251859795130096
True,1.01,0.01,0.01,43.01,0.6661677517085487
False,3.01,1.01,1.01,42.01,0.46479847260257073
False,2.01,2.01,1.01,34.01,1.4747852318948855
False,1.01,1.01,3.01,33.01,0.9096674298489612
True,0.01,0.01,1.01,32.01,1.024107985497579
True,1.01,0.01,1.01,34.01,1.152199892349459
True,1.01,2.01,0.01,40.01,1.1154287716818467
False,1.01,2.01,0.01,28.009999999999998,0.8249664986598514
False,3.01,1.01,2.01,31.009999999999998,1.1125941245553166
True,2.01,0.01,2.01,38.01,0.3661564883952112
True,0.01,2.01,1.01,34.01,1.0874899973564491
False,3.01,3.01,1.01,39.01,0.999470468883012
True,2.01,1.01,0.01,35.01,1.3709038749498692
False,5.01,1.01,3.01,37.01,1.4660392623061058
True,0.01,5.01,4.01,39.01,0.572651744288947
True,7.01,3.01,2.01,37.01,1.4950609847759462
True,5.01,6.01,2.01,41.01,0.8926171634163351
False,1.01,1.01,1.01,41.01,0.8056211309447509
False,0.01,3.01,0.01,37.01,0.9734566248579914
False,1.01,2.01,2.01,35.01,0.7599870339943031
True,1.01,1.01,1.01,46.01,0.9027125709943897
False,2.01,3.01,2.01,34.01,1.2858787184503506
False,1.01,2.01,2.01,35.01,1.28400752757692
False,0.01,0.01,3.01,37.01,1.1651840966161002
True,1.01,4.01,0.01,36.01,1.3126224062825844
True,4.01,1.01,1.01,41.01,0.5791010877910576
False,1.01,2.01,0.01,32.01,1.3655661461683448
True,0.01,0.01,3.01,34.01,1.3288799440321295
True,0.01,1.01,2.01,39.01,1.4738491384513408
True,3.01,6.01,4.01,29.009999999999998,1.103752427851398
True,1.01,3.01,3.01,55.01,1.0519803514217492
True,0.01,1.01,0.01,44.01,0.7384394052885571
False,4.01,4.01,3.01,35.01,0.9797355800642968
False,3.01,3.01,1.01,38.01,0.5939411034598177
False,5.01,2.01,1.01,53.01,0.9778034281823089
True,5.01,7.01,1.01,43.01,1.7306334195732163
True,2.01,10.01,2.01,48.01,0.8986818295382921
True,5.01,3.01,2.01,36.01,0.7800916012872534
False,5.01,2.01,2.01,35.01,0.7151533237116978
True,6.01,1.01,0.01,45.01,1.0866325826832934
True,8.01,8.01,1.01,34.01,0.8467748450645304
False,6.01,4.01,2.01,41.01,0.6554944901421547
False,4.01,6.01,1.01,36.01,1.197830617924532
True,10.01,6.01,1.01,37.01,0.7234203260207567
True,15.01,11.01,4.01,36.01,0.7312485032387472
True,8.01,8.01,5.01,33.01,1.6277904770950204
False,7.01,6.01,1.01,34.01,1.4027651131286614
False,9.01,16.009999999999998,3.01,41.01,1.2011179911347993
True,13.01,26.009999999999998,9.01,39.01,0.8205669055868557
False,2.01,0.01,0.01,46.01,0.6931577801057778
False,0.01,2.01,2.01,39.01,0.7884901424252644
True,1.01,2.01,3.01,39.01,1.4879179849045217
False,1.01,1.01,2.01,40.01,1.3417521236798007
True,0.01,1.01,0.01,43.01,1.340053697548117
True,1.01,1.01,3.01,34.01,0.7124852447433091
False,0.01,0.01,0.01,37.01,1.2012960618752218
True,1.01,1.01,0.01,32.01,1.0307821376303898
False,1.01,1.01,3.01,40.01,1.1816173194926691
True,2.01,1.01,1.01,41.01,1.025697032394677
True,2.01,0.01,2.01,33.01,0.7804697601443341
False,1.01,1.01,1.01,38.01,1.7379136943990776
True,1.01,1.01,2.01,34.01,0.6304142160144757
True,1.01,3.01,1.01,41.01,0.8102176228279053
True,0.01,1.01,2.01,56.01,1.262007734923694
True,0.01,1.01,1.01,43.01,1.128868452975596
False,2.01,0.01,2.01,45.01,1.2246998352583058
False,1.01,0.01,0.01,39.01,0.8110297112425594
False,3.01,4.01,1.01,38.01,0.8156165805960887
True,1.01,3.01,2.01,36.01,0.9007157630373874
False,1.01,3.01,0.01,42.01,1.151753757081344
False,3.01,4.01,0.01,48.01,1.0038244837141057
False,2.01,2.01,2.01,54.01,1.242682444422818
False,3.01,4.01,1.01,46.01,0.47047743559692906
True,5.01,13.01,3.01,46.01,0.7390211852181302
True,3.01,3.01,2.01,27.009999999999998,1.23603599295019
True,9.01,3.01,0.01,45.01,0.9902653203502501
False,5.01,3.01,1.01,50.01,1.0917435872549994
True,10.01,5.01,2.01,42.01,0.8374937007444123
True,1.01,5.01,0.01,38.01,1.4128538603503815
True,4.01,8.01,1.01,42.01,0.819283390237107
True,12.01,14.01,6.01,37.01,1.7082378021813176
False,0.01,0.01,0.01,29.009999999999998,0.6124006805519411
True,1.01,1.01,0.01,31.009999999999998,1.1503912900129882
False,0.01,0.01,0.01,36.01,0.6146064001431071
True,0.01,0.01,0.01,43.01,0.9193403659917571
False,2.01,0.01,1.01,55.01,0.8214904126109266
True,2.01,1.01,1.01,41.01,1.2651166303458927
False,3.01,1.01,0.01,44.01,1.5099047926496154
False,1.01,2.01,4.01,36.01,0.8234357855921275
False,1.01,2.01,2.01,27.009999999999998,0.8159704688934012
True,0.01,2.01,1.01,41.01,0.9134626925333934
False,0.01,2.01,0.01,44.01,1.0425064292823838
False,0.01,2.01,2.01,40.01,1.4557517365828165
False,0.01,1.01,2.01,44.01,1.5715707644556751
False,3.01,1.01,2.01,48.01,0.9525457763222479
False,0.01,3.01,0.01,50.01,0.6864702566540134
False,2.01,0.01,0.01,34.01,0.8481447295274112
True,0.01,3.01,2.01,41.01,1.425828234110713
True,1.01,1.01,2.01,51.01,1.3166438190590843
True,2.01,1.01,1.01,43.01,1.3883973463930965
False,3.01,0.01,2.01,34.01,0.917061430605869
True,1.01,3.01,2.01,47.01,1.1037578700693993
False,1.01,6.01,1.01,33.01,0.7940946696768488
True,4.01,4.01,2.01,38.01,0.8932783192788162
True,6.01,4.01,1.01,34.01,1.0709783121682137
True,5.01,5.01,2.01,43.01,1.4184002463453447
False,4.01,2.01,2.01,45.01,1.215619799757542
True,3.01,3.01,0.01,35.01,0.8786097669103251
False,4.01,7.01,1.01,46.01,1.2138827476947622
False,1.01,4.01,6.01,29.009999999999998,1.1573239874518442
False,8.01,5.01,0.01,31.009999999999998,0.8257499902646078
True,14.01,12.01,0.01,47.01,1.2842203999962662
False,10.01,11.01,1.01,30.009999999999998,1.1320369361923912
True,0.01,0.01,0.01,43.01,1.0280503160080625
True,0.01,0.01,2.01,47.01,0.5954880850086227
False,0.01,0.01,0.01,31.009999999999998,0.8664392771909682
True,0.01,0.01,0.01,39.01,1.049428229983283
False,0.01,0.01,0.01,47.01,0.9423125066891052
False,0.01,0.01,1.01,25.009999999999998,1.167478988157167
False,0.01,0.01,0.01,54.01,0.729907517323557
False,0.01,0.01,0.01,39.01,0.6182453126377027
False,0.01,0.01,1.01,43.01,1.3331513346043942
False,0.01,0.01,0.01,39.01,0.47360255721151456
False,0.01,0.01,2.01,48.01,1.718537676011017
False,2.01,0.01,1.01,37.01,1.3225298999140107
False,0.01,0.01,1.01,36.01,0.606570466317855
True,2.01,0.01,0.01,29.009999999999998,0.7174045981252819
False,0.01,0.01,1.01,31.009999999999998,1.1293749277033107
True,0.01,2.01,0.01,41.01,1.2459527430146604
True,0.01,0.01,3.01,36.01,0.8160022304967448
False,0.01,0.01,0.01,46.01,0.6313070130976359
True,0.01,1.01,0.01,36.01,0.8398133265712477
True,0.01,0.01,1.01,36.01,0.5908691941014371
True,1.01,0.01,2.01,43.01,0.7376598670663428
True,0.01,0.01,1.01,35.01,0.9021136036244009
False,0.01,1.01,0.01,36.01,0.9355441755547866
False,0.01,3.01,1.01,37.01,0.8280760075602384
False,0.01,3.01,0.01,49.01,0.9653332960153448
True,1.01,1.01,0.01,33.01,0.9296831384989279
True,0.01,0.01,1.01,47.01,0.8367909665154037
True,2.01,0.01,6.01,46.01,0.6958132615916626
False,0.01,1.01,3.01,44.01,0.9390680444647308
False,0.01,3.01,1.01,43.01,1.6756591842937631
False,3.01,2.01,1.01,46.01,0.7759359637050056
False,0.01,2.01,0.01,49.01,0.5135751144829462
False,1.01,2.01,1.01,31.009999999999998,1.1852470331435483
False,0.01,0.01,0.01,27.009999999999998,1.0283945622838813
False,0.01,0.01,1.01,28.009999999999998,0.8318006120113856
True,0.01,0.01,1.01,46.01,0.5646875715208736
True,0.01,0.01,2.01,45.01,1.147772453228192
False,0.01,0.01,1.01,37.01,0.7678111216269112
True,0.01,1.01,2.01,42.01,0.7677924952932387
False,0.01,0.01,2.01,27.009999999999998,1.1607526289105239
True,0.01,0.01,2.01,37.01,0.731225265290537
False,0.01,0.01,0.01,39.01,1.0513710894785457
False,0.01,0.01,0.01,38.01,0.9802858661648384
False,0.01,0.01,1.01,43.01,0.7097549019607843
True,0.01,0.01,0.01,38.01,1.064860803970711
False,0.01,0.01,2.01,29.009999999999998,0.9910140892317462
False,0.01,0.01,1.01,40.01,1.045455426244846
True,0.01,0.01,1.01,42.01,1.6380748398382896
True,0.01,0.01,1.01,44.01,0.7634129644642587
True,0.01,1.01,0.01,35.01,1.303913486574951
True,0.01,0.01,0.01,37.01,0.6586290269767784
False,0.01,1.01,0.01,50.01,0.9065261720197989
False,0.01,0.01,2.01,40.01,1.0438539223767516
True,0.01,2.01,0.01,38.01,0.7789410250884085
False,4.01,3.01,0.01,41.01,0.8112860015801192
False,0.01,0.01,0.01,38.01,0.6951460758132423
True,1.01,0.01,1.01,36.01,1.2355156784715997
True,0.01,0.01,2.01,39.01,1.1680650863299804
True,2.01,2.01,0.01,41.01,0.5156496812756066
False,0.01,1.01,3.01,31.009999999999998,1.0932863368894756
False,1.01,1.01,4.01,44.01,0.9901683786029135
False,1.01,1.01,4.01,44.01,1.790006578388931
False,1.01,2.01,2.01,30.009999999999998,1.2860489762343983
False,3.01,0.01,1.01,39.01,1.2826444077623793
False,0.01,1.01,2.01,39.01,1.4639826063717243
False,4.01,1.01,2.01,35.01,1.2636579678491444
True,0.01,0.01,1.01,41.01,1.2865324333618655
True,2.01,1.01,0.01,40.01,0.8361071230111476
True,0.01,0.01,0.01,38.01,0.6584276562217739
False,0.01,0.01,1.01,35.01,0.7557194145817625
True,0.01,0.01,0.01,39.01,1.1335226066066098
True,0.01,0.01,0.01,36.01,0.6457240169648548
False,0.01,0.01,3.01,51.01,0.7352657953397371
False,0.01,0.01,0.01,35.01,1.03471297305629
False,0.01,0.01,0.01,42.01,0.8510613779908989
False,0.01,1.01,1.01,38.01,0.7459639951927959
True,0.01,0.01,0.01,30.009999999999998,1.1470069992650638
True,0.01,1.01,0.01,39.01,0.6126824308732204
False,0.01,0.01,0.01,32.01,1.3502593042622197
False,0.01,1.01,0.01,32.01,0.7086445940594832
True,0.01,0.01,0.01,52.01,0.8136272431842365
False,1.01,1.01,2.01,44.01,0.6774971070315801
False,2.01,0.01,0.01,44.01,0.5197455191558967
True,0.01,0.01,2.01,43.01,1.0458900279381327
True,0.01,0.01,2.01,41.01,0.866818543909093
False,0.01,1.01,1.01,35.01,1.147059464734515
False,2.01,1.01,0.01,46.01,1.1162143668350588
False,0.01,2.01,2.01,34.01,1.0157767717138813
False,1.01,0.01,0.01,40.01,0.713833469052994
True,0.01,0.01,0.01,41.01,0.7039709763533482
False,0.01,2.01,1.01,40.01,1.061502548248933
False,1.01,0.01,0.01,41.01,0.8880241827026369
True,3.01,1.01,4.01,38.01,1.0937024348226687
True,0.01,1.01,2.01,41.01,1.450584848282527
True,3.01,0.01,5.01,37.01,1.4455219729530504
False,2.01,2.01,2.01,39.01,1.237240540069387
False,1.01,0.01,1.01,43.01,1.0754301295647406
False,2.01,1.01,3.01,38.01,0.835797247193451
False,1.01,3.01,0.01,50.01,0.6716387272085244
False,0.01,0.01,1.01,38.01,0.8187371720387763
True,0.01,0.01,1.01,52.01,0.7256365935456435
False,0.01,1.01,0.01,48.01,1.1198034364490745
True,0.01,0.01,1.01,34.01,0.7126854229759682
False,0.01,0.01,1.01,43.01,0.8742610352447778
True,0.01,1.01,0.01,46.01,0.9230086110592091
True,0.01,0.01,2.01,33.01,0.8595562020954745
False,0.01,0.01,1.01,39.01,0.9875359840863737
False,2.01,1.01,0.01,45.01,0.7856484121115066
False,0.01,0.01,0.01,27.009999999999998,0.8731904859282734
False,0.01,2.01,1.01,42.01,1.149457608916725
True,1.01,4.01,1.01,39.01,1.0267669746831014
False,0.01,0.01,0.01,39.01,0.7622217980640806
False,1.01,0.01,0.01,46.01,1.0845937217877963
True,0.01,0.01,2.01,38.01,0.8546581301989751
True,0.01,0.01,1.01,59.01,0.7040908839469001
False,0.01,0.01,0.01,45.01,1.1063391235730116
False,0.01,2.01,0.01,33.01,1.2385908615840124
True,1.01,0.01,0.01,40.01,0.9186511698054981
False,0.01,1.01,2.01,43.01,1.2276826146468258
False,0.01,0.01,1.01,39.01,0.9035931660670548
False,1.01,1.01,1.01,36.01,1.3685503398834136
True,0.01,3.01,2.01,42.01,0.9327466244636443
True,1.01,0.01,0.01,35.01,0.8910917109984332
False,1.01,1.01,0.01,46.01,0.6864668009591104
False,0.01,2.01,0.01,30.009999999999998,0.5789039418223838
True,0.01,2.01,0.01,35.01,1.2274867974019978
False,0.01,0.01,0.01,45.01,1.1297394087112882
False,3.01,0.01,2.01,58.01,1.1628552271028167
False,3.01,0.01,1.01,49.01,0.9067430045439447
True,3.01,1.01,1.01,36.01,1.2449567043637666
True,0.01,0.01,1.01,34.01,0.5471421988229127
False,1.01,0.01,3.01,42.01,1.142388857318016
False,0.01,0.01,1.01,36.01,0.879713392611458
True,0.01,1.01,0.01,29.009999999999998,1.0337664049343405
True,0.01,0.01,1.01,32.01,1.3552528180198613
True,1.01,0.01,0.01,24.009999999999998,1.316898368802021
False,0.01,0.01,0.01,37.01,1.4316751704464552
False,0.01,0.01,0.01,47.01,0.905853960863366
False,0.01,1.01,0.01,32.01,0.9809317634795438
True,1.01,0.01,0.01,35.01,0.7179442544301542
False,0.01,0.01,0.01,30.009999999999998,0.8744555721127728
False,0.01,0.01,0.01,46.01,1.2290196002360088
False,1.01,2.01,1.01,32.01,0.6808583491275813
True,0.01,0.01,0.01,49.01,1.3949621267964922
True,0.01,0.01,0.01,51.01,1.3548024840320236
False,0.01,0.01,0.01,45.01,0.936953542520555
False,0.01,0.01,0.01,35.01,0.780692343406611
True,0.01,5.01,2.01,34.01,1.0244416349988377
True,1.01,0.01,2.01,39.01,1.217736693212363
True,0.01,0.01,0.01,33.01,1.6204300039223365
False,0.01,0.01,1.01,42.01,1.9823276899440123
False,1.01,1.01,1.01,36.01,1.3163996085408365
False,0.01,1.01,2.01,44.01,2.390047472104908
True,1.01,0.01,0.01,43.01,1.209940455540429
False,1.01,0.01,1.01,52.01,2.092611975664767
False,1.01,1.01,1.01,40.01,0.651052696034692
False,1.01,0.01,2.01,44.01,0.8186763245232833
False,1.01,0.01,1.01,33.01,1.4180758930873347
True,3.01,2.01,1.01,40.01,1.466447444786973
False,1.01,0.01,5.01,31.009999999999998,1.4011853864957533
True,3.01,1.01,1.01,50.01,1.3495231705316673
True,0.01,1.01,2.01,37.01,1.0747702529741248
False,0.01,1.01,0.01,41.01,2.021774516896917
False,5.01,1.01,0.01,29.009999999999998,1.1901516245639743
False,2.01,2.01,1.01,43.01,1.2197926485072097
True,0.01,1.01,1.01,45.01,0.9131038566553077
False,0.01,0.01,1.01,34.01,0.8114341642744057
True,0.01,0.01,0.01,39.01,0.5698752342743543
True,0.01,1.01,0.01,39.01,0.8613039713726212
True,0.01,0.01,0.01,35.01,0.5310911259802216
False,0.01,0.01,1.01,40.01,0.8257864560945751
False,0.01,0.01,0.01,42.01,0.5133337077653943
True,0.01,1.01,0.01,39.01,0.763903774281812
False,1.01,1.01,2.01,41.01,0.5787468306513113
False,0.01,0.01,0.01,28.009999999999998,1.0857371147030377
True,0.01,1.01,1.01,41.01,0.9874384877799551
False,2.01,1.01,0.01,24.009999999999998,0.6652072611990534
True,0.01,0.01,0.01,26.009999999999998,1.2454054524265137
True,1.01,1.01,1.01,32.01,0.5078251494202034
True,0.01,0.01,1.01,27.009999999999998,1.2303215006255923
True,2.01,0.01,0.01,35.01,1.029819944366373
True,3.01,0.01,1.01,36.01,1.3278909815992213
False,2.01,0.01,2.01,46.01,1.001512945178131
False,3.01,0.01,0.01,34.01,0.6439779710991468
False,0.01,1.01,1.01,43.01,1.1258411118583629
True,1.01,1.01,3.01,41.01,0.899484271046054
False,1.01,0.01,1.01,35.01,0.8591231715069809
True,0.01,1.01,0.01,35.01,1.1170293086537866
False,0.01,0.01,0.01,28.009999999999998,0.7033294626594326
False,1.01,3.01,0.01,35.01,0.7451761874515405
True,1.01,3.01,0.01,47.01,0.6478146223177672
False,2.01,0.01,0.01,32.01,0.6476073038745879
False,1.01,3.01,1.01,50.01,1.3567786842703762
False,3.01,3.01,1.01,43.01,1.1258674804727435
False,2.01,1.01,2.01,40.01,0.5054788491078813
True,2.01,1.01,1.01,52.01,1.1752805850778476
False,2.01,5.01,3.01,23.009999999999998,0.6465009738113461
True,2.01,3.01,4.01,52.01,0.7370951764459558
False,0.01,0.01,2.01,49.01,1.0347659120035972
False,1.01,0.01,0.01,42.01,0.9860884311152901
False,0.01,1.01,0.01,42.01,1.2780421534583808
False,0.01,0.01,4.01,46.01,0.8055147080195155
False,0.01,0.01,2.01,42.01,0.4676940011213418
False,0.01,0.01,3.01,41.01,0.7969559992231048
False,0.01,1.01,0.01,50.01,1.2515359494861777
False,0.01,1.01,0.01,51.01,0.961798723606626
False,0.01,0.01,0.01,55.01,1.0095979709526741
False,0.01,1.01,1.01,46.01,1.017634358795304
True,0.01,1.01,0.01,43.01,0.8608445501885396
False,1.01,0.01,0.01,44.01,1.124721142078645
True,0.01,0.01,0.01,40.01,1.9132252184114842
False,1.01,0.01,0.01,40.01,1.0499532673445717
False,0.01,0.01,2.01,48.01,1.1137026202269704
False,0.01,1.01,1.01,42.01,0.7246826978262602
True,0.01,0.01,0.01,32.01,1.1203337619035965
True,0.01,0.01,0.01,40.01,0.8241156328656332
True,0.01,1.01,0.01,48.01,1.2133306719314474
True,1.01,0.01,0.01,48.01,1.1069119897311352
False,0.01,1.01,0.01,34.01,1.5351828119133109
True,0.01,0.01,0.01,47.01,1.369008733685857
True,1.01,0.01,0.01,44.01,0.903798042317035
False,0.01,0.01,0.01,47.01,1.0954810321722086
True,0.01,0.01,1.01,49.01,0.6500068621420345
True,2.01,2.01,1.01,41.01,1.1666285243542338
True,3.01,0.01,1.01,39.01,1.5897363928870891
True,2.01,1.01,1.01,47.01,1.4061480680064222
False,1.01,0.01,1.01,45.01,1.230938217864533
True,0.01,0.01,0.01,36.01,1.1376078700711054
False,2.01,2.01,0.01,43.01,1.0058018890108205
False,3.01,0.01,3.01,41.01,1.029322275039325
False,6.01,1.01,3.01,37.01,1.2851841179134607
True,1.01,0.01,0.01,33.01,0.830985515509733
False,0.01,0.01,1.01,35.01,1.0378536009549821
False,0.01,0.01,1.01,30.009999999999998,1.3831372261284947
False,0.01,0.01,0.01,40.01,1.0842541030480133
True,0.01,2.01,1.01,50.01,1.2926229647348262
True,1.01,0.01,2.01,32.01,1.4445454854374673
False,0.01,0.01,0.01,53.01,0.4364637215564844
True,0.01,0.01,3.01,51.01,0.9065778249484042
True,1.01,0.01,0.01,39.01,1.1801326654266748
True,1.01,2.01,0.01,48.01,1.450531912040907
False,0.01,2.01,0.01,49.01,1.0574347905355699
False,0.01,1.01,0.01,53.01,0.6249977375683035
True,0.01,0.01,0.01,44.01,0.8380891713937475
False,0.01,0.01,1.01,47.01,0.9208875230580481
False,1.01,0.01,0.01,43.01,1.0868668320291364
False,0.01,0.01,0.01,37.01,1.147075054474284
True,0.01,0.01,2.01,40.01,1.2362627061764324
False,0.01,1.01,0.01,56.01,0.7854702686510485
False,1.01,2.01,1.01,37.01,0.8788682618759193
True,2.01,1.01,0.01,32.01,0.7345259334249647
True,1.01,1.01,0.01,40.01,0.6297634279040571
False,2.01,0.01,2.01,35.01,1.3612365308219352
True,1.01,0.01,1.01,36.01,0.8946653016760494
False,3.01,5.01,2.01,40.01,1.1893994705219257
False,1.01,1.01,1.01,46.01,0.9224438319777065
True,2.01,1.01,4.01,39.01,1.0187945516449897
False,0.01,1.01,0.01,47.01,0.8724281241848166
False,1.01,0.01,1.01,52.01,1.3228573778677422
False,1.01,3.01,2.01,41.01,1.4447201404391645
False,2.01,0.01,0.01,42.01,1.1296730547345208
True,6.01,3.01,2.01,50.01,1.0170823213567193
True,5.01,4.01,1.01,49.01,1.2924410341095878
False,2.01,0.01,1.01,36.01,0.9774931295425534
False,0.01,0.01,1.01,42.01,0.8984645686145759
True,0.01,0.01,1.01,45.01,0.918136260798737
False,0.01,0.01,0.01,36.01,0.7587162842780589
False,0.01,0.01,1.01,38.01,1.106091627551675
False,1.01,0.01,2.01,32.01,1.3421711318483156
False,0.01,1.01,0.01,47.01,0.6817487413396612
False,1.01,0.01,1.01,37.01,1.018758579415883
True,0.01,1.01,1.01,44.01,1.1812737665765225
False,1.01,1.01,0.01,41.01,0.9240738101116142
True,0.01,0.01,1.01,38.01,1.1053877397374166
False,1.01,0.01,0.01,45.01,1.1576800371581477
False,0.01,0.01,1.01,43.01,0.9997996567075513
False,0.01,0.01,1.01,36.01,0.523412572379224
False,1.01,0.01,0.01,33.01,0.9213283159106
True,0.01,1.01,1.01,47.01,0.7838561075409705
False,1.01,0.01,1.01,47.01,1.065391477328884
False,3.01,0.01,1.01,42.01,0.9473066644071174
False,1.01,0.01,0.01,36.01,1.4275988516937002
True,2.01,1.01,0.01,41.01,0.6630302889044697
False,1.01,1.01,3.01,35.01,1.0858983741792059
False,0.01,0.01,1.01,36.01,1.424565917918484
True,0.01,1.01,0.01,45.01,0.800591778781351
True,1.01,1.01,2.01,47.01,1.222708902733528
False,1.01,1.01,0.01,44.01,0.8216709177578744
True,2.01,4.01,1.01,48.01,0.6846982684262128
False,1.01,1.01,3.01,48.01,1.230104480526603
True,2.01,2.01,2.01,33.01,1.0244119331320543
False,4.01,1.01,1.01,53.01,1.1421554100463447
False,4.01,1.01,1.01,48.01,0.8235223367066582
False,3.01,2.01,2.01,48.01,1.381280121379369
True,0.01,2.01,0.01,37.01,1.0343943503862858
False,4.01,8.01,2.01,45.01,1.264135399245994
False,5.01,2.01,4.01,44.01,1.134560882658387
True,0.01,0.01,0.01,34.01,1.0951796309283393
True,0.01,1.01,1.01,45.01,0.7215535049745577
False,1.01,1.01,1.01,44.01,1.58093362286296
True,0.01,0.01,0.01,39.01,0.5191532802011215
True,1.01,1.01,1.01,38.01,0.7916932816979175
False,0.01,2.01,0.01,39.01,0.8684677376058656
False,0.01,0.01,2.01,48.01,0.9983235807148849
True,1.01,2.01,0.01,27.009999999999998,1.5001765308127561
False,0.01,0.01,0.01,45.01,1.3316758043438541
True,0.01,0.01,0.01,47.01,0.596172379391471
False,0.01,1.01,0.01,42.01,0.7187052012573832
False,0.01,0.01,0.01,38.01,1.0911011717159629
True,0.01,0.01,0.01,37.01,0.4880308737450889
False,0.01,0.01,0.01,31.009999999999998,1.0135583645891153
False,2.01,0.01,0.01,28.009999999999998,1.218472210010397
True,2.01,1.01,3.01,41.01,1.0763722607801556
False,1.01,1.01,1.01,48.01,0.40399147834721094
False,0.01,1.01,0.01,52.01,1.1083243504961813
True,2.01,1.01,0.01,43.01,0.8963108945200106
False,2.01,1.01,2.01,42.01,0.6999403223376361
True,3.01,0.01,3.01,43.01,1.2443497484936528
False,1.01,1.01,0.01,34.01,0.8579128302697856
False,3.01,1.01,2.01,48.01,0.6664612908648625
False,0.01,1.01,1.01,45.01,0.6216244866244867
False,2.01,1.01,3.01,51.01,1.397062938025588
False,4.01,0.01,2.01,42.01,1.3311987422322085
False,2.01,4.01,1.01,44.01,1.1809877570922966
True,4.01,3.01,0.01,48.01,1.5316825046363816
False,1.01,5.01,4.01,38.01,1.096076940414625
False,1.01,1.01,1.01,43.01,0.9709889102261694
False,0.01,2.01,1.01,45.01,0.739623893653129
False,2.01,2.01,1.01,46.01,0.974192150053012
False,7.01,5.01,0.01,48.01,0.5488751145205171
False,1.01,0.01,0.01,35.01,1.1102497385034096
False,0.01,0.01,0.01,32.01,0.6834485628107598
True,0.01,0.01,1.01,40.01,0.5750138698590712
True,0.01,0.01,2.01,45.01,0.7865503465248997
False,0.01,0.01,0.01,33.01,0.9565041218986701
False,0.01,0.01,2.01,47.01,1.3068927884807282
True,0.01,0.01,0.01,32.01,1.371766942111967
False,1.01,1.01,0.01,35.01,0.7678181369797011
False,0.01,0.01,1.01,28.009999999999998,1.7569760758371629
False,0.01,0.01,0.01,32.01,0.9836617920441448
False,0.01,0.01,1.01,38.01,1.118760319435694
True,1.01,0.01,0.01,33.01,0.6551783274566024
False,0.01,0.01,0.01,38.01,0.8833867986439324
False,0.01,0.01,0.01,31.009999999999998,0.49991771855369177
False,0.01,0.01,0.01,36.01,1.1096257919310468
False,0.01,0.01,0.01,33.01,0.7900119672967437
True,0.01,1.01,0.01,33.01,1.4406289261237775
True,0.01,0.01,1.01,33.01,1.5681428463969602
False,0.01,1.01,2.01,33.01,1.5164757191211933
True,0.01,0.01,1.01,37.01,1.1136859170095712
False,0.01,0.01,0.01,25.009999999999998,0.8794849276604431
True,1.01,0.01,0.01,52.01,0.6073789504860874
False,1.01,0.01,0.01,39.01,1.1653848228872483
True,0.01,0.01,0.01,37.01,1.0636185109470448
False,1.01,1.01,0.01,40.01,0.8223077768518863
False,0.01,0.01,1.01,42.01,0.6614772850746184
False,1.01,0.01,2.01,31.009999999999998,1.5334465105045136
True,0.01,0.01,0.01,40.01,1.2826839682651678
True,0.01,0.01,1.01,30.009999999999998,1.219234770708307
False,0.01,1.01,1.01,44.01,0.6544175931954522
False,3.01,1.01,2.01,42.01,0.977392263533568
False,2.01,0.01,2.01,22.009999999999998,0.9037925067466881
False,0.01,1.01,1.01,39.01,0.9032832837668004
True,0.01,0.01,0.01,41.01,0.38886312826540353
False,0.01,0.01,2.01,36.01,0.3725664103949593
False,0.01,0.01,1.01,45.01,0.7223382364761676
True,0.01,0.01,0.01,42.01,0.888416546925637
True,0.01,0.01,1.01,44.01,1.0534457036536187
False,0.01,0.01,0.01,36.01,0.7332937692688882
True,2.01,0.01,1.01,40.01,0.8800262076380798
False,0.01,0.01,2.01,37.01,0.9864666944238223
True,1.01,0.01,0.01,42.01,0.9212582716617225
False,0.01,0.01,0.01,34.01,0.6109691711263718
False,0.01,0.01,1.01,37.01,1.419997141393838
False,0.01,0.01,0.01,46.01,0.9332699842412842
False,0.01,1.01,0.01,38.01,1.0603346907556987
True,0.01,1.01,1.01,42.01,1.2240027331948888
False,0.01,0.01,0.01,33.01,1.337933418312909
False,0.01,0.01,1.01,42.01,0.7101703991110451
True,0.01,0.01,0.01,35.01,1.1166529037762067
False,0.01,0.01,1.01,44.01,1.5197109141257126
True,0.01,1.01,0.01,52.01,0.8593643982959502
False,0.01,0.01,0.01,41.01,0.6644939697943945
True,0.01,1.01,2.01,40.01,0.8788638214709649
True,0.01,0.01,2.01,43.01,1.05315107107381
True,0.01,0.01,2.01,40.01,1.2932867113722493
True,1.01,0.01,2.01,40.01,1.019085251816506
False,1.01,1.01,0.01,45.01,0.5625276040948961
False,0.01,0.01,0.01,33.01,0.8266691435603064
False,2.01,2.01,1.01,38.01,1.01285543339704
False,0.01,1.01,0.01,37.01,0.8698056879641994
True,0.01,1.01,1.01,36.01,0.6375336257517108
True,2.01,0.01,2.01,21.009999999999998,0.9486581062865344
True,0.01,2.01,7.01,42.01,1.046162012812023
False,3.01,1.01,1.01,45.01,1.2151959955373064
True,1.01,0.01,0.01,42.01,1.6603642004502737
False,0.01,0.01,1.01,44.01,0.6795352286131149
False,0.01,0.01,1.01,36.01,1.016889510201574
True,0.01,0.01,0.01,50.01,1.0080127339672291
False,0.01,0.01,2.01,39.01,0.795774053630205
False,1.01,1.01,1.01,40.01,0.5429751415607469
False,0.01,0.01,0.01,40.01,0.6643912559875567
True,0.01,0.01,1.01,44.01,0.9262499050656945
False,0.01,0.01,4.01,54.01,1.0336742813903217
True,0.01,3.01,3.01,36.01,0.6781443841594217
False,1.01,0.01,0.01,37.01,0.8863969523631651
True,0.01,0.01,0.01,42.01,1.0173140880694584
False,0.01,0.01,1.01,36.01,0.9397754621667666
False,0.01,1.01,0.01,61.01,0.968670347841422
True,0.01,0.01,0.01,48.01,1.381450811611043
True,1.01,0.01,1.01,35.01,0.8142983375170962
False,0.01,0.01,1.01,38.01,0.6542379067705542
False,0.01,1.01,0.01,38.01,0.7559198637079209
True,0.01,0.01,2.01,38.01,1.890534903971938
False,1.01,1.01,1.01,41.01,1.23656420184451
False,0.01,1.01,0.01,41.01,0.7069973816540406
True,1.01,0.01,0.01,39.01,0.6753974397993551
False,0.01,1.01,0.01,37.01,1.2638608278292212
True,0.01,0.01,1.01,42.01,1.0556000122568223
False,0.01,0.01,1.01,52.01,0.538859965284114
False,0.01,0.01,2.01,40.01,0.7968413470800535
False,1.01,0.01,0.01,43.01,0.9214006341872417
True,2.01,2.01,2.01,46.01,1.3776105756988108
True,3.01,5.01,0.01,31.009999999999998,0.6682018166625063
False,2.01,3.01,2.01,50.01,1.3422525525514777
True,1.01,0.01,0.01,37.01,1.1427928719681029
True,1.01,2.01,2.01,40.01,1.0193576164440512
True,4.01,0.01,0.01,42.01,0.8125425609765895
True,3.01,3.01,1.01,38.01,1.8303821665176647
False,0.01,0.01,1.01,45.01,1.322259246213566
True,1.01,0.01,1.01,36.01,1.164677864816786
True,0.01,0.01,1.01,40.01,0.754098965740576
True,0.01,0.01,0.01,37.01,0.626335040420135
False,0.01,0.01,0.01,50.01,1.130489638656957
False,0.01,0.01,0.01,52.01,0.7747608239261358
False,0.01,0.01,0.01,38.01,1.1694770060707922
False,0.01,0.01,1.01,38.01,0.898979301915545
True,0.01,0.01,0.01,37.01,1.2926808292991347
False,0.01,0.01,0.01,44.01,0.5617299591504294
True,0.01,0.01,0.01,39.01,0.6193722459114132
True,0.01,0.01,0.01,40.01,1.0875010616815353
False,0.01,0.01,0.01,41.01,0.44271601301295005
False,0.01,0.01,0.01,50.01,0.585683516374841
False,1.01,0.01,0.01,31.009999999999998,0.4456884171652774
False,0.01,1.01,0.01,39.01,1.1009485901567024
True,0.01,0.01,1.01,39.01,1.161090294077303
True,0.01,1.01,2.01,36.01,1.177092928325771
False,0.01,0.01,1.01,38.01,1.2608431043286
False,0.01,0.01,0.01,40.01,0.7922753235370822
False,0.01,1.01,1.01,47.01,0.7329134212633467
False,0.01,0.01,1.01,49.01,0.9691602698311423
True,0.01,1.01,1.01,44.01,1.0303138290338063
True,0.01,0.01,1.01,41.01,1.7477121800692068
False,0.01,1.01,1.01,33.01,1.0657511614851445
False,0.01,0.01,0.01,52.01,0.956845138705517
True,1.01,0.01,0.01,29.009999999999998,1.1323105672449933
False,0.01,0.01,0.01,30.009999999999998,1.194024337146607
False,0.01,1.01,1.01,34.01,1.2162680375180375
False,1.01,0.01,0.01,40.01,1.1650273741448134
True,1.01,0.01,2.01,45.01,1.915011110462429
False,1.01,1.01,7.01,38.01,1.0513354075873802
False,1.01,0.01,2.01,46.01,0.7758283816832569
False,0.01,0.01,1.01,34.01,1.2501069622555652
False,0.01,1.01,0.01,44.01,1.0409434820577361
False,0.01,0.01,0.01,53.01,1.1382796848248362
False,0.01,0.01,0.01,31.009999999999998,1.020058276070479
False,0.01,1.01,1.01,34.01,0.9890573663156991
True,0.01,0.01,1.01,45.01,1.5448093442130248
False,0.01,1.01,1.01,42.01,0.9019275381829734
True,0.01,0.01,1.01,47.01,1.101320375104076
False,0.01,1.01,0.01,41.01,0.921948552519156
True,0.01,0.01,0.01,46.01,0.773675865365124
False,0.01,0.01,1.01,36.01,1.4455056855454624
False,0.01,0.01,2.01,30.009999999999998,1.3174145430930513
False,0.01,0.01,0.01,41.01,0.9019010360214622
False,1.01,0.01,2.01,30.009999999999998,1.5453151559769205
False,0.01,0.01,0.01,36.01,0.7956757995920194
True,0.01,0.01,1.01,46.01,1.0674506058441153
True,0.01,1.01,0.01,33.01,1.0181557478845424
True,1.01,2.01,1.01,37.01,1.430478070711805
True,1.01,0.01,1.01,33.01,0.9502121817745571
True,2.01,0.01,0.01,39.01,1.018471871402518
False,1.01,0.01,3.01,44.01,1.2854446924819156
False,0.01,4.01,2.01,46.01,0.7156174239569988
True,0.01,2.01,0.01,43.01,0.6943342163266305
False,2.01,2.01,1.01,32.01,1.2328412960139332
True,0.01,0.01,0.01,45.01,0.910401178855674
True,2.01,2.01,0.01,41.01,0.9596334825989588
False,1.01,2.01,2.01,45.01,0.8109511025358738
True,1.01,0.01,0.01,44.01,0.8980386312460406
False,1.01,2.01,4.01,41.01,1.1733703816020027
True,0.01,4.01,1.01,35.01,1.0592714594816521
False,2.01,1.01,2.01,44.01,1.2806709815711288
True,2.01,3.01,4.01,47.01,0.738803184489664
True,4.01,2.01,2.01,47.01,0.7298866058161437
False,1.01,0.01,1.01,48.01,1.1183348892952618
False,0.01,1.01,0.01,43.01,0.7689424233377075
False,0.01,0.01,0.01,43.01,1.4720837962396511
False,0.01,0.01,0.01,42.01,1.109329788824637
True,0.01,0.01,0.01,48.01,1.0626341160072732
True,0.01,0.01,0.01,39.01,1.5450252015425454
False,1.01,0.01,1.01,33.01,0.9054513335056241
True,1.01,0.01,1.01,33.01,0.763457113987428
True,0.01,0.01,0.01,33.01,0.9131749935922182
False,0.01,0.01,0.01,47.01,1.228574130625063
True,1.01,0.01,0.01,43.01,0.8536833569516573
True,0.01,1.01,0.01,35.01,1.6851092578213918
True,1.01,0.01,0.01,36.01,0.701595443605935
False,0.01,0.01,2.01,37.01,1.2446196332415607
False,1.01,0.01,0.01,39.01,1.0166098078002341
True,0.01,0.01,2.01,33.01,0.8526884024491681
True,1.01,0.01,1.01,34.01,1.087107012786896
False,0.01,0.01,1.01,52.01,0.795140688510619
False,0.01,1.01,1.01,28.009999999999998,0.7282265494343866
True,1.01,2.01,0.01,33.01,0.9071955460675195
False,1.01,1.01,2.01,39.01,0.7456487530168768
False,0.01,2.01,2.01,47.01,1.1722770831069422
False,2.01,0.01,2.01,37.01,1.4296986309436592
True,1.01,3.01,1.01,55.01,1.4364830646259048
True,2.01,2.01,0.01,34.01,0.785216683771501
False,1.01,1.01,4.01,51.01,0.6928826880143022
False,1.01,2.01,1.01,33.01,1.1012738391592805
False,1.01,4.01,3.01,40.01,1.5615378511112314
False,2.01,3.01,2.01,40.01,1.1209725286689511
False,2.01,3.01,2.01,37.01,1.0729826890778384
True,1.01,4.01,2.01,35.01,2.031834992004152
False,3.01,3.01,1.01,35.01,1.2646642391161615
False,2.01,6.01,2.01,49.01,0.9754612366906328
False,0.01,0.01,0.01,39.01,0.5736249922679814
True,0.01,0.01,0.01,46.01,1.2386181094230817
True,0.01,0.01,1.01,30.009999999999998,0.8975802792799636
True,0.01,1.01,0.01,28.009999999999998,0.85216352999496
False,0.01,1.01,0.01,39.01,0.9746057636471266
False,0.01,0.01,0.01,35.01,0.8863196814419083
True,0.01,0.01,0.01,43.01,1.2934984683775006
False,0.01,0.01,0.01,46.01,0.4415214715417556
True,0.01,0.01,2.01,35.01,1.017249657364138
False,0.01,0.01,0.01,44.01,0.8107131998326117
False,0.01,0.01,0.01,38.01,0.987243258041363
False,0.01,0.01,0.01,45.01,1.143054089468058
False,0.01,1.01,2.01,35.01,0.6848679546260189
False,1.01,1.01,0.01,43.01,0.8196054849100228
False,0.01,1.01,0.01,48.01,1.0780139919757772
True,0.01,0.01,0.01,42.01,0.7659303711695952
False,0.01,1.01,2.01,44.01,0.5814505575940667
False,0.01,3.01,1.01,37.01,0.8598444184029843
False,0.01,0.01,1.01,50.01,0.8170749596271416
True,1.01,0.01,1.01,41.01,1.0047422177884364
False,0.01,1.01,2.01,40.01,0.7914683807622712
False,2.01,1.01,0.01,46.01,1.430950742564057
False,1.01,0.01,0.01,36.01,0.8794890039940055
True,1.01,1.01,0.01,51.01,0.7566666769696144
True,1.01,1.01,2.01,36.01,0.9303468624689337
False,2.01,0.01,2.01,36.01,0.7127104599073708
False,1.01,0.01,1.01,38.01,1.074494518863934
False,0.01,1.01,3.01,34.01,1.0057563691271119
True,2.01,0.01,1.01,42.01,0.6101042805546004
False,1.01,0.01,1.01,36.01,0.7905524385507472
False,1.01,1.01,1.01,32.01,0.9113883325925715
True,0.01,0.01,0.01,45.01,0.9967948959881122
False,0.01,3.01,2.01,57.01,1.0032436787846455
False,0.01,0.01,0.01,33.01,0.9493407772091679
False,1.01,0.01,0.01,29.009999999999998,0.6675851583451877
True,0.01,0.01,0.01,40.01,0.9898476675200829
False,0.01,0.01,1.01,43.01,1.0378460756197339
False,0.01,0.01,0.01,42.01,0.8030119550383338
True,1.01,0.01,0.01,40.01,0.9619764265205688
True,0.01,1.01,1.01,43.01,0.8484892469841796
True,0.01,0.01,1.01,37.01,1.3404699032347007
True,1.01,0.01,0.01,42.01,0.6323936996640361
False,0.01,0.01,0.01,40.01,1.6028391207778465
False,0.01,0.01,0.01,43.01,1.059046161074046
True,1.01,1.01,1.01,39.01,0.4547143804861695
False,1.01,1.01,1.01,41.01,1.1103157355641826
False,0.01,1.01,3.01,30.009999999999998,0.8475604240653917
False,1.01,1.01,2.01,44.01,1.4127384273609567
False,0.01,0.01,0.01,42.01,0.8874503291203908
False,0.01,0.01,0.01,31.009999999999998,1.3543723981537579
True,0.01,0.01,2.01,35.01,1.2614047281116594
True,0.01,0.01,1.01,25.009999999999998,1.109845009099641
False,0.01,1.01,0.01,49.01,0.97908498379914
False,0.01,0.01,1.01,35.01,1.2891771363099185
False,1.01,0.01,0.01,47.01,0.9506472336579735
True,0.01,0.01,3.01,34.01,0.5665920138189235
False,1.01,0.01,0.01,44.01,1.2018711439633976
False,0.01,0.01,1.01,38.01,1.0636959812755702
True,0.01,0.01,0.01,38.01,0.9504449181314295
True,3.01,2.01,0.01,50.01,0.7657106723156495
True,1.01,0.01,1.01,42.01,0.9204081140715955
True,1.01,4.01,1.01,40.01,0.624312019042442
False,4.01,3.01,1.01,39.01,0.554043793173622
False,2.01,3.01,0.01,32.01,1.2048454032736542
False,2.01,0.01,0.01,38.01,1.318576383245779
True,1.01,10.01,2.01,35.01,1.1048742804780078
False,0.01,0.01,0.01,39.01,0.6358054116103136
False,1.01,0.01,0.01,36.01,0.8024219595598542
True,0.01,0.01,0.01,42.01,1.3020963366935232
True,0.01,0.01,1.01,42.01,0.8833889753555662
False,0.01,0.01,2.01,34.01,0.772392350888048
False,1.01,0.01,1.01,46.01,0.9803199930254407
True,0.01,0.01,0.01,40.01,0.9782843012455581
True,1.01,0.01,2.01,32.01,1.146041732901936
True,1.01,0.01,1.01,41.01,1.2002850352196603
False,0.01,0.01,0.01,43.01,0.949416449876664
False,1.01,0.01,0.01,45.01,0.7485200486976791
False,0.01,0.01,0.01,41.01,0.9682478909050918
True,0.01,0.01,2.01,42.01,1.747775443773583
True,0.01,2.01,0.01,41.01,0.8105422398971518
False,2.01,0.01,0.01,40.01,0.9059663035387696
True,0.01,1.01,1.01,38.01,1.240137900010062
False,0.01,0.01,0.01,43.01,0.9469431593547477
False,1.01,0.01,0.01,30.009999999999998,1.1685091467761315
False,1.01,1.01,3.01,26.009999999999998,0.946610716641917
False,0.01,1.01,1.01,48.01,1.0599786093786885
False,0.01,0.01,2.01,32.01,0.7950256818256178
False,1.01,2.01,1.01,36.01,1.632146222986928
True,3.01,2.01,0.01,50.01,0.6533666247387347
True,2.01,1.01,1.01,31.009999999999998,1.0216028709370724
True,4.01,2.01,2.01,47.01,0.9312607283292439
False,2.01,1.01,1.01,39.01,0.6401475885260716
False,2.01,1.01,0.01,43.01,0.6570915050432202
True,2.01,2.01,1.01,31.009999999999998,1.0362199140658426
False,2.01,2.01,0.01,33.01,1.0665663815564492
False,1.01,1.01,1.01,26.009999999999998,1.0127420349964225
True,5.01,4.01,1.01,41.01,0.3901629771444013
False,7.01,2.01,2.01,32.01,0.9653405984112506
True,6.01,6.01,3.01,41.01,1.2437859302199645
True,0.01,0.01,0.01,39.01,1.4368718080533225
False,0.01,0.01,0.01,38.01,0.6636091580694278
False,0.01,2.01,0.01,45.01,0.6019448155444433
False,0.01,0.01,2.01,50.01,0.5990457310486564
False,0.01,0.01,1.01,44.01,1.2670063851872397
False,1.01,0.01,0.01,49.01,1.1972476535949577
False,0.01,1.01,1.01,39.01,0.89034721623666
False,0.01,0.01,2.01,49.01,0.8401554887604699
True,0.01,0.01,2.01,38.01,0.5608490891112843
False,0.01,1.01,0.01,30.009999999999998,0.6797292313833503
False,0.01,0.01,0.01,43.01,1.4293828806972895
True,1.01,0.01,2.01,40.01,1.23881768999313
False,0.01,0.01,0.01,41.01,1.228095106237911
False,0.01,0.01,2.01,27.009999999999998,1.1856952501706806
True,2.01,1.01,0.01,40.01,1.1340732288409674
False,0.01,0.01,1.01,31.009999999999998,1.206537474074067
False,1.01,1.01,0.01,45.01,0.9328419725250354
True,0.01,0.01,2.01,38.01,0.919849490970132
True,1.01,2.01,0.01,36.01,1.1025668594050944
True,1.01,0.01,2.01,29.009999999999998,1.1156564149403023
False,0.01,2.01,0.01,27.009999999999998,1.2776848513443886
True,0.01,3.01,1.01,44.01,0.8345769522341531
True,0.01,0.01,0.01,43.01,1.090963101658744
False,0.01,1.01,0.01,44.01,0.9129672309382253
True,1.01,0.01,1.01,44.01,1.140189539686953
True,0.01,3.01,2.01,47.01,1.0580031547293043
False,1.01,2.01,1.01,39.01,0.7742746563714571
False,2.01,1.01,1.01,31.009999999999998,1.0799755595894196
True,1.01,1.01,1.01,43.01,0.7835268560952703
False,0.01,0.01,0.01,37.01,1.0542592341943389
True,3.01,5.01,0.01,49.01,1.5389575749449511
False,3.01,0.01,4.01,38.01,1.2615701395825738
True,4.01,8.01,3.01,37.01,0.787055989841653
True,2.01,0.01,1.01,44.01,1.3144956767037548
False,2.01,0.01,0.01,43.01,1.1299662689578651
False,0.01,0.01,1.01,35.01,0.8341347526052169
True,1.01,0.01,0.01,45.01,0.7771635045190709
False,0.01,0.01,1.01,51.01,1.2891937232212376
False,0.01,0.01,1.01,47.01,0.719146459031045
True,0.01,0.01,3.01,47.01,1.090414991307805
False,1.01,0.01,0.01,45.01,1.1929774774048323
True,0.01,2.01,3.01,52.01,1.155632271149064
False,1.01,0.01,2.01,48.01,0.5723197868487901
False,0.01,0.01,1.01,40.01,0.8956001792411215
False,0.01,0.01,0.01,41.01,1.1399945533769065
True,0.01,1.01,1.01,46.01,0.8609387820899939
True,0.01,1.01,1.01,46.01,0.8340706378311379
False,1.01,2.01,2.01,28.009999999999998,1.0811403192924456
True,0.01,0.01,4.01,40.01,1.554643145124362
False,0.01,0.01,0.01,45.01,0.8713481118294941
True,0.01,0.01,1.01,39.01,1.6496357743698609
False,0.01,0.01,1.01,48.01,0.7814570212323464
False,0.01,2.01,1.01,55.01,0.6807631216912052
False,1.01,1.01,0.01,41.01,1.290602657263831
False,2.01,2.01,1.01,49.01,0.7214167881945884
False,1.01,0.01,4.01,40.01,1.47423649704076
True,1.01,1.01,1.01,45.01,0.7104568882916084
True,3.01,2.01,1.01,46.01,1.3029153175052173
True,0.01,7.01,1.01,36.01,1.3763673983323892
False,4.01,1.01,0.01,30.009999999999998,1.3253508956389526
False,3.01,2.01,1.01,36.01,0.6678583382076562
False,4.01,0.01,1.01,38.01,1.0238966697232068
False,2.01,1.01,0.01,44.01,0.7626560482436395
False,5.01,2.01,1.01,48.01,1.1656669339927732
True,4.01,6.01,1.01,43.01,1.214551757120562
False,3.01,5.01,1.01,39.01,1.2732350724389487
True,1.01,0.01,0.01,45.01,0.8746363808093753
False,0.01,0.01,2.01,40.01,0.6285529904858579
True,2.01,0.01,0.01,43.01,1.2459643790285124
True,0.01,0.01,2.01,39.01,1.104260874254626
False,0.01,0.01,0.01,43.01,0.8600915421378372
False,1.01,1.01,1.01,41.01,1.0085604994100623
True,2.01,0.01,0.01,42.01,0.9701116616614746
False,0.01,0.01,0.01,53.01,1.1045153259165192
False,0.01,1.01,0.01,48.01,1.497088700869909
False,0.01,0.01,0.01,37.01,0.516466331413956
False,2.01,1.01,0.01,40.01,1.6339247131542916
False,0.01,0.01,1.01,42.01,1.0107659936880684
False,0.01,1.01,0.01,26.009999999999998,1.719345334932571
False,0.01,0.01,2.01,33.01,0.5327713225808295
True,0.01,0.01,0.01,41.01,1.505199422454029
True,1.01,1.01,1.01,41.01,0.9341385043490029
False,1.01,0.01,1.01,39.01,1.2566031575181251
True,0.01,0.01,2.01,37.01,1.5706256623398036
True,0.01,0.01,0.01,40.01,1.7131917516757333
False,0.01,0.01,2.01,39.01,0.8761098611636419
False,1.01,1.01,1.01,48.01,1.3002872868883506
False,0.01,1.01,1.01,48.01,1.1110869511753187
False,1.01,1.01,3.01,43.01,0.9567226676105742
False,3.01,0.01,0.01,36.01,0.7351508797734722
False,0.01,0.01,3.01,36.01,0.95865128066854
False,0.01,0.01,3.01,39.01,1.3084904487910782
False,2.01,0.01,3.01,34.01,1.1402220662268507
False,0.01,1.01,0.01,49.01,0.7018550735081943
True,2.01,0.01,1.01,47.01,1.1224422812753547
True,1.01,1.01,2.01,33.01,1.4683846581090352
False,1.01,3.01,1.01,43.01,1.058551785668154
False,1.01,0.01,2.01,41.01,1.6074064160632624
True,2.01,1.01,0.01,34.01,1.9721478552144054
True,1.01,1.01,0.01,42.01,1.2703636637574376
False,0.01,1.01,1.01,39.01,1.0353156437710573
True,0.01,1.01,2.01,45.01,0.8917443392871073
False,0.01,0.01,0.01,47.01,0.9781701033321146
True,1.01,0.01,1.01,59.01,1.137563839971897
False,1.01,0.01,1.01,42.01,1.5727935634840087
False,0.01,0.01,1.01,37.01,0.7493604030000423
False,0.01,1.01,1.01,41.01,0.8767917786265733
False,1.01,0.01,0.01,36.01,0.9946878021702308
True,1.01,0.01,0.01,43.01,1.0166474525716667
True,1.01,1.01,1.01,43.01,1.0021367526077574
True,0.01,3.01,2.01,49.01,1.3242388124866504
True,1.01,1.01,2.01,48.01,0.9788666615830466
False,1.01,2.01,0.01,41.01,0.539627974818778
False,2.01,0.01,1.01,35.01,1.545273196588986
True,1.01,2.01,1.01,48.01,0.5899387767923236
False,4.01,1.01,2.01,55.01,1.3421259756816477
False,3.01,0.01,0.01,40.01,0.6945904234120555
False,1.01,1.01,0.01,58.01,0.6181441669676963
False,3.01,1.01,1.01,46.01,0.5949379743856487
False,1.01,0.01,0.01,38.01,0.7185612300800042
True,3.01,1.01,2.01,51.01,1.1455292026275496
True,2.01,2.01,2.01,44.01,1.0535623687208553
False,3.01,3.01,1.01,50.01,0.7736530563067431
False,3.01,1.01,0.01,40.01,0.9751190980370298
False,3.01,2.01,2.01,41.01,0.8440492260993111
False,3.01,4.01,1.01,43.01,0.9744805467772429
False,0.01,4.01,3.01,41.01,1.2034244136332644
True,6.01,3.01,0.01,38.01,0.9909909656103884
True,2.01,5.01,3.01,42.01,1.2045107941506112
False,4.01,3.01,1.01,39.01,1.0214460012629456
False,4.01,5.01,2.01,47.01,0.977521704895961
False,11.01,3.01,2.01,46.01,1.1707304028681371
False,2.01,1.01,0.01,44.01,0.8527399183996988
True,0.01,0.01,1.01,42.01,0.934870838812151
True,0.01,1.01,1.01,31.009999999999998,1.345188066711836
True,2.01,0.01,3.01,42.01,0.9220343239051548
False,0.01,3.01,2.01,43.01,0.9969880519692997
False,1.01,1.01,0.01,23.009999999999998,0.9481563312032555
False,0.01,0.01,0.01,25.009999999999998,1.0596812811982268
False,0.01,1.01,1.01,45.01,0.7079457323733398
False,4.01,2.01,1.01,39.01,1.2090685950324624
True,0.01,3.01,0.01,44.01,0.7008953412104862
False,3.01,0.01,2.01,37.01,1.4301055377840872
True,3.01,0.01,0.01,30.009999999999998,0.8257398498975477
False,1.01,2.01,0.01,41.01,1.1976229489335313
False,0.01,0.01,0.01,30.009999999999998,0.6727395188944344
True,1.01,0.01,0.01,31.009999999999998,1.350688305872067
False,1.01,5.01,0.01,35.01,1.4790617830988337
True,0.01,1.01,2.01,47.01,0.5047154224008443
False,4.01,2.01,0.01,44.01,0.7379846517719517
True,1.01,3.01,1.01,42.01,1.157648432959878
False,2.01,2.01,0.01,35.01,0.8081166048749668
True,4.01,3.01,1.01,44.01,0.9572608368973033
True,3.01,2.01,0.01,39.01,1.1681970068766743
False,3.01,3.01,1.01,42.01,0.8053976103793381
False,4.01,2.01,2.01,38.01,0.5924802271419035
False,3.01,5.01,3.01,46.01,0.6918553164434635
True,2.01,10.01,0.01,46.01,0.7242560313249968
False,7.01,6.01,3.01,43.01,0.8133961465713253
False,8.01,10.01,2.01,50.01,1.3598678259159385
False,10.01,6.01,2.01,37.01,1.1512328731808712
False,9.01,11.01,1.01,39.01,1.1457635626502825
True,7.01,9.01,3.01,33.01,0.768376988996388
True,3.01,19.009999999999998,4.01,36.01,0.9851241936817754
False,0.01,1.01,1.01,43.01,1.1702705443056118
False,0.01,0.01,2.01,42.01,1.0176794453052103
False,0.01,0.01,1.01,37.01,1.030842378465358
False,0.01,0.01,0.01,41.01,1.0937414863610564
True,0.01,2.01,3.01,43.01,0.5895021042744134
True,1.01,0.01,1.01,45.01,1.089702007225295
True,0.01,1.01,1.01,40.01,1.0297747072851684
True,1.01,1.01,1.01,36.01,0.9100553113334306
False,0.01,1.01,1.01,44.01,1.1115810088604208
True,0.01,2.01,2.01,46.01,1.405083240348559
True,0.01,0.01,1.01,46.01,1.6135871197656124
False,0.01,1.01,0.01,43.01,0.915849708366157
False,1.01,0.01,0.01,44.01,0.9937989064338806
False,1.01,0.01,2.01,38.01,0.8024420622974655
True,1.01,0.01,0.01,54.01,1.3794628289945563
False,1.01,2.01,1.01,28.009999999999998,1.1525577345917741
True,2.01,1.01,0.01,41.01,1.00210875517752
False,5.01,1.01,1.01,39.01,1.056001527220045
False,1.01,4.01,0.01,47.01,0.6398289634227832
True,2.01,2.01,3.01,43.01,1.6185209275426669
True,2.01,3.01,2.01,44.01,1.301140715372252
False,2.01,1.01,1.01,44.01,0.9332156842673526
True,2.01,1.01,1.01,37.01,1.0136190420842006
False,2.01,4.01,0.01,35.01,1.1359757802090424
False,3.01,7.01,1.01,38.01,0.6472937623741047
True,4.01,5.01,0.01,38.01,0.9793804372383969
False,4.01,4.01,2.01,39.01,0.5333662202861112
False,8.01,2.01,2.01,42.01,0.6856013501793553
True,3.01,2.01,1.01,41.01,1.0976526392213444
False,5.01,6.01,1.01,37.01,1.1134824740057416
False,6.01,8.01,2.01,35.01,1.1571032509673482
False,4.01,5.01,6.01,34.01,0.7350838454443376
False,0.01,0.01,2.01,36.01,1.372345072374926
True,0.01,1.01,1.01,40.01,1.2686729038913098
False,0.01,0.01,0.01,32.01,0.9123755651894496
True,0.01,0.01,1.01,34.01,0.792145099672943
True,0.01,0.01,0.01,44.01,1.2694030041224178
True,0.01,0.01,1.01,34.01,1.4040142756017722
False,0.01,0.01,1.01,50.01,0.8948137045924432
False,0.01,0.01,1.01,33.01,1.2008446421604317
True,1.01,0.01,0.01,31.009999999999998,1.6133511365319149
False,0.01,1.01,0.01,31.009999999999998,1.2765778842342275
True,0.01,1.01,0.01,39.01,1.1248522016740512
False,0.01,0.01,0.01,34.01,0.7535127877239284
False,0.01,3.01,0.01,50.01,0.43590619637210815
False,0.01,0.01,0.01,39.01,0.7556224005402763
False,0.01,1.01,0.01,33.01,0.6808719955940389
True,0.01,0.01,0.01,35.01,1.017454303948581
False,2.01,0.01,0.01,28.009999999999998,1.2544652362392572
False,0.01,4.01,0.01,39.01,0.6312713984439604
True,1.01,0.01,0.01,48.01,0.9850707722648724
False,1.01,0.01,1.01,32.01,0.6862279965776342
False,0.01,3.01,1.01,43.01,1.0312880809818281
False,0.01,3.01,3.01,41.01,0.6158018770480072
False,0.01,0.01,0.01,31.009999999999998,0.7862370600528943
False,1.01,1.01,1.01,40.01,0.7325767953207425
False,0.01,1.01,1.01,37.01,1.090705069678606
True,1.01,2.01,0.01,40.01,1.0447102912213118
True,0.01,1.01,1.01,57.01,0.9677133789765248
False,0.01,1.01,1.01,35.01,1.1662466823980773
False,1.01,0.01,2.01,32.01,1.1182957849696258
True,1.01,0.01,2.01,23.009999999999998,1.4250929162721995
False,0.01,1.01,1.01,31.009999999999998,1.2415453961306406
False,0.01,2.01,1.01,41.01,0.7550742352240589
False,2.01,0.01,2.01,44.01,1.242788926295024
True,1.01,0.01,0.01,43.01,0.6572374402866393
False,0.01,2.01,0.01,32.01,0.8921217361631552
False,0.01,0.01,2.01,44.01,0.9277985371884145
True,1.01,1.01,2.01,40.01,1.0721086379249878
False,0.01,0.01,0.01,38.01,1.2090525586700294
False,1.01,0.01,0.01,42.01,1.267621862185076
True,1.01,0.01,1.01,34.01,0.7423704435660956
False,0.01,0.01,1.01,43.01,0.9868365229042977
True,0.01,0.01,0.01,51.01,0.6538987948219473
True,0.01,0.01,0.01,41.01,0.7356855950350242
False,0.01,0.01,0.01,42.01,1.2294483904326612
False,1.01,1.01,0.01,39.01,1.1101776807329589
False,1.01,0.01,1.01,39.01,1.3600258526854028
True,1.01,0.01,2.01,47.01,0.6186613924398918
False,0.01,0.01,1.01,39.01,1.5566125340546844
False,0.01,0.01,0.01,43.01,0.9825470334878873
True,0.01,0.01,0.01,48.01,0.7767953725507619
False,0.01,1.01,0.01,44.01,0.9002388840301021
True,0.01,0.01,2.01,48.01,0.9372807079558869
True,2.01,0.01,0.01,40.01,0.5488437082069647
False,0.01,0.01,0.01,42.01,1.3880812179099384
True,0.01,1.01,0.01,53.01,1.2234700921763944
False,1.01,0.01,0.01,40.01,0.6985423349871742
True,1.01,0.01,0.01,30.009999999999998,1.1335464193259983
True,1.01,0.01,1.01,35.01,0.9699997950224811
False,1.01,0.01,0.01,49.01,0.6912516028729515
False,0.01,1.01,3.01,39.01,0.7450206364763425
False,2.01,3.01,0.01,49.01,0.9352258439836519
False,2.01,0.01,1.01,41.01,1.113525735620778
True,1.01,1.01,1.01,49.01,1.0921070237726238
False,1.01,1.01,2.01,33.01,1.3809698042029934
True,1.01,0.01,6.01,44.01,0.7869185725068077
False,3.01,2.01,0.01,50.01,0.8131164318349673
False,1.01,0.01,0.01,46.01,0.868096938689425
False,0.01,0.01,0.01,49.01,1.3482626798651642
True,1.01,0.01,0.01,31.009999999999998,1.2471118335270843
True,0.01,0.01,0.01,46.01,0.8608116621324168
False,0.01,0.01,0.01,52.01,0.5750396450125403
False,0.01,0.01,0.01,40.01,0.9192653254704265
True,0.01,0.01,0.01,37.01,1.0261342014167516
True,0.01,0.01,1.01,32.01,1.1548843819676744
False,0.01,1.01,3.01,39.01,0.6893144777033423
False,0.01,0.01,1.01,45.01,0.5582127507124279
True,0.01,0.01,1.01,48.01,0.9780729646414724
True,0.01,1.01,0.01,34.01,1.1715412120181299
True,0.01,0.01,1.01,38.01,0.5135779001931466
False,1.01,0.01,1.01,37.01,1.009171616408869
True,2.01,0.01,0.01,36.01,1.2925743859601337
False,0.01,0.01,3.01,39.01,0.7647073137298954
True,0.01,0.01,1.01,45.01,0.8649774167990875
False,0.01,0.01,1.01,42.01,0.8365901514138491
False,0.01,0.01,2.01,38.01,1.1624123591348932
False,0.01,0.01,1.01,44.01,1.3521132709532142
False,0.01,0.01,0.01,36.01,0.7170750624422988
False,1.01,1.01,0.01,38.01,0.5262716153815225
False,0.01,2.01,1.01,45.01,0.8945785328928308
False,0.01,0.01,0.01,41.01,0.9886562545559827
True,0.01,0.01,0.01,46.01,0.8362664627430418
False,0.01,0.01,1.01,56.01,0.9631013509082562
False,1.01,0.01,2.01,43.01,1.6119128244023389
True,0.01,0.01,0.01,36.01,1.4026801398591282
False,1.01,7.01,2.01,43.01,0.7344184599328035
True,3.01,0.01,1.01,36.01,1.1912748439351903
True,2.01,1.01,2.01,32.01,0.8826548923224786
False,2.01,1.01,1.01,24.009999999999998,0.6433803430467752
False,1.01,4.01,1.01,27.009999999999998,0.6604739135367623
True,0.01,1.01,0.01,33.01,0.9169526923294672
False,1.01,0.01,0.01,39.01,1.0411005424860986
False,0.01,0.01,4.01,34.01,1.4609521808272155
True,0.01,0.01,0.01,31.009999999999998,1.1310381075673428
False,1.01,0.01,1.01,44.01,0.6227745712921757
True,0.01,0.01,1.01,35.01,1.2065095346336794
False,0.01,0.01,0.01,42.01,0.47477611011279747
True,0.01,1.01,0.01,53.01,1.258120073110735
False,0.01,0.01,0.01,41.01,0.8007162281505206
True,0.01,0.01,0.01,34.01,1.18283330714329
False,0.01,0.01,1.01,43.01,1.9649502516317532
True,0.01,0.01,0.01,45.01,1.0813503905647024
False,0.01,0.01,1.01,48.01,1.4767558167846593
True,0.01,0.01,0.01,39.01,0.8789280555941146
False,0.01,0.01,0.01,53.01,0.49073749796002536
False,0.01,0.01,0.01,50.01,1.5377383707211965
True,0.01,0.01,2.01,33.01,1.0770476656678394
True,0.01,1.01,0.01,41.01,2.4956523177690153
False,1.01,0.01,1.01,42.01,0.7760503434784981
False,0.01,1.01,0.01,32.01,0.9829016349831421
True,0.01,0.01,0.01,40.01,1.5003513124527228
True,0.01,0.01,0.01,45.01,0.997568020833606
True,0.01,0.01,0.01,35.01,1.0659964751655375
False,0.01,1.01,0.01,48.01,1.3408071145321656
False,0.01,0.01,1.01,42.01,1.5418331859768317
True,0.01,3.01,1.01,39.01,0.8397871897913562
False,0.01,1.01,0.01,39.01,0.8143959562341915
False,0.01,0.01,3.01,37.01,0.916826801362037
False,1.01,0.01,0.01,36.01,1.4289860341331448
False,1.01,0.01,1.01,46.01,1.293307611446062
True,2.01,1.01,2.01,49.01,1.894121920329006
False,0.01,0.01,3.01,46.01,1.3537250193332035
False,1.01,2.01,2.01,30.009999999999998,0.9811483944697447
True,0.01,0.01,0.01,35.01,1.3943490192813996
False,0.01,0.01,1.01,34.01,0.6717568423808051
True,0.01,0.01,0.01,50.01,1.0285609474843271
True,0.01,0.01,0.01,47.01,0.6168973157428499
False,0.01,0.01,0.01,46.01,1.0868578755213913
False,0.01,0.01,2.01,36.01,0.8597425741484032
False,0.01,0.01,0.01,32.01,0.7771147305996376
False,1.01,0.01,0.01,36.01,0.5230860865902746
True,0.01,0.01,3.01,36.01,0.8976879071436579
True,0.01,0.01,2.01,51.01,0.837798067378149
True,0.01,1.01,0.01,37.01,0.8221944665564831
False,0.01,1.01,0.01,43.01,0.9067264919001193
True,0.01,1.01,1.01,42.01,0.8257113657084094
True,1.01,3.01,0.01,39.01,1.0383461576873187
False,1.01,0.01,0.01,35.01,0.5398488243389259
False,0.01,2.01,0.01,36.01,1.4317992968017543
False,0.01,1.01,0.01,49.01,1.346643452824096
True,1.01,0.01,0.01,41.01,1.0857884062074405
True,0.01,1.01,0.01,48.01,0.8754920114884207
False,0.01,0.01,0.01,39.01,0.9292222048652001
False,0.01,2.01,3.01,47.01,0.5432984750986354
False,0.01,3.01,0.01,34.01,0.5667686519691754
True,1.01,0.01,1.01,40.01,1.2242258511070585
False,0.01,0.01,4.01,36.01,1.6671125059909684
False,1.01,0.01,0.01,52.01,1.0227750681106238
True,0.01,1.01,0.01,35.01,1.2104612959405487
False,1.01,2.01,0.01,32.01,1.4545414215217038
False,2.01,3.01,3.01,27.009999999999998,0.6904668772215091
True,0.01,0.01,1.01,37.01,1.1822213815976144
True,4.01,3.01,2.01,38.01,1.4615101525761363
False,2.01,2.01,3.01,42.01,1.0066942471657316
False,4.01,1.01,1.01,36.01,0.9602664917957272
False,1.01,6.01,3.01,51.01,1.6902895982058819
False,0.01,0.01,0.01,40.01,1.591565545376914
False,1.01,0.01,0.01,44.01,0.6734428616687664
False,0.01,0.01,1.01,38.01,0.9611281585644009
False,0.01,0.01,0.01,31.009999999999998,0.7093440084934697
False,0.01,1.01,1.01,34.01,0.8478733444211641
True,0.01,0.01,0.01,29.009999999999998,1.162046117251461
False,0.01,0.01,1.01,50.01,1.226224533249608
True,0.01,0.01,0.01,37.01,1.2765021553454081
False,0.01,0.01,1.01,29.009999999999998,1.5171872097447545
True,0.01,0.01,0.01,52.01,1.308319334481431
True,0.01,0.01,0.01,36.01,0.8398634297462698
False,0.01,1.01,0.01,40.01,1.118790677413127
False,0.01,1.01,2.01,40.01,1.5510897331337823
False,0.01,1.01,0.01,31.009999999999998,1.137537692399386
True,0.01,1.01,0.01,30.009999999999998,1.3875534535171827
False,2.01,0.01,0.01,34.01,1.7332534264247927
True,0.01,1.01,1.01,40.01,0.6068592741938184
True,0.01,0.01,1.01,37.01,1.5063193770937542
False,1.01,0.01,0.01,33.01,0.9148440341282174
True,0.01,0.01,0.01,38.01,1.2835936617455295
False,1.01,0.01,1.01,32.01,0.67251304622014
True,1.01,0.01,2.01,35.01,1.0486198464167988
False,1.01,0.01,0.01,41.01,0.8220414217340576
True,1.01,2.01,2.01,40.01,1.5821751742668297
False,0.01,1.01,1.01,46.01,0.8526695162016085
True,1.01,2.01,0.01,43.01,0.49487557513292807
False,1.01,0.01,2.01,53.01,0.5482249414069901
True,2.01,0.01,0.01,50.01,1.3791781424994927
False,0.01,2.01,1.01,33.01,0.4663397489233847
True,1.01,0.01,2.01,30.009999999999998,1.050471436064479
False,3.01,1.01,2.01,45.01,1.0770137394330528
False,3.01,3.01,2.01,47.01,1.4980028904097564
False,1.01,4.01,4.01,39.01,0.9180899593767861
True,0.01,0.01,0.01,33.01,0.595147595097883
False,0.01,0.01,0.01,31.009999999999998,0.4620816460675254
True,1.01,0.01,0.01,43.01,0.8530662172880247
False,1.01,0.01,2.01,39.01,0.5319418282332664
True,0.01,0.01,1.01,39.01,1.3078680547948114
True,1.01,0.01,1.01,45.01,1.2168114422050726
False,0.01,0.01,1.01,32.01,0.8903491392826431
False,1.01,0.01,0.01,50.01,1.6991929267106178
False,0.01,0.01,1.01,45.01,0.6255204278559522
False,0.01,0.01,0.01,38.01,0.6980759329800654
False,0.01,0.01,0.01,37.01,1.0446794454416406
False,0.01,0.01,0.01,42.01,1.0637152316543943
True,0.01,1.01,2.01,31.009999999999998,1.2873812765287702
False,0.01,0.01,1.01,40.01,1.5796967692089647
False,0.01,0.01,0.01,34.01,0.785822565806581
False,0.01,0.01,2.01,35.01,1.620916916864565
False,0.01,0.01,0.01,39.01,1.1047124888770605
True,3.01,0.01,0.01,34.01,0.6998612995842369
True,0.01,0.01,2.01,45.01,1.0160372197328718
False,1.01,0.01,1.01,54.01,0.9083280368399839
True,0.01,3.01,1.01,36.01,0.3671168784385104
True,0.01,2.01,1.01,45.01,0.4534728863327934
False,0.01,0.01,0.01,40.01,1.4131243216421234
True,0.01,2.01,3.01,39.01,0.4889826362562806
False,0.01,0.01,0.01,39.01,0.715570168304135
False,2.01,0.01,1.01,36.01,1.0448784695047701
True,1.01,1.01,0.01,44.01,0.5505792155792155
True,0.01,1.01,3.01,44.01,0.9855230336265806
True,2.01,1.01,1.01,38.01,1.5219876393561877
False,1.01,0.01,0.01,31.009999999999998,0.5599351570724951
False,2.01,0.01,0.01,48.01,0.5783387353623926
False,0.01,2.01,1.01,42.01,0.8718617010135562
False,2.01,4.01,1.01,53.01,0.8655905028284249
False,0.01,0.01,0.01,29.009999999999998,0.8306595274398202
False,0.01,0.01,1.01,42.01,1.0967546672013975
True,0.01,0.01,0.01,36.01,0.8327468858798164
False,0.01,1.01,1.01,36.01,0.9731633915197697
False,0.01,0.01,1.01,42.01,0.8226551073027718
False,0.01,1.01,1.01,42.01,1.202371409298614
False,0.01,3.01,1.01,39.01,0.7246718043662601
False,0.01,1.01,0.01,30.009999999999998,0.9890823606338779
True,0.01,0.01,0.01,39.01,0.8212082706318903
False,0.01,0.01,0.01,39.01,1.1935363189396824
True,0.01,0.01,0.01,35.01,0.858871924303055
False,1.01,1.01,0.01,36.01,1.1622309740944783
False,0.01,2.01,1.01,31.009999999999998,0.8880502063275411
False,0.01,0.01,0.01,42.01,0.8932161055493874
False,0.01,1.01,0.01,37.01,0.9927909277432295
True,1.01,0.01,2.01,40.01,0.8291956100630808
False,2.01,1.01,0.01,37.01,1.2250352553660957
True,0.01,0.01,1.01,29.009999999999998,0.6796750619216986
True,0.01,0.01,1.01,38.01,0.8478296306867735
False,0.01,1.01,1.01,40.01,0.8813300746221896
False,1.01,0.01,2.01,30.009999999999998,1.1740936645514108
False,1.01,3.01,3.01,35.01,0.7233513015215507
True,2.01,0.01,1.01,30.009999999999998,1.0462940045210283
True,0.01,0.01,2.01,35.01,0.5805547832156571
True,0.01,1.01,0.01,41.01,1.4310895051677115
False,1.01,1.01,1.01,32.01,1.1523410190182515
False,2.01,2.01,0.01,43.01,0.8532629051022554
True,0.01,3.01,1.01,44.01,1.0833566346967338
False,1.01,3.01,1.01,34.01,0.8972910063746314
True,0.01,2.01,1.01,40.01,0.8395820972231011
True,1.01,2.01,3.01,46.01,1.6285326361722658
False,1.01,2.01,2.01,30.009999999999998,1.857811310884471
True,0.01,3.01,3.01,40.01,1.384140159384107
False,0.01,1.01,1.01,37.01,1.1952331916624923
False,0.01,0.01,0.01,44.01,1.0171249992840443
False,0.01,0.01,0.01,39.01,1.2623891604959139
True,0.01,0.01,1.01,51.01,1.4271254083668392
False,0.01,0.01,1.01,45.01,0.8133216476169767
False,0.01,0.01,0.01,38.01,0.97748635035261
False,2.01,2.01,2.01,32.01,1.3228372929843
True,0.01,1.01,0.01,41.01,1.5247671310173192
True,0.01,0.01,1.01,39.01,1.0288270329974187
False,1.01,1.01,0.01,31.009999999999998,0.8974931391086262
False,0.01,0.01,1.01,36.01,1.1439121731450277
False,0.01,0.01,1.01,35.01,1.4393399875220871
True,1.01,1.01,1.01,38.01,0.9627177393775577
False,1.01,0.01,0.01,43.01,1.0680189941730542
True,0.01,0.01,1.01,31.009999999999998,0.6684563394160046
True,2.01,0.01,0.01,37.01,1.6333422080580164
False,0.01,0.01,3.01,55.01,1.561434288693064
False,0.01,2.01,3.01,37.01,0.5995272220159267
True,0.01,3.01,2.01,44.01,0.7416983749523048
False,2.01,3.01,1.01,42.01,1.1900604841245235
True,2.01,1.01,4.01,39.01,1.1992611834248461
False,3.01,2.01,0.01,35.01,1.126014368095285
False,0.01,2.01,0.01,41.01,1.1242124105479585
False,0.01,0.01,0.01,48.01,2.5765738565010703
True,0.01,0.01,2.01,28.009999999999998,0.7354794772595046
True,4.01,4.01,3.01,42.01,0.7895197041766777
True,5.01,3.01,0.01,44.01,1.2416030051809221
False,2.01,5.01,2.01,39.01,1.061524877674477
True,4.01,4.01,0.01,43.01,1.4356967074206275
False,4.01,5.01,3.01,35.01,1.0794922573385572
False,6.01,2.01,5.01,37.01,2.1354341463212925
False,5.01,0.01,1.01,40.01,1.2594849824311813
False,4.01,3.01,3.01,23.009999999999998,1.6089880277080129
False,0.01,0.01,1.01,36.01,1.1302638547721797
False,0.01,0.01,2.01,44.01,0.5867806979794913
True,0.01,1.01,0.01,44.01,0.7753258672945691
True,1.01,0.01,0.01,48.01,0.7378096631037806
True,0.01,0.01,3.01,35.01,1.2203795882525867
False,1.01,0.01,0.01,32.01,0.6204932699986402
True,0.01,0.01,3.01,34.01,0.9687040012725482
False,1.01,0.01,3.01,44.01,0.8108078633185002
True,0.01,2.01,0.01,51.01,1.1821546215366225
False,0.01,4.01,4.01,50.01,0.9347026737816815
False,0.01,0.01,1.01,34.01,0.9039287002527876
True,0.01,2.01,1.01,43.01,0.8580943362326141
False,0.01,0.01,1.01,38.01,0.870002829944736
True,0.01,0.01,1.01,39.01,1.0120614956041951
False,0.01,1.01,2.01,46.01,0.5958020142797791
True,2.01,1.01,2.01,31.009999999999998,1.1851163920713528
True,0.01,1.01,0.01,33.01,1.118642780608553
True,0.01,0.01,2.01,38.01,0.9234941124643643
True,2.01,3.01,3.01,40.01,0.7495020942801186
True,2.01,4.01,0.01,44.01,0.6919506289481986
False,1.01,4.01,1.01,40.01,0.9142335157824376
False,1.01,2.01,2.01,33.01,1.3669047271029053
False,1.01,2.01,2.01,38.01,1.353523609054165
False,2.01,2.01,1.01,38.01,1.4292218838873638
False,2.01,2.01,1.01,54.01,1.0397293413970168
True,3.01,3.01,1.01,52.01,1.6966524632264097
False,4.01,0.01,0.01,42.01,1.2053295411485065
False,2.01,0.01,0.01,37.01,0.8473864974895868
False,5.01,1.01,0.01,38.01,1.1578274841133938
False,5.01,2.01,0.01,34.01,1.1958480538471117
False,2.01,6.01,5.01,35.01,1.476728982910338
False,4.01,2.01,1.01,39.01,1.1761884588441796
True,0.01,0.01,1.01,40.01,1.0047938224668393
False,0.01,1.01,1.01,38.01,1.3655389029823892
False,1.01,1.01,1.01,33.01,1.2958316523153866
False,2.01,0.01,1.01,34.01,0.8208898239125997
False,0.01,0.01,1.01,38.01,0.7636100286288655
True,1.01,1.01,1.01,35.01,1.1047680001572147
False,1.01,1.01,0.01,31.009999999999998,0.8737157658954924
False,3.01,2.01,0.01,44.01,0.7899421879869917
False,0.01,1.01,4.01,33.01,0.9524481208502105
False,2.01,1.01,0.01,32.01,0.7469840189601858
True,0.01,0.01,1.01,52.01,1.4711234976140481
False,0.01,0.01,0.01,37.01,1.35763408314428
False,1.01,4.01,0.01,41.01,0.7489348659124311
True,2.01,2.01,3.01,31.009999999999998,0.8775537522639807
True,0.01,1.01,2.01,26.009999999999998,0.9631466147018013
False,1.01,0.01,1.01,38.01,1.0910467265688168
True,1.01,1.01,0.01,40.01,0.8521883726870734
False,5.01,1.01,1.01,30.009999999999998,0.8122454239850494
False,1.01,0.01,1.01,38.01,0.6449754196247884
False,2.01,3.01,0.01,32.01,1.2694945572550334
False,2.01,3.01,2.01,35.01,1.3350197653777596
True,4.01,2.01,1.01,38.01,0.9533954818287419
False,0.01,3.01,1.01,45.01,1.6890844641047478
True,3.01,2.01,2.01,41.01,0.8884369278997872
True,2.01,0.01,2.01,33.01,1.0078324267196217
True,2.01,0.01,1.01,29.009999999999998,0.967607315539462
True,3.01,5.01,3.01,47.01,0.6266378021966932
True,2.01,4.01,2.01,32.01,1.3817721792186806
False,5.01,5.01,0.01,41.01,1.0367214811768628
False,2.01,4.01,3.01,34.01,0.6120143510746962
False,5.01,1.01,2.01,34.01,1.1045481721766348
False,16.009999999999998,6.01,4.01,42.01,1.2078502637144541
False,0.01,0.01,0.01,45.01,1.4493509526024964
False,1.01,1.01,0.01,35.01,1.337398033906985
True,0.01,0.01,0.01,38.01,0.8865233150846399
False,0.01,0.01,0.01,39.01,0.6548789801862439
True,0.01,1.01,0.01,47.01,0.9107723496359981
False,0.01,0.01,0.01,52.01,0.9891842303536339
False,0.01,0.01,1.01,50.01,0.7715742969662789
False,0.01,1.01,1.01,43.01,1.0551118839394278
True,0.01,0.01,0.01,33.01,1.1875233015830478
False,0.01,0.01,0.01,42.01,0.6724135115821396
False,0.01,0.01,1.01,40.01,0.6394547270726988
False,0.01,0.01,0.01,42.01,0.5002503717466533
False,0.01,1.01,2.01,42.01,0.660810037337313
False,0.01,1.01,1.01,36.01,0.8568568213331234
True,0.01,1.01,0.01,44.01,0.7924311203168857
False,0.01,0.01,1.01,50.01,0.9263660688953538
False,0.01,0.01,0.01,46.01,0.9590869142059967
True,0.01,1.01,1.01,37.01,1.2691886352993322
False,0.01,1.01,3.01,43.01,1.2500204319838502
False,0.01,1.01,1.01,51.01,0.7429336942358764
True,1.01,0.01,0.01,45.01,1.2310611983594155
False,0.01,0.01,1.01,35.01,1.3164996930410557
True,0.01,0.01,1.01,37.01,0.6965494670386653
False,0.01,1.01,0.01,28.009999999999998,1.433439795883582
True,1.01,0.01,2.01,41.01,0.947777460976545
True,0.01,0.01,2.01,53.01,0.7324992357289019
True,2.01,1.01,0.01,29.009999999999998,0.93732980447277
False,0.01,1.01,0.01,50.01,1.3812407512551927
True,0.01,1.01,1.01,51.01,1.3424224266545122
True,2.01,0.01,1.01,43.01,0.8978584844192846
True,1.01,3.01,1.01,46.01,1.095167109389989
False,1.01,1.01,0.01,38.01,1.3808128814855622
True,0.01,1.01,0.01,48.01,1.2303792036889647
False,0.01,0.01,2.01,40.01,0.9353354431390849
True,1.01,0.01,0.01,41.01,1.2432564427817263
True,0.01,0.01,0.01,33.01,1.3486855837994252
False,0.01,0.01,1.01,41.01,0.8090830738964251
False,0.01,0.01,0.01,52.01,0.9528483725524882
False,0.01,0.01,0.01,36.01,0.8039933238589652
True,0.01,0.01,1.01,47.01,1.3697180232392416
False,1.01,0.01,0.01,46.01,0.926389280143916
True,0.01,0.01,0.01,48.01,0.6418068738745275
False,0.01,0.01,1.01,37.01,0.9097495385502379
False,0.01,0.01,0.01,40.01,0.570326189915933
False,0.01,1.01,0.01,40.01,0.8914023927948477
False,0.01,0.01,0.01,48.01,1.0471973685721419
False,1.01,0.01,0.01,42.01,0.9167375068226744
True,1.01,3.01,1.01,46.01,0.8311010528157364
False,1.01,0.01,3.01,38.01,0.9955315839367687
True,0.01,0.01,2.01,46.01,1.135468304689377
True,1.01,0.01,2.01,37.01,1.4471442187428412
False,0.01,0.01,0.01,54.01,1.0230814040583138
False,0.01,0.01,1.01,45.01,0.653274707318825
False,2.01,1.01,2.01,33.01,0.6991034663755709
True,0.01,0.01,1.01,40.01,0.9601697377635512
True,0.01,2.01,0.01,32.01,1.3784935063270896
True,0.01,1.01,0.01,38.01,0.9509395398701764
True,0.01,1.01,3.01,46.01,0.9195786914366239
True,3.01,0.01,1.01,33.01,1.072944885222721
False,1.01,0.01,3.01,29.009999999999998,1.1309670182331848
False,2.01,3.01,0.01,38.01,1.139302684553896
True,1.01,1.01,5.01,42.01,1.6123109468368133
False,2.01,1.01,2.01,37.01,0.8477171209070553
False,0.01,0.01,1.01,51.01,1.0261792656113142
False,3.01,1.01,2.01,35.01,1.0140638761289718
True,2.01,1.01,3.01,36.01,1.2855200982121289
True,0.01,0.01,1.01,36.01,1.0578620480825502
False,0.01,0.01,2.01,40.01,1.2159282625103058
False,0.01,1.01,0.01,33.01,0.7919603361299021
False,0.01,0.01,2.01,24.009999999999998,0.5427534271284271
False,0.01,0.01,2.01,39.01,1.425094075605153
True,1.01,0.01,1.01,43.01,0.8290672008387291
False,2.01,0.01,1.01,40.01,0.9915266082248247
True,0.01,1.01,1.01,44.01,1.3762500763197354
False,0.01,1.01,0.01,41.01,0.8502850647460749
True,0.01,2.01,0.01,50.01,0.7530511534518551
False,1.01,1.01,0.01,36.01,0.8220011154633988
True,1.01,0.01,0.01,39.01,1.4068067625795475
False,0.01,0.01,1.01,40.01,0.7611979334996016
False,1.01,0.01,2.01,45.01,0.6957945478336861
False,0.01,0.01,1.01,40.01,0.6872133926263123
True,1.01,0.01,0.01,44.01,1.1354365910035658
False,1.01,0.01,2.01,27.009999999999998,0.9102971173834563
False,1.01,0.01,0.01,48.01,0.9508555856147197
True,0.01,2.01,0.01,33.01,1.017021389383137
True,1.01,1.01,2.01,48.01,1.1382580789659265
False,0.01,0.01,0.01,46.01,0.8394511868627751
True,1.01,1.01,1.01,32.01,1.074097962262446
False,0.01,2.01,2.01,33.01,0.6858663028218147
True,0.01,1.01,2.01,35.01,1.3016834877064736
True,3.01,2.01,0.01,41.01,0.7384601952201238
False,0.01,2.01,0.01,45.01,0.3581836595657454
False,2.01,1.01,2.01,37.01,0.5444686023271206
False,2.01,0.01,0.01,50.01,1.263076125013045
False,2.01,3.01,0.01,33.01,0.9361209607245888
True,1.01,1.01,1.01,35.01,1.10395957576579
False,2.01,0.01,0.01,32.01,0.9253620883404746
True,1.01,6.01,0.01,41.01,0.8867992313204353
False,3.01,2.01,0.01,38.01,1.157750275868681
True,1.01,0.01,0.01,42.01,0.893588134365726
False,0.01,0.01,0.01,47.01,0.8057937040704007
True,1.01,0.01,1.01,39.01,0.8223308747216843
True,0.01,0.01,2.01,48.01,0.7007385680486218
True,1.01,0.01,1.01,35.01,0.8746864899775815
False,0.01,0.01,1.01,55.01,1.0325894878180497
False,0.01,0.01,1.01,39.01,0.6852950357188767
False,0.01,0.01,0.01,40.01,1.1106285528157582
True,0.01,1.01,0.01,39.01,1.518043146805983
True,0.01,0.01,1.01,49.01,0.8405260364592966
False,1.01,0.01,0.01,38.01,0.6798898444248341
True,0.01,0.01,0.01,37.01,0.7291346155139657
False,1.01,0.01,2.01,49.01,0.7843304213462413
True,1.01,0.01,1.01,30.009999999999998,0.5873308168824362
True,0.01,0.01,1.01,48.01,1.243192059759051
False,0.01,0.01,2.01,45.01,0.9630939826835994
True,1.01,0.01,0.01,39.01,1.300310610469143
True,2.01,1.01,1.01,35.01,0.8566058794508855
True,1.01,3.01,0.01,42.01,1.6503543072488625
False,0.01,0.01,0.01,37.01,1.1750495730939798
True,1.01,1.01,1.01,46.01,1.3939283364475181
True,3.01,1.01,2.01,41.01,1.0949331876714894
True,2.01,1.01,1.01,34.01,0.9020640053527895
False,1.01,1.01,0.01,39.01,0.5126279034852321
True,2.01,1.01,1.01,43.01,0.38603047684982367
True,0.01,1.01,0.01,45.01,0.7297785177615332
False,2.01,1.01,0.01,33.01,0.8975975720514698
False,1.01,2.01,2.01,43.01,1.9197988467106115
False,1.01,3.01,0.01,48.01,1.0440419962588394
False,2.01,4.01,2.01,42.01,0.8897946281980086
True,2.01,1.01,5.01,43.01,1.0692671427052822
False,1.01,3.01,1.01,41.01,1.4712143866472465
True,1.01,1.01,6.01,44.01,1.3450613055712342
False,0.01,2.01,1.01,36.01,0.7524815095462871
True,2.01,1.01,1.01,38.01,0.8619559651555274
False,0.01,0.01,0.01,48.01,1.2990979551652482
False,0.01,0.01,0.01,32.01,0.7685736993501336
True,0.01,2.01,1.01,49.01,1.0843116142890041
False,0.01,0.01,1.01,32.01,0.7207605289079195
True,0.01,0.01,2.01,35.01,0.8635234092429418
True,0.01,0.01,0.01,45.01,1.0778433468835946
False,0.01,0.01,1.01,39.01,0.6112494325584183
True,0.01,0.01,1.01,49.01,1.1291224001682256
False,0.01,1.01,0.01,39.01,0.9415076984877637
True,0.01,1.01,0.01,37.01,1.2784847774023658
True,0.01,2.01,2.01,43.01,1.03737018700254
True,0.01,1.01,2.01,37.01,0.8305351099401779
True,2.01,0.01,2.01,40.01,0.9340801342126299
False,1.01,0.01,2.01,32.01,0.5124820388458589
False,1.01,0.01,0.01,41.01,0.8568700618505272
True,0.01,2.01,0.01,38.01,0.8240596623958361
False,0.01,1.01,1.01,43.01,1.10370026588771
True,1.01,0.01,2.01,47.01,1.2252432273651495
False,1.01,1.01,1.01,37.01,0.9973959818847578
False,0.01,0.01,0.01,35.01,0.8502980797083312
False,2.01,0.01,1.01,39.01,0.794936678006317
True,0.01,1.01,1.01,41.01,0.7049249824249822
False,1.01,0.01,1.01,34.01,0.7859335695476674
False,1.01,1.01,2.01,36.01,0.9170189858022105
True,3.01,2.01,0.01,35.01,0.605513747618375
False,1.01,3.01,3.01,43.01,1.330593629336633
True,1.01,3.01,2.01,37.01,2.202414611330306
False,2.01,2.01,1.01,35.01,0.8929871215740781
False,2.01,2.01,2.01,40.01,0.766511737773116
False,1.01,4.01,2.01,40.01,0.7848885781044974
False,6.01,4.01,0.01,36.01,0.9868521381675911
False,0.01,1.01,0.01,45.01,0.8268859790809935
False,0.01,0.01,1.01,40.01,0.9286795990841412
False,0.01,0.01,0.01,38.01,0.5285131072317596
False,1.01,0.01,0.01,38.01,0.7645681029857528
False,1.01,0.01,0.01,44.01,1.0035839350477385
True,0.01,0.01,0.01,46.01,0.7455463277990545
False,0.01,0.01,1.01,24.009999999999998,1.4734113988542126
False,0.01,0.01,1.01,40.01,0.6269315956538792
False,0.01,1.01,0.01,38.01,0.49478470914803674
False,0.01,0.01,0.01,34.01,0.6637644396750394
True,0.01,0.01,2.01,41.01,1.0657527607343054
True,1.01,0.01,1.01,40.01,1.402216554663962
False,1.01,0.01,3.01,28.009999999999998,0.8699968534735705
True,1.01,1.01,0.01,38.01,0.8571720895356773
False,0.01,0.01,0.01,34.01,1.0306418931609067
False,0.01,0.01,2.01,40.01,1.2771567836380642
False,2.01,0.01,1.01,36.01,0.6474632232043332
True,0.01,2.01,2.01,43.01,0.8894724442575512
False,2.01,0.01,3.01,47.01,0.6910799494623023
True,2.01,0.01,1.01,34.01,1.1484558133207732
True,0.01,0.01,1.01,46.01,0.8954386371906697
False,0.01,1.01,1.01,41.01,1.0202331851857207
False,0.01,4.01,0.01,49.01,0.8003348790318962
True,0.01,1.01,0.01,28.009999999999998,0.9519897379815299
False,0.01,2.01,0.01,41.01,0.761832038390852
True,1.01,1.01,1.01,34.01,1.6353371434039254
False,2.01,0.01,3.01,31.009999999999998,1.293341563789208
True,2.01,1.01,2.01,47.01,0.5474722131415496
False,1.01,1.01,0.01,39.01,1.2655124546017331
True,2.01,0.01,2.01,50.01,0.5579152193591849
True,2.01,4.01,0.01,43.01,1.2165730527071632
False,0.01,0.01,2.01,50.01,1.002224034545537
True,5.01,3.01,3.01,44.01,0.7992912503051823
True,1.01,0.01,1.01,44.01,0.6296781105604635
True,1.01,0.01,0.01,37.01,1.571526966492882
False,0.01,0.01,0.01,41.01,0.844653856006709
True,1.01,0.01,1.01,43.01,0.8732401122966329
False,1.01,0.01,2.01,38.01,1.673936529460149
True,0.01,0.01,0.01,47.01,1.0713618004844325
False,0.01,1.01,1.01,38.01,1.0314932099229046
False,1.01,1.01,0.01,31.009999999999998,1.4607944229217489
False,0.01,0.01,2.01,43.01,0.8451112501029542
False,1.01,1.01,1.01,52.01,0.9577112382882444
False,0.01,0.01,2.01,51.01,1.1158603521161892
True,1.01,1.01,0.01,43.01,1.5781442875268594
True,0.01,2.01,0.01,40.01,1.220968353442341
True,0.01,0.01,1.01,38.01,0.7392087311332836
True,0.01,1.01,0.01,39.01,0.9838646167901044
False,0.01,1.01,1.01,41.01,0.8839420843300281
True,3.01,1.01,1.01,40.01,1.5731125608786436
True,4.01,0.01,2.01,35.01,1.0911180470873436
False,1.01,0.01,0.01,36.01,1.2482216119755498
False,0.01,1.01,1.01,49.01,0.9508778247527695
False,1.01,2.01,0.01,46.01,1.4382201298653403
False,1.01,1.01,3.01,47.01,1.0522078880229835
False,1.01,2.01,0.01,41.01,0.8911529513792307
True,0.01,0.01,2.01,52.01,1.808410344887064
False,4.01,2.01,1.01,36.01,1.110683302210115
True,7.01,2.01,1.01,32.01,0.6563004202781559
False,5.01,5.01,3.01,38.01,1.0142775853184387
False,3.01,1.01,1.01,42.01,1.4272860220827497
False,5.01,4.01,3.01,39.01,1.56130064503186
True,5.01,6.01,2.01,44.01,0.9772537400656455
False,9.01,8.01,1.01,44.01,1.1037312481126968
True,7.01,4.01,0.01,53.01,1.4644152582872823
True,1.01,4.01,1.01,51.01,1.763082701612113
True,1.01,0.01,3.01,33.01,1.3960841050908703
False,0.01,0.01,0.01,35.01,0.9702206313674273
False,0.01,0.01,1.01,43.01,0.7745662685817816
True,1.01,1.01,1.01,26.009999999999998,1.0821448887875562
False,0.01,0.01,1.01,38.01,1.0521188354468203
False,2.01,0.01,1.01,38.01,0.7966067154990071
False,3.01,1.01,2.01,41.01,0.9720908200261026
True,0.01,1.01,2.01,43.01,1.8371786873701665
False,1.01,2.01,0.01,42.01,0.985713214009522
False,1.01,2.01,1.01,32.01,0.7572551119600552
True,0.01,1.01,0.01,46.01,1.3320026931423365
False,0.01,0.01,2.01,36.01,0.706134200362222
False,2.01,0.01,0.01,37.01,1.312413972579732
False,0.01,0.01,1.01,30.009999999999998,0.9648959569572076
True,1.01,3.01,0.01,45.01,0.7709040188256734
False,1.01,1.01,2.01,43.01,1.2483669173630656
True,2.01,0.01,2.01,44.01,1.2298891725157397
True,1.01,0.01,0.01,34.01,0.7012421056449661
False,0.01,3.01,1.01,37.01,0.8988352959815527
True,1.01,2.01,0.01,39.01,1.170444673037099
True,2.01,1.01,2.01,27.009999999999998,0.6061270840808045
False,0.01,1.01,1.01,47.01,1.309208630800679
True,2.01,1.01,0.01,36.01,0.421151015164173
True,3.01,1.01,1.01,30.009999999999998,0.8423788706183513
True,4.01,3.01,1.01,34.01,0.7485417805186626
False,3.01,5.01,1.01,43.01,0.6561310816507084
False,5.01,2.01,1.01,35.01,0.8311197277800373
False,2.01,5.01,0.01,47.01,1.3248430599621137
False,8.01,7.01,3.01,39.01,0.9917029288594134
False,5.01,6.01,1.01,45.01,0.6394081512714791
True,14.01,7.01,1.01,38.01,0.8860563158922362
False,6.01,6.01,1.01,41.01,1.2654256648348596
False,6.01,10.01,2.01,41.01,1.0779798619252328
False,0.01,0.01,3.01,35.01,0.7786572104131131
False,1.01,0.01,2.01,48.01,1.12162136262987
False,0.01,0.01,1.01,34.01,0.6661003972050881
False,1.01,0.01,0.01,39.01,1.0120074011107134
False,1.01,1.01,1.01,42.01,0.9203994898155973
True,0.01,1.01,0.01,30.009999999999998,0.8268176630133152
True,1.01,0.01,1.01,47.01,1.3118413603939922
False,0.01,1.01,1.01,41.01,1.4699840222487606
True,1.01,1.01,2.01,44.01,0.7167281553499931
False,0.01,1.01,0.01,41.01,0.555459322955453
False,0.01,0.01,1.01,43.01,0.693001551989156
False,1.01,0.01,1.01,37.01,1.3257002186839648
True,1.01,2.01,3.01,54.01,0.8921611289826654
True,1.01,0.01,1.01,46.01,0.8317137745605164
True,0.01,1.01,1.01,30.009999999999998,1.1018756162138517
False,4.01,2.01,1.01,42.01,0.7929554971847426
True,1.01,0.01,1.01,38.01,1.4277348558751795
False,1.01,2.01,1.01,45.01,0.4444222473408565
True,3.01,0.01,0.01,50.01,1.1096028270082479
False,0.01,0.01,5.01,34.01,1.3344623542268856
False,0.01,1.01,1.01,46.01,0.8050354379361588
True,3.01,2.01,2.01,47.01,1.229749557903508
False,1.01,5.01,0.01,28.009999999999998,0.8829369745803874
True,2.01,0.01,0.01,35.01,0.918318097614153
False,5.01,1.01,0.01,35.01,1.4689588522231738
True,3.01,0.01,0.01,48.01,1.123605989148254
False,3.01,5.01,1.01,39.01,0.7244546294900067
False,3.01,3.01,2.01,32.01,1.2615566353351346
False,7.01,4.01,0.01,47.01,0.6411309651585397
True,2.01,4.01,3.01,50.01,0.7784348401348467
False,5.01,5.01,1.01,44.01,0.780852338506514
False,7.01,3.01,3.01,31.009999999999998,1.194831506193026
False,0.01,0.01,0.01,48.01,0.7837107012223182
True,0.01,0.01,0.01,48.01,0.8190328942370136
False,0.01,1.01,0.01,40.01,0.7034922518914979
True,1.01,2.01,1.01,35.01,0.6693025759732606
True,0.01,0.01,0.01,45.01,0.6750104240809813
False,0.01,0.01,1.01,36.01,0.7741947358614025
False,0.01,0.01,0.01,31.009999999999998,0.7709957283650661
True,0.01,0.01,0.01,34.01,0.964927207206694
False,0.01,0.01,0.01,52.01,0.964916022920896
False,0.01,1.01,1.01,35.01,0.4653032015738162
False,0.01,0.01,2.01,39.01,1.1473672320175972
False,1.01,0.01,2.01,40.01,1.4696793711650407
True,0.01,0.01,2.01,38.01,1.106144909207758
True,0.01,0.01,1.01,28.009999999999998,1.1118828530101312
True,0.01,0.01,0.01,32.01,0.9654969598125579
False,0.01,1.01,1.01,52.01,0.8680722062574519
False,0.01,0.01,0.01,28.009999999999998,1.298237046602852
False,0.01,0.01,0.01,52.01,0.9513923585794886
False,0.01,0.01,2.01,43.01,0.9694891849429055
False,0.01,1.01,0.01,44.01,1.3682134031760547
True,1.01,1.01,1.01,44.01,1.0698908973802217
True,0.01,0.01,1.01,46.01,1.4603263419168344
False,0.01,0.01,1.01,54.01,1.3926551789423356
False,0.01,0.01,2.01,38.01,0.7003131492117226
True,1.01,0.01,0.01,37.01,1.2591540265060168
False,0.01,0.01,1.01,31.009999999999998,0.7377582279513164
False,0.01,0.01,1.01,50.01,0.7561342785589283
False,0.01,0.01,1.01,46.01,0.6357714805885287
False,0.01,1.01,2.01,38.01,1.2265179328087394
False,1.01,0.01,2.01,34.01,0.8548782076258455
True,0.01,0.01,3.01,40.01,0.9816689288380465
True,2.01,1.01,2.01,39.01,0.6918882863387507
False,2.01,3.01,2.01,42.01,0.8297417847097188
False,0.01,0.01,0.01,39.01,0.7595249510030904
True,0.01,0.01,1.01,34.01,1.342627697418635
True,0.01,0.01,1.01,39.01,1.0049439388867478
False,0.01,0.01,0.01,46.01,0.8215468283819372
True,0.01,0.01,3.01,40.01,1.5243738556655335
True,2.01,1.01,1.01,38.01,0.5810111351983513
True,1.01,0.01,0.01,35.01,0.7449878476604939
False,0.01,0.01,0.01,45.01,0.6443413467707699
False,0.01,0.01,1.01,39.01,0.43951536168977384
False,0.01,0.01,1.01,31.009999999999998,0.7412459488186234
True,0.01,1.01,0.01,39.01,0.7581938861476067
True,0.01,0.01,0.01,49.01,0.898938835327847
True,0.01,0.01,0.01,40.01,1.0969807089929042
False,1.01,0.01,0.01,38.01,1.547362392509451
False,0.01,0.01,0.01,42.01,1.1642906484909035
False,1.01,0.01,2.01,42.01,0.7853469916627811
False,0.01,0.01,0.01,42.01,0.8197452733630454
False,0.01,0.01,0.01,40.01,0.9916771545311983
False,0.01,1.01,1.01,44.01,0.878892433366072
True,1.01,0.01,2.01,42.01,1.1686530099214092
False,0.01,0.01,3.01,34.01,0.7339512534647173
False,0.01,0.01,1.01,50.01,0.7895760243340888
False,1.01,1.01,0.01,44.01,0.7782412120635132
True,1.01,0.01,1.01,39.01,1.0178224196898908
False,0.01,0.01,2.01,41.01,0.8653432001012645
False,0.01,0.01,2.01,38.01,1.1505013144997012
True,0.01,1.01,1.01,37.01,0.9982024164700187
False,1.01,0.01,1.01,44.01,1.2399487633655581
True,1.01,0.01,1.01,33.01,0.8795542749114178
False,1.01,0.01,1.01,31.009999999999998,1.177267114541932
False,0.01,0.01,1.01,36.01,0.6014325977830921
True,1.01,0.01,2.01,39.01,1.0446471550386838
False,1.01,1.01,1.01,43.01,1.5392118090042657
True,1.01,0.01,0.01,45.01,0.9874052518260135
False,0.01,0.01,1.01,44.01,1.1419154768615116
True,0.01,0.01,1.01,41.01,1.0367062120557193
False,0.01,0.01,1.01,45.01,0.9119362527159629
False,0.01,1.01,1.01,48.01,1.1142940662005736
False,0.01,0.01,0.01,40.01,1.1446497183584112
False,0.01,0.01,1.01,39.01,1.1784821606347977
True,0.01,0.01,2.01,42.01,1.3628250353535993
True,0.01,0.01,0.01,42.01,1.1914833019678266
False,0.01,0.01,0.01,36.01,1.3839356983004896
False,1.01,0.01,1.01,49.01,1.0387850628700752
True,0.01,1.01,1.01,35.01,0.8773588513202715
True,0.01,2.01,0.01,30.009999999999998,1.2970841471702206
False,1.01,0.01,0.01,29.009999999999998,1.2841176351960986
True,0.01,0.01,1.01,36.01,1.0748603386462483
False,0.01,1.01,2.01,35.01,0.7792221724079261
False,0.01,0.01,1.01,46.01,0.6017140965204093
False,1.01,0.01,0.01,30.009999999999998,0.8148517346863956
True,0.01,0.01,3.01,32.01,1.1279411901769656
False,0.01,1.01,2.01,37.01,1.1860935035896336
True,0.01,0.01,2.01,45.01,1.1335889540048194
False,1.01,0.01,1.01,45.01,1.0296045186470408
True,1.01,1.01,0.01,41.01,0.8310093661017922
False,2.01,0.01,1.01,45.01,0.9061528974441154
False,2.01,1.01,0.01,38.01,1.470623235101057
False,1.01,1.01,0.01,38.01,0.723969805275386
False,3.01,2.01,1.01,42.01,1.3764337661878536
True,2.01,1.01,2.01,52.01,1.6165017190017186
True,1.01,1.01,0.01,42.01,1.1613248713712465
True,1.01,1.01,3.01,44.01,0.7560539036109675
False,0.01,1.01,1.01,31.009999999999998,1.0427816810515484
False,0.01,0.01,5.01,36.01,1.3019886381979195
False,2.01,2.01,5.01,40.01,1.086565851203189
False,0.01,1.01,0.01,40.01,0.7896750420202432
True,0.01,0.01,0.01,37.01,0.6569693591076605
False,0.01,0.01,0.01,44.01,0.7478491895199039
False,0.01,0.01,0.01,37.01,1.1680036032350873
True,0.01,1.01,0.01,38.01,0.9227380168191773
False,0.01,0.01,0.01,43.01,0.9322870453420956
False,1.01,0.01,0.01,38.01,1.3785854653877117
False,0.01,0.01,1.01,41.01,1.1818380614275892
False,0.01,0.01,0.01,42.01,0.7677847590515862
False,0.01,0.01,0.01,37.01,0.7993040953662277
False,0.01,0.01,2.01,41.01,1.2127267352836886
False,0.01,0.01,0.01,39.01,1.230405657660045
True,0.01,1.01,1.01,41.01,1.061767141957327
True,0.01,0.01,0.01,39.01,0.6790601965266488
True,0.01,0.01,1.01,47.01,0.8047133354252879
False,0.01,0.01,0.01,46.01,0.9814944487822926
True,1.01,0.01,0.01,40.01,0.9295876507172828
True,2.01,0.01,1.01,47.01,0.9773329795717144
True,0.01,0.01,1.01,42.01,1.165268795007307
False,1.01,0.01,0.01,33.01,0.7293662209303693
True,0.01,0.01,0.01,44.01,0.8288649784458344
False,1.01,0.01,1.01,44.01,0.8751146659134157
True,0.01,0.01,1.01,46.01,1.202042410964458
False,0.01,1.01,2.01,50.01,0.7575550410026582
False,1.01,2.01,0.01,41.01,1.2244780964246162
True,1.01,0.01,3.01,50.01,0.8586476893593197
False,0.01,3.01,1.01,32.01,0.9727939127751605
False,1.01,0.01,1.01,33.01,1.6093108642251686
False,0.01,1.01,1.01,35.01,1.3658124136913339
True,0.01,1.01,2.01,32.01,0.6587903738959432
True,0.01,0.01,1.01,37.01,1.202379846701444
False,0.01,1.01,0.01,39.01,1.6829458918992979
True,1.01,0.01,3.01,50.01,1.052760988580088
True,0.01,1.01,2.01,42.01,1.045308479784946
True,0.01,0.01,1.01,34.01,0.7412032353462878
False,0.01,0.01,0.01,39.01,1.2169845432100488
False,0.01,0.01,0.01,50.01,0.7229760809467051
False,0.01,0.01,0.01,47.01,1.0335290611324082
True,0.01,0.01,0.01,43.01,1.466477058180779
False,2.01,0.01,1.01,47.01,0.7926979502639278
True,1.01,0.01,0.01,43.01,1.0985813904196255
False,0.01,0.01,1.01,40.01,1.0835580615620939
False,0.01,0.01,0.01,37.01,0.8734122616969482
False,0.01,0.01,1.01,40.01,1.1255167246676083
True,0.01,1.01,0.01,37.01,0.810721121455417
False,1.01,0.01,2.01,34.01,1.123194663632719
False,2.01,0.01,0.01,35.01,0.44564268289687736
True,0.01,5.01,0.01,43.01,0.9586931505313858
False,0.01,1.01,0.01,35.01,0.6121284944252223
False,0.01,2.01,0.01,34.01,1.3062397677502706
True,0.01,0.01,1.01,41.01,1.31772320228145
False,0.01,1.01,1.01,41.01,1.3026016862978738
True,0.01,0.01,2.01,42.01,0.783848678469826
False,0.01,2.01,0.01,43.01,1.076981583441453
True,1.01,1.01,2.01,43.01,1.1465345724082872
False,0.01,0.01,3.01,30.009999999999998,0.8381613381233817
False,0.01,2.01,2.01,40.01,1.6751576309432343
True,0.01,0.01,1.01,45.01,1.6841676340667173
False,0.01,2.01,2.01,43.01,1.02113449422171
True,1.01,0.01,0.01,38.01,1.473483397235273
True,0.01,0.01,2.01,36.01,1.122620422252175
False,1.01,2.01,1.01,22.009999999999998,0.9097155211422151
False,0.01,2.01,0.01,37.01,1.1079821734852695
False,2.01,0.01,3.01,33.01,1.4367962474590112
False,5.01,0.01,1.01,36.01,1.2469254277170871
True,1.01,1.01,6.01,48.01,1.6996388090864836
False,0.01,0.01,0.01,38.01,0.794779717089003
True,0.01,0.01,0.01,41.01,0.9890850319773726
False,1.01,1.01,0.01,49.01,1.0412827337833506
False,0.01,0.01,1.01,42.01,1.027566317410095
True,1.01,0.01,0.01,45.01,0.7731104291828956
True,0.01,1.01,1.01,45.01,0.7981630712477851
False,0.01,0.01,0.01,38.01,1.165294086275061
False,1.01,0.01,0.01,45.01,0.6373438661948254
False,1.01,0.01,0.01,28.009999999999998,0.9605476710776368
False,0.01,0.01,1.01,32.01,1.0143149713498611
True,0.01,0.01,0.01,35.01,0.6557884769297813
False,1.01,0.01,3.01,29.009999999999998,0.9223943672784116
False,0.01,0.01,1.01,41.01,0.7605208628166885
True,0.01,0.01,2.01,34.01,1.0348139812494033
False,0.01,0.01,0.01,41.01,0.8132195088940614
True,1.01,0.01,1.01,44.01,0.7496077580404534
False,1.01,1.01,2.01,38.01,1.0980209716995832
True,0.01,0.01,0.01,45.01,1.0018188486707458
True,0.01,0.01,0.01,45.01,0.9639974484637528
False,0.01,0.01,1.01,34.01,0.7921875167308712
False,1.01,1.01,0.01,52.01,0.4341484921900991
False,0.01,1.01,1.01,50.01,0.7261275274542119
False,0.01,0.01,0.01,43.01,1.0514401304878458
True,0.01,1.01,2.01,43.01,0.5562428120212131
True,1.01,2.01,0.01,38.01,0.8770980839413043
False,2.01,2.01,1.01,37.01,0.9894130789248681
False,0.01,1.01,2.01,41.01,0.7297265473019225
False,2.01,3.01,1.01,28.009999999999998,0.9999383538053648
False,1.01,1.01,4.01,41.01,1.133792236539578
True,1.01,0.01,1.01,49.01,0.6930218261822035
False,2.01,1.01,2.01,39.01,0.616005025222311
True,2.01,4.01,4.01,42.01,0.6402852944157291
False,0.01,2.01,2.01,44.01,1.2753562673962313
True,0.01,0.01,0.01,56.01,0.5793005847599441
True,0.01,0.01,2.01,61.01,1.324949938966033
False,0.01,0.01,0.01,42.01,0.9954242592467253
False,0.01,0.01,0.01,41.01,1.2456463237441242
True,0.01,0.01,0.01,27.009999999999998,1.116255193182551
True,0.01,1.01,0.01,56.01,0.7687867964003661
False,0.01,0.01,2.01,44.01,1.1163953275526846
True,1.01,0.01,3.01,38.01,0.626272381406443
False,0.01,1.01,1.01,31.009999999999998,0.9017748815948656
True,0.01,0.01,0.01,34.01,0.8256340706831928
True,0.01,0.01,0.01,49.01,0.8548656470919591
True,0.01,0.01,1.01,43.01,1.1141029545189136
False,0.01,0.01,1.01,51.01,0.9472636243654295
False,0.01,0.01,0.01,52.01,0.7090352486028267
True,0.01,1.01,1.01,49.01,0.5142749620904008
False,0.01,0.01,0.01,51.01,1.216942393637195
False,0.01,1.01,0.01,35.01,0.8872498302983521
False,0.01,0.01,1.01,32.01,0.7071990156568706
False,0.01,0.01,0.01,29.009999999999998,0.7893543956043956
True,0.01,0.01,1.01,44.01,0.9690252214246023
False,0.01,1.01,1.01,39.01,1.350305116999218
False,0.01,2.01,3.01,39.01,0.8084857998789887
False,0.01,0.01,1.01,44.01,1.1145806282932196
False,0.01,0.01,1.01,36.01,0.8895004510430654
False,0.01,1.01,1.01,34.01,0.8884378277107576
True,0.01,1.01,3.01,41.01,1.0493827078190359
True,0.01,0.01,1.01,33.01,1.10843947937412
False,0.01,1.01,1.01,43.01,0.49388530752661186
False,0.01,0.01,0.01,30.009999999999998,1.199308241994412
True,1.01,0.01,0.01,35.01,1.1525489964045657
False,0.01,0.01,2.01,46.01,1.416399384330592
False,1.01,1.01,1.01,38.01,1.002009953914722
True,3.01,0.01,2.01,36.01,1.6111011359538263
False,0.01,0.01,0.01,42.01,1.246783645388702
False,0.01,0.01,2.01,36.01,1.3126749457241447
True,0.01,0.01,0.01,32.01,1.3736570012710991
False,0.01,0.01,1.01,45.01,0.8424775814789924
False,1.01,0.01,1.01,41.01,1.130052045577712
False,0.01,1.01,0.01,37.01,0.8880678729200191
False,0.01,1.01,0.01,37.01,1.2046759895074897
False,0.01,0.01,1.01,26.009999999999998,1.4302001602033363
True,0.01,0.01,1.01,41.01,0.7926837506688125
False,0.01,0.01,0.01,33.01,0.8346537248277486
False,1.01,1.01,0.01,34.01,1.0474480373662012
True,1.01,0.01,2.01,56.01,0.5752448245689259
False,0.01,1.01,1.01,43.01,1.1180990243868678
True,1.01,0.01,0.01,35.01,0.9963161170398014
True,0.01,0.01,2.01,45.01,1.4406994399228639
False,0.01,0.01,0.01,37.01,1.3803161238005226
False,0.01,0.01,0.01,33.01,0.5358606861548038
False,0.01,0.01,0.01,24.009999999999998,1.0166127265639013
True,0.01,1.01,1.01,34.01,0.855341192544913
True,2.01,0.01,0.01,36.01,0.7388216072388476
False,2.01,1.01,0.01,41.01,1.0090146090866818
False,0.01,0.01,2.01,44.01,0.8543840771364037
True,0.01,2.01,0.01,50.01,0.8189749427738893
True,0.01,0.01,0.01,32.01,1.3243313351579185
True,1.01,0.01,1.01,44.01,0.8040963236296758
False,1.01,0.01,2.01,42.01,0.7276461854546411
True,3.01,0.01,2.01,34.01,1.1138658238163612
True,2.01,0.01,1.01,48.01,0.8807036876817171
False,1.01,1.01,0.01,42.01,1.0369208391922387
True,0.01,3.01,0.01,45.01,1.052574803876986
False,3.01,1.01,1.01,39.01,1.4628619140769006
False,2.01,2.01,2.01,41.01,1.8134235661722427
True,2.01,4.01,4.01,48.01,0.7944235033863516
True,0.01,0.01,0.01,35.01,1.0881334192041285
True,0.01,0.01,0.01,37.01,1.2221729416991196
False,0.01,0.01,2.01,47.01,1.53201287568009
False,0.01,0.01,3.01,47.01,1.5525466446846197
True,0.01,0.01,0.01,35.01,0.9548313051868169
True,0.01,1.01,0.01,34.01,1.2367604969312038
False,0.01,0.01,1.01,32.01,0.43612579963123443
False,0.01,1.01,3.01,34.01,0.5446771928409301
False,0.01,0.01,1.01,32.01,0.829038744206853
False,1.01,0.01,0.01,38.01,0.5528579357150786
False,0.01,1.01,1.01,31.009999999999998,0.9996230612317222
False,1.01,0.01,0.01,42.01,1.2002534761112218
True,1.01,2.01,0.01,37.01,0.9126936602974369
True,0.01,0.01,1.01,35.01,2.0634342900637788
True,0.01,0.01,1.01,43.01,1.2118167807717848
False,1.01,0.01,0.01,28.009999999999998,0.6373350287544781
False,1.01,1.01,1.01,33.01,1.1391136523645238
False,0.01,0.01,1.01,42.01,0.7082446287648884
False,0.01,1.01,2.01,30.009999999999998,0.7536496773425865
False,2.01,0.01,3.01,41.01,1.1342506065501863
False,0.01,1.01,2.01,25.009999999999998,1.2746984926623548
True,1.01,0.01,3.01,41.01,0.9477552565543786
False,1.01,2.01,2.01,36.01,0.8862562263285274
False,0.01,0.01,1.01,41.01,0.9082368134004631
False,0.01,0.01,2.01,31.009999999999998,1.8657877012364843
False,1.01,0.01,1.01,46.01,0.784876593511753
True,2.01,0.01,3.01,46.01,1.018076689173781
False,0.01,1.01,2.01,48.01,0.7121303080845683
False,1.01,1.01,1.01,49.01,1.2044333496108686
True,0.01,1.01,2.01,37.01,1.412423494326508
True,2.01,2.01,1.01,36.01,1.0300028449965863
False,0.01,1.01,2.01,40.01,1.1742137139483881
False,1.01,1.01,4.01,36.01,1.2293320049134515
True,1.01,0.01,0.01,40.01,0.95644140134395
False,1.01,0.01,0.01,41.01,0.7788144847564233
True,0.01,0.01,0.01,38.01,1.0356157861864383
True,0.01,1.01,2.01,45.01,1.1578833520717737
False,1.01,0.01,1.01,46.01,1.0320087152753055
False,2.01,1.01,1.01,48.01,0.8280835343277738
False,0.01,0.01,0.01,47.01,1.4244173872134935
True,0.01,3.01,1.01,37.01,1.0846966774235376
True,0.01,0.01,1.01,45.01,0.6403150219972993
False,0.01,0.01,1.01,27.009999999999998,0.9090291854688243
True,0.01,0.01,0.01,41.01,1.3679494512236685
False,0.01,0.01,2.01,42.01,0.7013248189718778
True,1.01,1.01,0.01,36.01,0.6682510133144067
False,0.01,0.01,1.01,35.01,0.7183748777284246
False,0.01,0.01,0.01,53.01,1.7161500312797546
True,0.01,1.01,0.01,44.01,1.07050524995648
False,1.01,0.01,0.01,31.009999999999998,0.8201691186043972
False,1.01,2.01,0.01,38.01,0.6986521987981944
False,2.01,0.01,0.01,33.01,0.46222127070884345
False,0.01,0.01,1.01,40.01,0.7017622264691368
False,0.01,1.01,2.01,35.01,1.0139263683364488
False,0.01,0.01,1.01,54.01,1.2792859310812603
True,0.01,1.01,1.01,37.01,1.658148869655031
False,0.01,1.01,4.01,52.01,1.941355110034402
False,4.01,1.01,3.01,52.01,1.3521528517622206
False,0.01,0.01,0.01,40.01,1.4992621653836806
False,0.01,1.01,0.01,39.01,1.1252667462230357
False,1.01,1.01,1.01,43.01,1.7875931704381953
True,1.01,3.01,2.01,32.01,0.9774929406391842
False,1.01,5.01,4.01,35.01,1.439263254724547
False,1.01,0.01,0.01,40.01,0.5519933989012936
False,1.01,1.01,1.01,39.01,1.4386099549690798
True,4.01,5.01,2.01,39.01,0.9549692572745859
True,0.01,0.01,1.01,33.01,0.6286679265838858
False,0.01,0.01,0.01,52.01,1.0741562661242245
True,0.01,0.01,0.01,35.01,1.2529092234994108
False,0.01,0.01,1.01,36.01,1.1231730744752566
True,1.01,1.01,0.01,35.01,0.7083338778067696
False,0.01,0.01,1.01,38.01,1.3803210961490806
False,0.01,0.01,0.01,42.01,0.455389112622854
False,0.01,0.01,1.01,37.01,1.2312118314807137
False,0.01,0.01,1.01,44.01,1.501501956831984
False,0.01,0.01,0.01,46.01,1.5409568446748554
False,0.01,0.01,3.01,43.01,0.822824959404987
False,0.01,1.01,1.01,36.01,1.264144141979601
False,0.01,0.01,1.01,42.01,0.979216472520051
False,0.01,0.01,1.01,33.01,0.30384332937758857
False,0.01,0.01,1.01,32.01,1.2451115759548925
False,0.01,0.01,2.01,36.01,0.791965350091179
True,2.01,0.01,0.01,42.01,1.159755278215219
True,1.01,0.01,0.01,47.01,1.0907111162526142
True,1.01,0.01,0.01,30.009999999999998,0.931252203821837
False,0.01,0.01,1.01,29.009999999999998,1.0133147106663583
True,2.01,1.01,2.01,45.01,0.7023396455825972
False,1.01,1.01,0.01,41.01,1.7560326129533965
True,1.01,0.01,1.01,49.01,1.4065123259394041
False,1.01,2.01,0.01,25.009999999999998,1.4331638960901698
False,1.01,0.01,1.01,44.01,1.3283210810471044
False,4.01,4.01,3.01,36.01,1.1915133477633477
True,1.01,3.01,1.01,27.009999999999998,0.722692404373152
False,4.01,2.01,3.01,49.01,0.5522274769925145
True,3.01,7.01,2.01,31.009999999999998,1.1114377778687747
False,4.01,5.01,2.01,41.01,1.2448877882952454
False,2.01,2.01,1.01,39.01,1.4983511483963337
False,1.01,5.01,3.01,33.01,1.6201047685281356
False,6.01,1.01,4.01,49.01,1.8018534094232135
False,0.01,0.01,4.01,42.01,0.8409942917380939
False,1.01,1.01,0.01,35.01,0.7031302002013747
False,0.01,0.01,1.01,42.01,0.8892498617802163
False,0.01,0.01,0.01,38.01,0.5278779433056366
True,1.01,0.01,2.01,43.01,1.898498392738066
True,1.01,0.01,1.01,40.01,0.6070025127814638
True,0.01,1.01,1.01,44.01,0.671480411751777
False,0.01,0.01,1.01,46.01,0.5522929089966295
True,1.01,0.01,0.01,36.01,0.8763578447641248
True,2.01,2.01,0.01,33.01,1.2560900180950558
True,0.01,0.01,1.01,31.009999999999998,1.3401726395901572
False,0.01,0.01,1.01,45.01,1.0127018565655905
False,0.01,1.01,0.01,27.009999999999998,0.8923253931120927
True,0.01,0.01,1.01,32.01,0.6623198635823647
False,0.01,2.01,1.01,48.01,1.1611195201187154
False,0.01,0.01,0.01,37.01,1.0747011454293367
True,3.01,0.01,0.01,30.009999999999998,1.4701225958168547
False,0.01,0.01,1.01,40.01,0.9994545553989238
False,0.01,0.01,1.01,42.01,1.170828050911151
False,0.01,2.01,2.01,34.01,0.486564821391102
True,1.01,1.01,1.01,37.01,0.5359331208745501
True,0.01,0.01,1.01,39.01,0.9262922659788702
True,0.01,0.01,0.01,34.01,1.1643178993502719
False,1.01,1.01,0.01,34.01,1.245458209911547
False,1.01,1.01,0.01,36.01,0.8587133175650169
False,0.01,2.01,2.01,37.01,0.8701055372696086
True,3.01,5.01,2.01,31.009999999999998,0.8772244287468582
True,5.01,3.01,1.01,33.01,0.8618215822598573
True,1.01,4.01,0.01,33.01,1.4294179360924681
True,1.01,5.01,2.01,42.01,1.1707153351086617
True,4.01,0.01,2.01,40.01,1.1911647709016129
True,3.01,3.01,3.01,35.01,0.9173333239251646
True,3.01,1.01,0.01,40.01,1.0612825681646434
True,0.01,0.01,1.01,39.01,1.039302514479116
False,0.01,0.01,2.01,36.01,1.2951174443178648
False,2.01,0.01,0.01,35.01,0.49712530257238885
False,0.01,0.01,0.01,46.01,0.6913412867706366
False,0.01,0.01,0.01,35.01,1.0023774879733625
False,0.01,0.01,0.01,33.01,1.4432524094778545
False,0.01,0.01,0.01,30.009999999999998,1.5012805122852255
False,0.01,1.01,0.01,38.01,1.0390789882102522
False,0.01,0.01,1.01,46.01,1.0100153611566653
True,0.01,0.01,1.01,38.01,1.353405937067505
True,0.01,0.01,0.01,41.01,0.7673901439690912
False,0.01,0.01,0.01,43.01,1.3393970611293016
True,0.01,0.01,1.01,33.01,0.8325508353598826
False,0.01,0.01,2.01,40.01,0.6428095584426059
True,0.01,0.01,1.01,39.01,0.9462354013021972
False,0.01,0.01,2.01,50.01,1.184951814944075
False,0.01,0.01,0.01,43.01,0.9051260049640992
True,1.01,1.01,1.01,32.01,1.027571023638072
True,0.01,1.01,0.01,31.009999999999998,1.6362922479070316
False,0.01,0.01,0.01,48.01,0.5812608477633847
False,0.01,0.01,0.01,46.01,0.9952429888452364
False,1.01,0.01,0.01,42.01,1.2416772604991393
True,2.01,3.01,0.01,30.009999999999998,1.13660337660559
True,1.01,3.01,1.01,49.01,1.2459857276570439
False,0.01,0.01,1.01,37.01,1.0930279772060114
True,1.01,1.01,0.01,44.01,2.246989858119027
False,3.01,0.01,3.01,34.01,0.9194613935228636
False,2.01,2.01,0.01,40.01,1.3371878866494868
True,0.01,1.01,2.01,40.01,0.9133111270572573
True,2.01,7.01,4.01,42.01,1.2890744506186322
True,1.01,6.01,1.01,43.01,0.8690756909029992
True,4.01,7.01,2.01,30.009999999999998,1.061563825820204
False,5.01,0.01,2.01,41.01,1.5885214040009434
False,0.01,0.01,0.01,30.009999999999998,0.9972887468121808
True,0.01,0.01,1.01,39.01,0.5745589103820895
True,0.01,0.01,0.01,29.009999999999998,0.739266733550621
True,0.01,1.01,0.01,30.009999999999998,0.8898634107122819
False,0.01,0.01,1.01,33.01,0.8818432152540256
False,1.01,0.01,0.01,45.01,1.2865262008884344
False,1.01,0.01,2.01,48.01,0.8331952817812105
True,0.01,0.01,0.01,36.01,0.6322244529256806
True,0.01,1.01,1.01,50.01,1.085999555999556
False,0.01,1.01,0.01,38.01,1.303790147181969
False,1.01,0.01,2.01,39.01,1.0543307722837563
True,1.01,0.01,2.01,46.01,0.7042782870724047
True,1.01,0.01,0.01,35.01,1.173473047175989
False,0.01,0.01,2.01,28.009999999999998,0.526714291024813
False,1.01,1.01,2.01,36.01,0.8825568537390529
False,0.01,0.01,1.01,44.01,1.1888065467020885
True,0.01,0.01,0.01,45.01,0.6669438524318214
True,0.01,0.01,1.01,35.01,1.1011180719208433
False,2.01,0.01,0.01,51.01,0.6346472204097207
False,0.01,1.01,0.01,50.01,1.3198683659581845
True,0.01,1.01,0.01,37.01,1.401899550841795
True,1.01,2.01,3.01,37.01,1.3528077109300882
False,0.01,1.01,2.01,29.009999999999998,1.577206816409643
False,0.01,0.01,0.01,35.01,1.3397141631978082
True,3.01,0.01,1.01,38.01,0.9887714478503953
False,0.01,1.01,3.01,32.01,1.0284539395120849
True,1.01,0.01,1.01,40.01,1.4835696039866844
True,0.01,0.01,4.01,45.01,0.49115879490879494
True,4.01,2.01,2.01,28.009999999999998,1.1418796775358186
True,0.01,3.01,1.01,48.01,0.8779687578715041
True,2.01,1.01,1.01,36.01,1.0032201777460397
False,3.01,2.01,3.01,56.01,1.109298108571922
True,3.01,4.01,2.01,41.01,1.6951235630124946
True,0.01,0.01,1.01,40.01,0.5563325130383402
False,0.01,0.01,0.01,44.01,0.6718504051264644
False,0.01,0.01,0.01,32.01,0.7882960588968383
False,0.01,0.01,0.01,39.01,0.8432980979303668
False,0.01,0.01,2.01,41.01,1.2467193510718824
False,1.01,2.01,1.01,31.009999999999998,0.735475417662901
True,0.01,0.01,0.01,34.01,0.9651658282597962
True,0.01,0.01,1.01,35.01,0.8477609825129474
False,0.01,0.01,2.01,28.009999999999998,1.08867294445862
False,0.01,0.01,0.01,33.01,1.1008240759947412
False,1.01,2.01,0.01,41.01,1.2834025403338605
True,0.01,0.01,0.01,40.01,0.8797226806115452
True,1.01,1.01,2.01,53.01,1.4052847283907577
False,0.01,1.01,0.01,34.01,0.5580162238446582
False,0.01,0.01,1.01,41.01,0.8964383943777796
True,0.01,1.01,0.01,34.01,0.5535712792406156
False,1.01,1.01,0.01,29.009999999999998,0.9899198991555178
True,0.01,2.01,0.01,45.01,0.8777301076390343
False,0.01,1.01,2.01,36.01,0.9395821666366587
True,0.01,0.01,2.01,40.01,1.4053415685947839
True,0.01,2.01,3.01,34.01,0.696522293894197
True,2.01,1.01,3.01,42.01,1.1159967119727103
False,1.01,1.01,0.01,43.01,0.9002950530401878
False,3.01,0.01,1.01,39.01,1.149703415668202
True,2.01,2.01,0.01,29.009999999999998,0.6514317460033572
False,0.01,2.01,2.01,44.01,1.5103347492009267
False,2.01,2.01,1.01,43.01,0.7768131568343111
True,0.01,2.01,3.01,40.01,1.2506899488009902
True,1.01,5.01,0.01,40.01,1.3465329083326547
False,3.01,1.01,0.01,36.01,1.7843557357933668
False,1.01,1.01,0.01,33.01,1.1525784251961226
False,4.01,1.01,0.01,32.01,1.2813640676177693
True,3.01,1.01,1.01,39.01,0.8119745060037412
False,0.01,2.01,2.01,42.01,0.48056442362631996
False,1.01,0.01,0.01,36.01,0.9788015293074706
False,0.01,0.01,0.01,31.009999999999998,0.7257684765537985
True,0.01,0.01,1.01,38.01,1.3683990819482168
True,2.01,2.01,0.01,41.01,1.1081000385132447
False,2.01,0.01,0.01,23.009999999999998,0.8771827584686681
False,1.01,0.01,2.01,40.01,0.8980559831179026
True,0.01,0.01,1.01,43.01,1.0577436584060669
False,0.01,0.01,0.01,37.01,0.6253953709085676
True,0.01,0.01,0.01,45.01,0.5309101024912631
True,1.01,1.01,1.01,38.01,1.067853348352254
True,0.01,0.01,1.01,50.01,0.8680707524939136
True,0.01,0.01,0.01,34.01,0.6487043532405545
False,0.01,1.01,0.01,33.01,1.026673395753109
False,0.01,2.01,1.01,34.01,0.8283206514706342
True,2.01,0.01,0.01,38.01,0.7265761474310983
False,0.01,0.01,1.01,41.01,1.279845713156577
False,0.01,2.01,2.01,53.01,0.8281221228654165
False,1.01,0.01,1.01,38.01,0.8475969276885753
False,2.01,0.01,3.01,36.01,1.1603451066633785
True,0.01,1.01,2.01,41.01,0.6662471220336795
False,2.01,1.01,1.01,31.009999999999998,0.947476748142244
True,0.01,2.01,1.01,39.01,1.170419628294291
False,3.01,5.01,1.01,31.009999999999998,0.7244213997023122
False,3.01,3.01,2.01,40.01,1.116650773016515
False,3.01,1.01,1.01,40.01,0.6301781877190825
True,2.01,7.01,2.01,36.01,0.6173296482868363
True,2.01,5.01,2.01,45.01,0.8528009239016993
False,7.01,3.01,3.01,38.01,0.6043865366659484
True,2.01,4.01,1.01,42.01,0.7218095839970282
False,4.01,3.01,2.01,40.01,1.133876020668414
False,4.01,8.01,1.01,30.009999999999998,1.1156014126881508
False,1.01,0.01,1.01,42.01,1.0469764446702934
False,1.01,0.01,0.01,40.01,1.294326302852187
True,0.01,0.01,2.01,39.01,1.1195710629244862
True,1.01,1.01,0.01,33.01,1.4302751302201433
False,0.01,2.01,0.01,39.01,0.6234509045416091
False,1.01,1.01,1.01,36.01,0.8716029952784025
True,0.01,0.01,0.01,39.01,1.1841677201984286
True,0.01,1.01,0.01,39.01,0.7797147518771685
False,2.01,0.01,0.01,45.01,1.057157326769931
True,1.01,1.01,1.01,45.01,1.3463817926662858
False,0.01,0.01,0.01,39.01,0.9368111370379972
False,1.01,0.01,0.01,38.01,0.9945027065964658
False,1.01,1.01,1.01,37.01,0.770920226873923
False,4.01,2.01,1.01,45.01,0.8140013446990191
False,0.01,0.01,1.01,43.01,0.565047873183299
False,0.01,1.01,1.01,44.01,1.1488534147209246
True,3.01,0.01,2.01,36.01,1.2575337465410157
True,2.01,1.01,0.01,46.01,1.7828910407360656
True,2.01,1.01,1.01,43.01,1.8985819463202485
False,3.01,3.01,0.01,45.01,1.0134297129262804
False,0.01,2.01,1.01,29.009999999999998,0.975483988483812
True,2.01,2.01,3.01,38.01,1.2921283437662747
False,2.01,1.01,1.01,40.01,0.7205058930078657
False,3.01,0.01,3.01,35.01,0.9362302788496246
True,6.01,2.01,5.01,35.01,1.0764147191328006
True,3.01,0.01,0.01,44.01,0.6788616938616938
False,2.01,2.01,1.01,35.01,0.5525103386541994
False,5.01,4.01,2.01,43.01,0.780512136967678
True,2.01,5.01,0.01,50.01,0.9295534899674996
True,4.01,4.01,2.01,46.01,1.040672074816623
False,7.01,8.01,0.01,38.01,0.7355752911549263
False,2.01,6.01,5.01,44.01,0.9353500435097135
True,0.01,1.01,1.01,36.01,1.0366346924397876
False,0.01,0.01,0.01,40.01,1.1090009345325615
True,0.01,0.01,1.01,37.01,1.1455514176305146
False,0.01,0.01,0.01,27.009999999999998,0.8678403113963258
False,0.01,0.01,0.01,39.01,1.1900936924968222
False,0.01,1.01,1.01,38.01,0.5828584182952218
False,0.01,0.01,0.01,33.01,0.7652619526414386
True,1.01,0.01,0.01,40.01,0.8754271615010154
True,0.01,0.01,1.01,36.01,0.9791075686151853
False,0.01,0.01,0.01,36.01,0.7509590837618787
False,0.01,0.01,0.01,38.01,0.9603760514876667
True,0.01,0.01,1.01,35.01,0.8755823580789447
True,0.01,1.01,0.01,43.01,0.6522032191562952
False,0.01,1.01,0.01,33.01,1.0069202500377885
False,0.01,0.01,0.01,52.01,0.6717890198779988
False,0.01,0.01,2.01,44.01,1.2381862950311848
True,0.01,0.01,0.01,44.01,0.6440616920244068
False,0.01,0.01,3.01,47.01,1.1569152069690312
False,0.01,0.01,1.01,46.01,0.9672890190578313
False,1.01,0.01,0.01,55.01,1.0485895723357022
False,0.01,0.01,0.01,46.01,1.2824650649835851
True,0.01,0.01,3.01,39.01,1.1158454902667991
True,0.01,0.01,0.01,40.01,1.3688602557345158
True,0.01,2.01,0.01,51.01,0.8317861812983764
False,3.01,0.01,1.01,44.01,0.6197199740397323
True,0.01,1.01,0.01,46.01,0.623869537169265
False,0.01,0.01,1.01,45.01,0.8161992784964294
False,0.01,0.01,2.01,38.01,0.9242582308023485
False,0.01,0.01,1.01,38.01,1.2369040421149848
True,0.01,1.01,0.01,26.009999999999998,0.8359232857406984
False,0.01,0.01,0.01,32.01,0.7347375885243532
False,1.01,2.01,1.01,46.01,0.7433021172104493
True,0.01,0.01,2.01,39.01,0.6846746139448736
True,0.01,0.01,0.01,43.01,0.7591196378674722
True,0.01,0.01,1.01,39.01,0.8079515436347073
False,0.01,0.01,0.01,32.01,0.8795429655359547
True,0.01,0.01,0.01,39.01,1.0336978086119777
False,0.01,0.01,0.01,42.01,1.0044011386113834
False,0.01,0.01,1.01,32.01,0.918747323322425
False,0.01,0.01,1.01,37.01,1.1560413733871095
False,0.01,2.01,0.01,43.01,0.7344503465010743
False,0.01,1.01,0.01,41.01,0.7128152699427691
False,1.01,0.01,0.01,49.01,0.7679730881376589
True,0.01,0.01,1.01,42.01,1.4925465390687427
False,0.01,0.01,0.01,41.01,1.4601073936171733
False,0.01,0.01,0.01,44.01,1.043785988640045
True,0.01,0.01,1.01,30.009999999999998,0.8593875801984436
True,1.01,0.01,1.01,51.01,0.980904532957961
False,0.01,0.01,1.01,34.01,0.7300268510903938
False,0.01,0.01,2.01,38.01,1.1982830787203853
True,0.01,0.01,1.01,49.01,1.2125031440323795
True,1.01,0.01,1.01,39.01,1.2714354112449147
False,0.01,0.01,2.01,37.01,1.154831988679908
True,0.01,0.01,0.01,39.01,1.2584656742695646
True,0.01,0.01,0.01,42.01,0.6509621650942888
True,0.01,0.01,1.01,35.01,1.1534569976258882
False,0.01,0.01,0.01,41.01,0.7722191810681159
False,0.01,0.01,0.01,50.01,1.0935246998117503
False,0.01,0.01,1.01,48.01,1.0901942701318201
False,0.01,1.01,3.01,42.01,1.2911341078941485
True,0.01,0.01,2.01,42.01,0.797538799265674
False,0.01,0.01,1.01,38.01,1.434073902798583
True,2.01,1.01,4.01,41.01,0.9185445746253137
False,3.01,0.01,2.01,34.01,0.7868271058408196
False,0.01,2.01,2.01,43.01,1.0165343614866635
False,1.01,0.01,2.01,39.01,0.8725895657408262
False,1.01,0.01,0.01,37.01,0.8559208595705603
True,0.01,0.01,2.01,43.01,1.1492057463689647
False,0.01,0.01,1.01,43.01,0.7749440977861934
False,0.01,0.01,1.01,49.01,0.7616495450686002
False,0.01,1.01,1.01,55.01,1.0759808112832692
False,0.01,0.01,0.01,39.01,0.9826533018165454
True,0.01,0.01,3.01,41.01,0.9564286017846387
True,2.01,0.01,2.01,39.01,0.9330495078884633
True,1.01,0.01,1.01,47.01,0.9619945664895894
False,0.01,0.01,0.01,38.01,1.3665037114448124
False,0.01,0.01,0.01,39.01,1.1910243989781197
False,0.01,0.01,1.01,44.01,0.8906434740857225
False,1.01,1.01,0.01,40.01,0.9590084062298754
True,3.01,2.01,2.01,41.01,1.8851379047523245
False,0.01,0.01,0.01,33.01,0.9149526822765361
False,0.01,1.01,0.01,32.01,1.086951815567831
False,3.01,0.01,1.01,40.01,0.9475577796982871
True,0.01,0.01,2.01,41.01,0.6404708226070457
False,0.01,0.01,0.01,48.01,0.6361159806353127
False,0.01,0.01,2.01,40.01,1.359693710270417
False,4.01,0.01,1.01,46.01,1.429700035202908
False,0.01,0.01,1.01,41.01,0.8689335657985543
False,0.01,1.01,1.01,43.01,1.1599335531024084
True,1.01,0.01,0.01,42.01,1.271438760988846
True,2.01,1.01,0.01,35.01,0.8951529937028257
True,1.01,5.01,0.01,35.01,0.6315537283493939
False,0.01,0.01,2.01,43.01,0.8824785601370607
True,2.01,2.01,2.01,44.01,0.9557973485162076
True,2.01,6.01,2.01,30.009999999999998,0.9432759580726859
True,1.01,6.01,1.01,46.01,1.1954113926694574
True,4.01,8.01,1.01,39.01,0.7408492754639636
False,1.01,3.01,3.01,34.01,2.3630710583180634
True,4.01,3.01,2.01,37.01,0.9550294653825668
True,0.01,0.01,0.01,42.01,0.8039708362765183
True,0.01,0.01,0.01,42.01,0.7379439907765537
False,0.01,0.01,0.01,50.01,1.3635061587888508
False,1.01,0.01,1.01,46.01,1.2916114611918252
False,1.01,0.01,1.01,38.01,0.9689404637570196
True,0.01,0.01,1.01,41.01,1.1713759907858579
False,0.01,0.01,1.01,45.01,0.6605367503333948
False,0.01,0.01,1.01,44.01,1.0718855117361608
False,0.01,0.01,0.01,39.01,0.9871571368310584
True,0.01,0.01,0.01,43.01,0.6232566667429752
True,0.01,1.01,0.01,42.01,0.8606157198098744
False,0.01,0.01,0.01,34.01,1.2554463442735753
True,0.01,0.01,0.01,51.01,1.358097212895521
True,0.01,1.01,1.01,42.01,0.5391290993504105
False,0.01,1.01,0.01,40.01,0.9480900474940722
False,0.01,0.01,0.01,43.01,1.1175603432207206
False,0.01,0.01,1.01,30.009999999999998,0.7990422026015914
False,0.01,0.01,0.01,49.01,0.7573657906213686
True,0.01,0.01,0.01,47.01,0.9062476586415572
False,1.01,0.01,1.01,32.01,1.0186528122924556
True,0.01,0.01,3.01,45.01,0.9889896525182621
False,0.01,1.01,0.01,38.01,0.5098802958100426
False,0.01,1.01,0.01,37.01,1.184001841282789
False,0.01,0.01,0.01,38.01,1.1003325089615617
False,0.01,0.01,0.01,48.01,0.7703114134149602
True,1.01,0.01,2.01,41.01,0.9205339940892493
False,0.01,0.01,0.01,44.01,1.3850354898252797
True,1.01,0.01,5.01,48.01,2.081512332462179
False,0.01,0.01,4.01,43.01,0.7584828971540507
True,2.01,0.01,4.01,37.01,1.6513025346257726
False,2.01,0.01,1.01,36.01,0.730425418580026
False,2.01,2.01,2.01,47.01,1.0799026865016665
False,3.01,2.01,5.01,46.01,1.3293099526219732
False,0.01,0.01,1.01,34.01,1.0770553124227666
False,0.01,0.01,1.01,37.01,0.6941512916512917
True,0.01,0.01,2.01,47.01,1.4070052112751346
True,0.01,0.01,1.01,34.01,1.099922887218782
False,1.01,1.01,1.01,38.01,1.3061442517683968
False,0.01,0.01,1.01,34.01,0.7891111580654872
False,0.01,0.01,0.01,39.01,0.5287211896286526
False,0.01,0.01,1.01,30.009999999999998,1.1355162034400443
True,0.01,0.01,0.01,38.01,0.8856344856034967
False,0.01,0.01,1.01,35.01,0.8360462704091027
False,0.01,0.01,1.01,42.01,1.177721674919103
True,0.01,1.01,1.01,30.009999999999998,1.0200361927704433
False,0.01,0.01,3.01,42.01,1.1444084389293065
False,0.01,0.01,1.01,34.01,1.681440694376402
False,0.01,0.01,0.01,39.01,0.948571165246357
True,0.01,0.01,0.01,38.01,0.7161334352953419
True,0.01,0.01,0.01,48.01,0.8080955483439957
True,0.01,0.01,0.01,47.01,1.3810671780570445
False,0.01,0.01,4.01,43.01,0.7028299911564896
True,0.01,0.01,0.01,36.01,0.7661389437058483
False,0.01,0.01,1.01,38.01,0.9472971254045424
False,0.01,1.01,1.01,32.01,1.6723473724693967
True,1.01,0.01,4.01,28.009999999999998,1.21753194992646
False,1.01,0.01,1.01,28.009999999999998,1.1864853275429712
False,0.01,1.01,1.01,38.01,0.6192313881320337
False,1.01,0.01,0.01,35.01,1.0957982258986563
True,0.01,0.01,3.01,38.01,0.9806583097275119
False,0.01,0.01,0.01,36.01,1.367075997428509
False,1.01,1.01,1.01,28.009999999999998,1.10002308264159
True,0.01,0.01,2.01,43.01,1.3387553257096332
True,0.01,1.01,1.01,47.01,0.7474951236165376
False,0.01,0.01,3.01,35.01,0.7308329737727629
True,1.01,1.01,2.01,25.009999999999998,1.1943683381372
False,0.01,0.01,0.01,37.01,0.5879918182587816
False,0.01,0.01,0.01,37.01,1.0309258250394793
False,0.01,0.01,0.01,42.01,1.037998877998595
True,0.01,0.01,2.01,40.01,1.106610424994395
False,0.01,0.01,1.01,35.01,0.7882486423473111
False,0.01,0.01,0.01,48.01,0.9246571673311913
False,0.01,0.01,1.01,44.01,1.432530933642549
False,0.01,0.01,1.01,52.01,0.7865910150576118
False,0.01,0.01,0.01,42.01,1.004740512157451
False,0.01,0.01,0.01,31.009999999999998,1.2236546822152679
True,0.01,0.01,1.01,36.01,1.8207303961239674
True,1.01,0.01,1.01,42.01,0.9508401774781086
False,0.01,0.01,0.01,47.01,1.063841829165221
True,0.01,1.01,0.01,53.01,1.3834600412201346
True,0.01,0.01,2.01,31.009999999999998,1.0473257381775984
False,0.01,1.01,1.01,33.01,1.4965977651899873
True,0.01,0.01,1.01,47.01,1.0037713867202407
False,0.01,1.01,1.01,45.01,1.0721385548100826
True,1.01,0.01,2.01,32.01,0.9805154286048934
True,1.01,1.01,0.01,44.01,1.3397144948149249
False,0.01,1.01,1.01,50.01,1.3989207904091525
False,0.01,0.01,1.01,39.01,0.8999882471367444
True,1.01,0.01,0.01,42.01,1.5468387314439944
False,0.01,2.01,1.01,31.009999999999998,1.3320975634492627
True,0.01,0.01,0.01,44.01,1.3127944723410006
True,1.01,0.01,0.01,31.009999999999998,0.8973130974030409
True,1.01,1.01,2.01,34.01,0.8855686503994774
True,0.01,1.01,1.01,40.01,0.8815194776401187
False,1.01,3.01,3.01,49.01,0.815254835244331
True,1.01,0.01,1.01,48.01,0.9099514937683983
False,1.01,0.01,2.01,41.01,1.3340690374997528
True,1.01,2.01,1.01,29.009999999999998,1.5368671641926535
True,2.01,1.01,4.01,35.01,1.4589571248367228
True,1.01,0.01,1.01,35.01,0.9837164360930823
True,1.01,1.01,0.01,44.01,1.0379256429466703
True,0.01,0.01,1.01,39.01,0.8745035998484274
True,0.01,0.01,1.01,36.01,1.3531825346467985
False,0.01,0.01,1.01,35.01,1.1897901491494118
False,0.01,0.01,2.01,33.01,0.8796779529702176
False,0.01,0.01,0.01,39.01,1.2079189004150304
False,0.01,0.01,2.01,33.01,0.988932069724075
False,0.01,2.01,0.01,53.01,0.5422775094076966
False,0.01,1.01,1.01,44.01,1.0082923737741225
False,0.01,1.01,1.01,35.01,0.9742772163486333
False,1.01,0.01,0.01,40.01,1.1966830683833525
False,0.01,0.01,0.01,46.01,1.102555975817527
False,0.01,1.01,0.01,33.01,0.8363679807515922
False,0.01,0.01,0.01,33.01,1.0338810884358587
False,1.01,1.01,0.01,39.01,0.8501119031262097
False,0.01,0.01,1.01,33.01,0.7125445566399379
True,0.01,0.01,2.01,43.01,0.6855289132511851
True,0.01,1.01,0.01,45.01,1.0300644160388068
False,0.01,0.01,1.01,29.009999999999998,0.9589738896255908
False,1.01,0.01,2.01,29.009999999999998,0.610131732084742
True,1.01,1.01,2.01,34.01,0.740256871979561
True,0.01,0.01,0.01,38.01,0.6338557060157293
False,1.01,0.01,1.01,36.01,0.487260044220314
False,1.01,0.01,2.01,34.01,0.8512720591399232
False,1.01,2.01,0.01,45.01,0.6619176189865845
False,0.01,1.01,0.01,37.01,0.3103481015396992
True,0.01,4.01,2.01,36.01,1.624645249751914
False,2.01,0.01,4.01,37.01,1.0762694039047624
False,1.01,1.01,0.01,31.009999999999998,1.3156378476357822
True,0.01,1.01,1.01,35.01,0.866725370363158
True,1.01,0.01,3.01,40.01,1.8175584015544377
False,3.01,5.01,1.01,40.01,1.00669702904136
True,0.01,0.01,2.01,38.01,0.6742594883803323
False,0.01,0.01,0.01,42.01,0.9126834341546076
True,0.01,1.01,0.01,43.01,0.8372160876413186
True,0.01,0.01,0.01,47.01,1.1097051009827383
False,0.01,0.01,2.01,45.01,0.5217595287831656
True,0.01,0.01,1.01,45.01,0.9384915784486724
True,0.01,0.01,0.01,47.01,0.8498924553703298
True,0.01,0.01,0.01,33.01,0.9175222189882642
False,1.01,0.01,2.01,36.01,1.0119923409200022
False,0.01,0.01,1.01,38.01,1.1094710164438066
False,1.01,0.01,1.01,45.01,0.6150738508843583
False,0.01,0.01,0.01,44.01,1.295754510909141
False,0.01,1.01,0.01,35.01,0.6807431048214287
False,0.01,0.01,0.01,46.01,1.0194989179750842
False,0.01,0.01,2.01,45.01,1.2349924673837716
True,0.01,0.01,0.01,34.01,0.8482716576795525
False,0.01,1.01,0.01,32.01,1.253411380811507
False,0.01,1.01,0.01,35.01,2.0022024779931513
True,0.01,0.01,2.01,40.01,1.2489107031435667
True,0.01,0.01,0.01,43.01,0.7935735229499531
False,3.01,0.01,0.01,35.01,0.8208682320095362
False,0.01,1.01,0.01,51.01,1.3547452419738635
True,1.01,0.01,1.01,41.01,1.0523975944003976
False,1.01,1.01,0.01,40.01,0.7536993165795077
False,0.01,0.01,1.01,40.01,1.2544393298487266
True,2.01,0.01,1.01,48.01,0.9752135541900523
False,2.01,0.01,1.01,36.01,0.8679913170780958
False,3.01,1.01,3.01,39.01,1.3266867979945338
False,3.01,0.01,1.01,38.01,1.233161486131687
True,3.01,0.01,0.01,45.01,0.8694569017693852
True,1.01,4.01,2.01,39.01,0.8123837158816217
True,2.01,2.01,2.01,50.01,1.1214458178137896
True,2.01,4.01,0.01,50.01,1.0167948692929718
False,0.01,0.01,1.01,38.01,0.6368726797891546
True,0.01,0.01,1.01,39.01,1.2847548360026702
True,0.01,1.01,0.01,39.01,1.071104431260652
False,0.01,1.01,0.01,25.009999999999998,0.835959174243718
False,1.01,0.01,0.01,39.01,1.0615567735385592
True,0.01,0.01,1.01,33.01,1.0494913885620705
False,0.01,0.01,0.01,37.01,1.0810655956292747
False,0.01,0.01,0.01,33.01,1.3367844657007495
False,0.01,0.01,1.01,59.01,1.101867543296616
False,0.01,0.01,0.01,20.009999999999998,1.7799930541614957
False,1.01,0.01,1.01,41.01,0.7810398469445579
True,0.01,1.01,0.01,35.01,0.7010908002643869
False,1.01,1.01,1.01,35.01,1.2688790763238333
True,0.01,2.01,1.01,36.01,0.9490712737584037
True,0.01,1.01,0.01,32.01,0.9260732720067021
False,0.01,0.01,1.01,41.01,1.6462168694294286
True,0.01,2.01,2.01,33.01,0.855450208652014
True,0.01,0.01,0.01,26.009999999999998,0.5935267558815739
True,0.01,0.01,1.01,48.01,0.7723668055724806
True,1.01,1.01,0.01,33.01,1.1853986183969696
False,0.01,0.01,2.01,40.01,0.7090619910362043
False,0.01,0.01,3.01,38.01,0.9400392782997877
False,0.01,1.01,0.01,33.01,1.2353299476043202
True,1.01,2.01,0.01,37.01,1.1611105765725316
False,1.01,0.01,0.01,38.01,0.8910417615446893
False,1.01,0.01,0.01,32.01,1.0457005582724517
False,1.01,1.01,2.01,37.01,0.43447258756733453
False,1.01,1.01,2.01,33.01,1.1957020198431114
True,1.01,2.01,1.01,38.01,0.7128980094799888
False,0.01,1.01,1.01,44.01,0.9791575664501532
False,0.01,1.01,0.01,33.01,0.9840293654585394
False,2.01,0.01,1.01,25.009999999999998,0.715092285478319
False,1.01,2.01,0.01,32.01,1.3865527312344532
False,0.01,0.01,0.01,39.01,1.080528021593737
True,0.01,0.01,0.01,45.01,0.6852902365924186
False,0.01,0.01,1.01,35.01,0.6376712840783697
True,0.01,0.01,0.01,39.01,0.5758234974411445
True,0.01,0.01,0.01,40.01,1.4187871833326717
False,0.01,0.01,0.01,45.01,0.5413324732944852
True,0.01,2.01,0.01,51.01,1.133071009698495
False,0.01,0.01,0.01,43.01,0.7690027100581259
False,0.01,1.01,1.01,49.01,1.2774265501482518
False,0.01,0.01,2.01,42.01,0.9457068423893429
False,0.01,0.01,0.01,36.01,0.8363008541257009
False,1.01,0.01,0.01,43.01,1.0561127208081136
False,0.01,1.01,0.01,41.01,1.0633301793063457
False,0.01,0.01,0.01,51.01,1.2201479147349985
False,0.01,1.01,0.01,26.009999999999998,0.7114170221798342
True,0.01,0.01,1.01,40.01,0.5270029005767546
False,0.01,1.01,1.01,45.01,0.8731311837753654
True,0.01,1.01,1.01,39.01,0.648165139471333
False,0.01,0.01,0.01,38.01,1.1002677126359819
False,0.01,0.01,0.01,53.01,1.4364242031103052
True,0.01,1.01,0.01,33.01,0.6766907125648394
True,0.01,0.01,0.01,35.01,1.1027930802892103
True,0.01,0.01,5.01,39.01,0.5446380025213576
True,0.01,0.01,2.01,39.01,1.1773243412597632
True,0.01,0.01,0.01,50.01,1.2114388045423514
True,1.01,0.01,1.01,43.01,1.6037773924551275
False,1.01,1.01,1.01,37.01,0.6790368923554447
False,1.01,2.01,2.01,36.01,0.8540175580332735
False,1.01,1.01,2.01,36.01,0.8579319445136416
False,1.01,2.01,0.01,33.01,1.072261882444712
True,1.01,2.01,1.01,46.01,0.893145771605784
False,1.01,1.01,1.01,42.01,1.3047224370572277
False,2.01,0.01,2.01,30.009999999999998,0.9571992029665367
True,0.01,0.01,1.01,40.01,1.1078991088289458
False,0.01,0.01,0.01,35.01,0.997734073103355
True,0.01,0.01,0.01,36.01,0.918957760642236
False,0.01,1.01,1.01,38.01,0.8326237620772048
False,1.01,0.01,0.01,40.01,1.3760860749581731
True,0.01,0.01,0.01,43.01,0.6006645713040504
False,0.01,0.01,0.01,39.01,1.1038300360904447
False,1.01,0.01,2.01,36.01,1.2716090759744503
True,1.01,1.01,2.01,42.01,0.8555282521905345
True,0.01,0.01,0.01,33.01,1.2868830155313313
False,0.01,0.01,0.01,41.01,0.8807793590312232
False,1.01,0.01,0.01,49.01,1.215765680656339
True,0.01,0.01,0.01,43.01,1.3562420200412204
False,0.01,0.01,1.01,48.01,0.7860710089676183
True,0.01,0.01,0.01,36.01,0.7352082613032092
True,1.01,0.01,0.01,39.01,0.636741334934107
True,1.01,0.01,1.01,44.01,0.7020305776198834
False,1.01,0.01,0.01,31.009999999999998,1.0098160494888053
False,1.01,0.01,2.01,52.01,0.916345561355948
True,1.01,3.01,2.01,50.01,1.1273245704363897
True,1.01,1.01,0.01,37.01,0.5432588105014952
False,1.01,0.01,1.01,42.01,0.6351450685664315
False,1.01,2.01,1.01,35.01,0.5446197701665508
False,1.01,1.01,1.01,51.01,0.9897391255964542
False,2.01,1.01,2.01,34.01,1.277676066716292
False,2.01,1.01,2.01,47.01,1.0419999884259938
True,2.01,0.01,2.01,42.01,1.5660437102066573
True,4.01,2.01,1.01,50.01,0.964154262419122
False,0.01,1.01,2.01,43.01,1.0406093544388195
False,2.01,1.01,1.01,35.01,0.9098583752719621
False,2.01,5.01,2.01,51.01,1.356006036485879
False,2.01,1.01,1.01,42.01,1.2520279323850754
False,5.01,4.01,2.01,37.01,1.3878666868662677
False,0.01,0.01,0.01,43.01,0.7433046960820276
False,0.01,0.01,1.01,50.01,0.46541760840213314
False,0.01,0.01,0.01,39.01,1.193673251173251
False,0.01,0.01,0.01,38.01,1.060522423236495
False,0.01,0.01,1.01,46.01,0.7402065059903805
True,0.01,0.01,0.01,45.01,0.8095467761552153
True,1.01,0.01,2.01,42.01,0.6282802491332244
False,0.01,1.01,0.01,41.01,0.9159723549959808
False,0.01,0.01,1.01,33.01,0.43508501657478643
True,1.01,0.01,2.01,43.01,0.7841621607253741
True,0.01,1.01,1.01,39.01,1.3939462659693682
True,0.01,0.01,0.01,45.01,0.5453346043114645
True,0.01,0.01,1.01,50.01,1.0045802263105095
True,0.01,0.01,1.01,44.01,0.7285053587361134
True,0.01,0.01,1.01,43.01,0.6770104384727306
False,0.01,0.01,1.01,46.01,1.0080636627598119
False,0.01,2.01,1.01,42.01,1.5170346996849553
False,1.01,0.01,2.01,36.01,0.6136646327762442
False,0.01,0.01,1.01,37.01,0.9325291542472035
False,0.01,0.01,0.01,43.01,1.2042205048311763
True,1.01,0.01,0.01,40.01,1.4230957956469146
False,0.01,0.01,1.01,33.01,0.6772253227745217
True,0.01,1.01,0.01,38.01,0.7560386485908243
True,0.01,0.01,1.01,33.01,0.8621720280298099
False,1.01,1.01,0.01,30.009999999999998,0.8885771432389317
False,1.01,3.01,0.01,42.01,0.7288604903733635
False,0.01,1.01,2.01,39.01,0.8045895147778708
False,0.01,1.01,0.01,25.009999999999998,1.232293112571635
False,2.01,0.01,1.01,38.01,0.8085867019961614
False,5.01,1.01,1.01,43.01,1.4516723557995466
True,1.01,1.01,2.01,36.01,0.8705138067370762
False,3.01,0.01,2.01,39.01,0.9674248030676227
False,8.01,4.01,2.01,39.01,0.6177860878633189
True,0.01,0.01,1.01,42.01,0.8265134738706051
False,0.01,0.01,1.01,33.01,0.9984761886886137
True,0.01,1.01,2.01,41.01,0.8086584284928533
False,0.01,0.01,1.01,41.01,1.098784605703735
False,1.01,1.01,1.01,35.01,0.6628397674568277
False,0.01,0.01,0.01,33.01,1.0077504761385243
False,1.01,1.01,2.01,49.01,1.3346749230028412
True,0.01,0.01,0.01,40.01,1.311613257528834
False,1.01,0.01,1.01,41.01,0.9295329228291379
True,1.01,1.01,0.01,39.01,2.02165762870244
True,0.01,0.01,2.01,36.01,1.3805992530237605
False,0.01,1.01,0.01,33.01,1.3079881500523176
False,0.01,1.01,0.01,28.009999999999998,1.1097528672405534
False,0.01,0.01,0.01,48.01,0.6820404850197523
False,0.01,1.01,0.01,31.009999999999998,0.9371831076655639
True,1.01,1.01,0.01,36.01,1.5111751418469608
False,1.01,1.01,1.01,42.01,0.7159998495490953
False,0.01,0.01,0.01,32.01,0.6206169622855918
True,0.01,1.01,1.01,41.01,0.4254736469619946
True,0.01,1.01,1.01,35.01,0.54756148229129
False,0.01,1.01,1.01,44.01,0.8174842754947748
True,0.01,2.01,1.01,32.01,0.6775619884516632
False,2.01,1.01,2.01,44.01,0.7822821729348715
False,0.01,1.01,0.01,39.01,1.2103971701665535
False,0.01,1.01,0.01,40.01,1.5165255863725973
True,2.01,2.01,2.01,38.01,0.7186109054952029
False,0.01,0.01,1.01,31.009999999999998,1.1531269857227715
False,2.01,1.01,0.01,40.01,0.8110356713252014
False,2.01,3.01,3.01,43.01,1.2882832689690067
True,1.01,1.01,0.01,40.01,0.9873208015566886
False,2.01,4.01,0.01,30.009999999999998,1.2857679997333207
False,6.01,2.01,3.01,37.01,1.6248621813432442
False,6.01,0.01,2.01,44.01,1.2076815334225701
True,0.01,0.01,1.01,41.01,0.9661720627254562
True,0.01,0.01,0.01,40.01,1.197968883934072
False,0.01,0.01,3.01,44.01,0.8604925806959561
False,1.01,0.01,0.01,41.01,1.2787688136583872
False,1.01,2.01,0.01,45.01,0.5728301370030693
True,0.01,1.01,0.01,38.01,0.9524244110327539
True,0.01,0.01,1.01,36.01,0.7161870837435653
True,0.01,1.01,2.01,36.01,0.7174359215020069
False,0.01,0.01,0.01,42.01,0.900274378408457
False,0.01,1.01,0.01,33.01,0.78185933729788
True,0.01,0.01,1.01,37.01,1.219153729158389
False,1.01,0.01,1.01,43.01,1.014503319784335
False,0.01,2.01,0.01,34.01,1.2330312417282483
False,0.01,0.01,1.01,31.009999999999998,0.6135009741977178
False,0.01,3.01,0.01,41.01,0.8295589804460772
True,1.01,1.01,2.01,33.01,0.7542393797708596
True,0.01,1.01,2.01,41.01,0.8749454749810706
False,1.01,1.01,2.01,45.01,0.9347711785064327
False,0.01,1.01,0.01,41.01,0.9025967106383176
True,1.01,1.01,1.01,29.009999999999998,1.05405361729051
False,0.01,2.01,0.01,46.01,1.117277535969986
False,0.01,2.01,1.01,34.01,0.5550793755770131
True,1.01,0.01,0.01,46.01,1.028359772786564
False,3.01,1.01,1.01,36.01,1.4428593452360465
True,1.01,0.01,1.01,40.01,0.2942206903347882
True,0.01,1.01,1.01,58.01,0.6331074635071531
False,0.01,0.01,3.01,33.01,0.9151198253703421
False,1.01,0.01,1.01,45.01,0.519267497872914
False,3.01,0.01,1.01,39.01,0.8068555171660264
False,2.01,2.01,1.01,50.01,0.9133263888309044
False,1.01,3.01,2.01,44.01,1.1555240137683591
False,1.01,0.01,1.01,46.01,0.6410533025434442
False,4.01,2.01,2.01,40.01,0.9805347599793584
True,0.01,0.01,1.01,43.01,1.575358518190326
False,1.01,0.01,2.01,40.01,1.2610044456623912
True,0.01,0.01,0.01,46.01,1.2745119115516252
False,2.01,0.01,0.01,55.01,0.9507479967025203
False,1.01,1.01,0.01,50.01,0.946791610457429
True,1.01,1.01,0.01,34.01,1.1800531402556877
False,1.01,0.01,0.01,41.01,1.3248817566656441
False,0.01,0.01,0.01,45.01,0.7257488857525634
True,0.01,0.01,0.01,29.009999999999998,1.0359227910111446
True,1.01,0.01,1.01,33.01,1.1801309556743091
True,0.01,0.01,1.01,35.01,1.0129258683752922
False,0.01,2.01,1.01,40.01,0.6520991581393384
False,0.01,0.01,1.01,27.009999999999998,0.9662998453589515
True,0.01,1.01,1.01,36.01,1.0164853967860261
True,0.01,0.01,1.01,42.01,0.7693851936437719
True,0.01,0.01,0.01,36.01,1.1289178616874254
True,0.01,1.01,0.01,45.01,1.0909871431903735
False,0.01,1.01,0.01,37.01,1.3612469256323791
False,0.01,1.01,0.01,37.01,1.199844524950094
True,0.01,0.01,0.01,44.01,1.0496761067310767
False,1.01,0.01,1.01,21.009999999999998,0.49734132179038637
False,1.01,3.01,1.01,31.009999999999998,1.0630914201966832
True,1.01,3.01,2.01,35.01,1.332749894865477
False,1.01,2.01,1.01,33.01,0.9913414811235097
True,0.01,1.01,1.01,40.01,0.7712946606331801
False,2.01,1.01,0.01,45.01,1.3144052577015533
False,2.01,2.01,0.01,41.01,0.6345385052668323
False,2.01,2.01,1.01,44.01,0.9246783251388556
False,6.01,1.01,0.01,52.01,1.1866291262533097
False,1.01,1.01,2.01,44.01,1.3798194660396799
False,2.01,2.01,2.01,47.01,0.8973879833794612
False,3.01,3.01,1.01,47.01,1.1399076408983528
True,3.01,5.01,1.01,43.01,0.7046053374389206
False,1.01,1.01,0.01,50.01,0.884167399592716
False,0.01,0.01,1.01,50.01,0.7317402414664078
True,0.01,0.01,0.01,36.01,0.5409480536523424
False,0.01,0.01,0.01,30.009999999999998,1.6647021566451445
False,0.01,0.01,1.01,42.01,0.7532465639758199
False,0.01,0.01,0.01,39.01,0.7775818844334198
True,1.01,0.01,1.01,40.01,0.520052430727483
False,0.01,0.01,2.01,36.01,0.8973941252390922
True,1.01,1.01,1.01,45.01,1.0165898761020715
True,0.01,2.01,0.01,41.01,0.8505824007921872
False,1.01,0.01,1.01,41.01,1.178660097207038
False,0.01,0.01,0.01,40.01,1.1048183938128529
False,0.01,0.01,0.01,45.01,0.7605277990453193
False,0.01,0.01,1.01,37.01,0.7323271789699809
True,0.01,1.01,0.01,39.01,0.786830688828078
True,0.01,0.01,0.01,43.01,0.8854212628792931
True,1.01,1.01,1.01,35.01,1.112542470897032
True,0.01,1.01,0.01,31.009999999999998,1.2132402923823107
True,1.01,2.01,0.01,41.01,1.6554257135510406
False,0.01,0.01,0.01,36.01,0.5917438647212181
False,1.01,1.01,2.01,52.01,0.7424371192819651
False,1.01,1.01,1.01,44.01,0.8436927981147729
True,0.01,1.01,0.01,38.01,1.5231172541145743
True,1.01,0.01,1.01,45.01,1.4582237137993963
False,0.01,1.01,3.01,42.01,1.391637776167401
True,2.01,0.01,1.01,34.01,0.8679040475568303
False,0.01,0.01,1.01,46.01,0.7944248956033183
False,4.01,2.01,1.01,41.01,0.8200808310416633
False,4.01,0.01,3.01,46.01,0.6972982134476723
False,2.01,1.01,3.01,37.01,1.061617932864063
False,2.01,0.01,2.01,37.01,0.7227265507815924
False,2.01,2.01,2.01,37.01,0.9590870841974652
False,3.01,1.01,0.01,36.01,0.9128051257023326
True,1.01,1.01,1.01,28.009999999999998,1.4588114261711616
False,0.01,0.01,0.01,46.01,1.1109652261498255
True,0.01,2.01,3.01,39.01,0.7169563146197703
False,1.01,0.01,3.01,42.01,1.2576044558434278
True,0.01,1.01,0.01,37.01,1.3470024600447772
True,1.01,0.01,1.01,35.01,0.7077584739135057
True,0.01,1.01,1.01,39.01,1.366142952007038
True,0.01,0.01,1.01,32.01,0.9812927864746916
True,0.01,0.01,0.01,41.01,0.8312421929294994
False,1.01,0.01,2.01,34.01,0.8083091027870378
False,0.01,0.01,0.01,45.01,1.0633910709422025
False,1.01,2.01,0.01,35.01,1.4125343604880811
True,1.01,0.01,2.01,34.01,1.2192313355641407
False,1.01,0.01,1.01,41.01,0.6813530764303075
True,0.01,1.01,1.01,48.01,1.0978201134133334
True,2.01,0.01,4.01,46.01,1.13164576673505
False,0.01,1.01,1.01,34.01,0.8978339153601339
False,1.01,0.01,2.01,41.01,0.9525246155654608
False,0.01,2.01,1.01,35.01,1.16403712479932
False,0.01,2.01,2.01,50.01,1.7337233002699426
True,0.01,0.01,2.01,47.01,0.8681770616760759
True,2.01,0.01,0.01,37.01,1.5779378556521233
False,0.01,0.01,1.01,41.01,0.9281229705500456
True,0.01,2.01,1.01,42.01,0.9877173039661148
False,0.01,3.01,1.01,29.009999999999998,1.2672484225598244
False,2.01,0.01,2.01,34.01,0.8223342361543716
False,1.01,3.01,2.01,31.009999999999998,0.9683821316573489
False,1.01,2.01,0.01,35.01,1.1415669646186462
False,5.01,3.01,1.01,41.01,0.7395339059496655
False,3.01,1.01,2.01,45.01,0.7373795942266494
False,6.01,3.01,1.01,43.01,1.5796709273215488
False,4.01,5.01,0.01,44.01,0.544099429402367
False,8.01,8.01,3.01,33.01,0.5299411455990403
False,0.01,1.01,0.01,40.01,1.5907995794567806
True,1.01,0.01,0.01,38.01,0.844089757302317
False,1.01,0.01,0.01,37.01,0.9514248620180824
True,0.01,1.01,1.01,34.01,1.009306102976619
True,0.01,0.01,1.01,59.01,0.6190165076786042
False,0.01,0.01,1.01,41.01,1.2266287347420624
True,1.01,0.01,0.01,47.01,1.1150242697506798
False,0.01,0.01,1.01,32.01,0.9885009891483216
True,0.01,0.01,0.01,36.01,2.011148643714433
True,0.01,0.01,5.01,47.01,1.287431597657171
True,1.01,0.01,2.01,41.01,1.6237305774185353
True,0.01,0.01,2.01,37.01,1.010537979831882
False,1.01,0.01,2.01,37.01,0.7503825530422769
False,0.01,0.01,0.01,44.01,0.9995747455324787
False,2.01,0.01,1.01,36.01,0.7705084820328723
False,2.01,0.01,2.01,44.01,1.304111492128796
False,0.01,1.01,0.01,44.01,1.1668341795410004
False,1.01,1.01,1.01,34.01,1.0347045159102173
False,1.01,0.01,3.01,34.01,1.098638065234365
False,1.01,1.01,0.01,40.01,0.6676936448951959
False,1.01,2.01,0.01,41.01,0.9117010639261278
True,1.01,0.01,0.01,54.01,0.8343126756284652
True,1.01,2.01,2.01,39.01,1.213724928801389
False,2.01,0.01,0.01,34.01,0.45599339001035327
False,2.01,0.01,1.01,26.009999999999998,1.2608431264793374
False,2.01,4.01,0.01,29.009999999999998,0.9295135423208059
True,1.01,2.01,2.01,39.01,1.4696919020223769
False,0.01,3.01,1.01,37.01,0.860395987131874
True,4.01,0.01,1.01,37.01,1.2657461377767083
True,1.01,3.01,2.01,39.01,0.5041867420949572
False,3.01,3.01,3.01,36.01,1.1802598241551732
False,3.01,3.01,1.01,36.01,1.1800779702491753
False,5.01,3.01,4.01,44.01,0.7351195754136929
True,0.01,1.01,2.01,34.01,1.254736887020357
False,0.01,0.01,0.01,43.01,0.8258034543115188
False,0.01,0.01,1.01,45.01,1.1119437630911464
True,0.01,1.01,0.01,39.01,1.1556092056092058
False,1.01,0.01,0.01,38.01,0.9540214362234486
True,0.01,0.01,0.01,44.01,0.9388012398187885
False,1.01,0.01,1.01,42.01,0.6197528505751556
False,0.01,0.01,1.01,32.01,0.45272240973587363
False,0.01,1.01,1.01,41.01,1.0467982685016934
True,0.01,2.01,0.01,52.01,0.8965256197398348
True,1.01,0.01,1.01,39.01,1.353935657305729
False,2.01,0.01,0.01,38.01,1.0166756930088188
False,2.01,1.01,1.01,53.01,0.7915938022946781
False,0.01,2.01,1.01,32.01,1.2529261117212267
True,0.01,2.01,1.01,35.01,1.228582297404232
False,1.01,1.01,1.01,42.01,1.0026986780475764
False,2.01,1.01,1.01,46.01,0.6586864241768435
True,3.01,1.01,4.01,29.009999999999998,1.0026499242229827
True,3.01,0.01,0.01,39.01,1.4591972117051004
True,5.01,2.01,0.01,42.01,1.3292615272347785
False,1.01,2.01,0.01,40.01,1.4962456055816753
False,3.01,1.01,2.01,41.01,0.9715314069905201
False,2.01,2.01,1.01,42.01,0.8573312141247939
True,3.01,2.01,1.01,40.01,1.6215447769491103
True,0.01,4.01,3.01,43.01,0.8080094692160379
False,2.01,0.01,3.01,51.01,0.7276914857076833
True,3.01,1.01,1.01,47.01,0.6775826426056737
False,5.01,2.01,1.01,27.009999999999998,0.6781993957923542
False,4.01,6.01,0.01,46.01,0.6345785239684145
False,2.01,1.01,2.01,34.01,0.6443272468272467
True,1.01,1.01,1.01,37.01,0.89747332014341
False,0.01,4.01,2.01,29.009999999999998,0.507500905170995
True,0.01,0.01,0.01,36.01,0.7904699859493265
True,0.01,2.01,1.01,38.01,0.7501546256427087
False,0.01,1.01,2.01,38.01,0.8453798046473875
False,0.01,1.01,1.01,51.01,0.9062409745238874
False,0.01,1.01,2.01,41.01,0.622760798531749
False,1.01,2.01,0.01,34.01,0.7261573109736053
True,0.01,0.01,3.01,41.01,0.8921728518222207
False,1.01,1.01,0.01,37.01,0.6213983005967246
True,2.01,0.01,0.01,42.01,1.0779615036920729
True,2.01,2.01,0.01,40.01,0.8207253375486907
False,3.01,0.01,1.01,54.01,0.5870283806417422
False,2.01,0.01,2.01,55.01,0.7320567327562928
False,2.01,1.01,0.01,45.01,0.8231588700909188
False,1.01,1.01,1.01,50.01,0.6190794347771092
True,0.01,2.01,1.01,33.01,1.3432411255034742
False,1.01,0.01,2.01,47.01,0.6230077913559156
True,2.01,2.01,2.01,36.01,0.8778625504612346
False,2.01,1.01,0.01,35.01,0.8030520470939992
False,0.01,2.01,1.01,46.01,0.8309319941411103
False,1.01,1.01,0.01,54.01,0.8803178354291821
False,1.01,3.01,2.01,40.01,1.0438816388176746
False,5.01,5.01,0.01,32.01,0.7358974054715203
False,2.01,0.01,1.01,42.01,1.236690559909849
True,1.01,0.01,2.01,42.01,1.3923057794673686
False,1.01,2.01,0.01,41.01,0.7445343382112383
False,0.01,2.01,3.01,43.01,1.0659421224665127
False,1.01,2.01,2.01,41.01,0.7773929914997719
False,4.01,4.01,3.01,30.009999999999998,1.3161321078408559
False,2.01,1.01,2.01,34.01,1.1041808774413382
True,6.01,7.01,0.01,37.01,1.0156048260305228
False,11.01,5.01,1.01,39.01,1.2020901557972499
False,6.01,10.01,0.01,35.01,0.6773624515003827
False,1.01,3.01,3.01,45.01,1.073290375896006
False,1.01,2.01,1.01,37.01,1.2883357901700572
True,1.01,2.01,1.01,51.01,1.0826038035216214
False,1.01,1.01,0.01,41.01,1.3893316096696895
True,0.01,0.01,0.01,38.01,0.8480802578907457
False,0.01,0.01,1.01,51.01,1.0120484002845087
False,0.01,0.01,0.01,53.01,0.723189942730616
True,0.01,1.01,1.01,49.01,1.102058590958189
False,0.01,1.01,0.01,44.01,1.0892489776828205
False,0.01,1.01,2.01,46.01,0.7093555135307053
True,1.01,4.01,3.01,39.01,1.095840526607507
True,2.01,1.01,0.01,38.01,0.7592903194356712
True,1.01,3.01,1.01,44.01,1.1120060326413048
True,1.01,0.01,4.01,28.009999999999998,1.0400450661504348
False,4.01,3.01,3.01,47.01,1.1615987221986424
True,2.01,2.01,3.01,41.01,1.2801655891174648
True,1.01,1.01,1.01,46.01,1.199153344992023
False,3.01,1.01,0.01,39.01,1.2820306196483433
False,1.01,0.01,2.01,44.01,0.9362610543486458
False,4.01,2.01,1.01,47.01,1.0826718133249913
False,5.01,4.01,2.01,49.01,0.7191052071374875
True,3.01,8.01,5.01,48.01,1.49434735869548
True,2.01,1.01,2.01,37.01,1.037855273595999
False,3.01,5.01,1.01,53.01,1.4116734187482771
False,2.01,5.01,1.01,38.01,0.9925004704938896
True,3.01,3.01,0.01,38.01,1.227776084460121
False,5.01,0.01,2.01,45.01,1.3598989574701486
False,6.01,4.01,2.01,43.01,1.707575611387069
False,11.01,3.01,3.01,41.01,0.6706196129568174
False,5.01,5.01,0.01,42.01,1.2676013213339492
False,4.01,8.01,4.01,42.01,1.0421712215323402
False,14.01,14.01,1.01,42.01,1.325628788746729
True,0.01,0.01,1.01,40.01,1.0657649391471404
True,0.01,1.01,1.01,42.01,1.1933540132453175
False,0.01,0.01,0.01,54.01,0.9068563990191861
True,0.01,1.01,2.01,49.01,0.39995487412724073
True,0.01,0.01,0.01,37.01,0.7642700587586356
False,0.01,0.01,0.01,38.01,0.6332818586521993
True,0.01,0.01,1.01,34.01,1.0764234406804067
False,0.01,1.01,3.01,36.01,0.5896072622712856
False,1.01,0.01,2.01,35.01,1.2767130787073284
False,1.01,0.01,1.01,41.01,0.8408086906467622
True,0.01,0.01,0.01,39.01,0.8005784559164619
False,0.01,1.01,2.01,46.01,1.1187082693750192
True,0.01,0.01,1.01,40.01,0.6414550491547029
False,0.01,1.01,1.01,48.01,0.9383071484887004
False,0.01,0.01,0.01,39.01,0.9319595469178776
False,0.01,1.01,1.01,33.01,0.5303259966123852
True,0.01,0.01,1.01,37.01,1.1714097703809765
False,1.01,0.01,1.01,42.01,0.5837687459831613
False,1.01,0.01,0.01,48.01,0.643255501095681
False,1.01,0.01,0.01,46.01,1.5033771717503812
False,0.01,0.01,1.01,39.01,1.1302331641351728
True,1.01,0.01,1.01,44.01,1.06062746723182
False,1.01,0.01,0.01,36.01,0.5159212003370385
True,0.01,0.01,1.01,47.01,0.785354307825097
True,0.01,0.01,4.01,40.01,1.2753456797224225
False,0.01,0.01,2.01,36.01,0.952542122404664
True,0.01,2.01,1.01,36.01,1.3509260867579904
False,0.01,1.01,3.01,32.01,1.02401786282372
False,0.01,4.01,0.01,40.01,0.7378259355117947
False,2.01,1.01,0.01,46.01,1.3699840574763855
False,0.01,0.01,2.01,44.01,1.1471276783090336
False,4.01,1.01,2.01,48.01,0.8694358019723588
False,0.01,1.01,1.01,36.01,1.1500236056118407
False,0.01,0.01,0.01,32.01,0.8103675377588813
True,0.01,0.01,0.01,42.01,0.5533393639505435
True,0.01,0.01,1.01,32.01,0.5524331499938656
False,0.01,0.01,0.01,39.01,1.1159222179173651
True,0.01,0.01,1.01,46.01,0.8089152419150965
True,0.01,0.01,0.01,34.01,0.9274902559595525
False,0.01,0.01,0.01,33.01,0.9398765629305668
False,0.01,0.01,1.01,35.01,0.6332703403456107
False,0.01,0.01,1.01,47.01,0.7461703921777317
False,0.01,0.01,1.01,34.01,1.474529863289139
True,0.01,0.01,0.01,38.01,1.740619487439691
False,0.01,0.01,2.01,43.01,1.0801602801963817
False,1.01,0.01,1.01,32.01,0.6102946561891252
True,0.01,0.01,0.01,41.01,1.1105157261039615
False,1.01,0.01,1.01,39.01,0.7690139021237755
False,0.01,0.01,2.01,47.01,0.6595781005726463
True,2.01,1.01,1.01,40.01,0.6818011396681429
False,1.01,0.01,2.01,46.01,1.6204027399081504
True,1.01,1.01,1.01,38.01,1.0125322102205665
True,0.01,1.01,1.01,41.01,0.8498696888346973
False,0.01,2.01,1.01,40.01,0.8371448543011963
False,0.01,3.01,1.01,45.01,0.8111106819776724
True,0.01,0.01,1.01,36.01,0.5974447737103018
True,0.01,1.01,2.01,40.01,1.5197400655929856
True,1.01,0.01,3.01,47.01,1.7475486107649594
False,0.01,1.01,1.01,36.01,0.8087022083747704
False,2.01,0.01,0.01,37.01,0.856366841517845
False,0.01,2.01,0.01,39.01,1.1068545933653904
False,0.01,0.01,2.01,45.01,0.9983688577053293
False,2.01,1.01,1.01,31.009999999999998,1.0154616550630653
True,1.01,2.01,1.01,39.01,1.3074853802461095
False,2.01,0.01,4.01,43.01,1.056148177783619
False,2.01,1.01,4.01,39.01,0.8220694329554252
True,0.01,0.01,0.01,34.01,0.8976528765581173
False,0.01,0.01,1.01,49.01,0.8401437675127532
True,0.01,0.01,1.01,38.01,0.6994694831058471
False,0.01,0.01,0.01,50.01,0.9028318870208192
False,1.01,0.01,0.01,44.01,0.2633535636476813
False,0.01,0.01,1.01,53.01,0.6878430409259507
False,0.01,1.01,0.01,32.01,0.7808646000088033
True,0.01,0.01,2.01,43.01,1.208585604534973
False,0.01,1.01,0.01,49.01,1.254742709521326
False,0.01,1.01,1.01,44.01,0.7975458827764051
True,2.01,1.01,0.01,39.01,1.118454480446709
False,0.01,0.01,1.01,38.01,0.684634572257425
False,0.01,0.01,1.01,35.01,1.4940552124314668
True,0.01,0.01,1.01,31.009999999999998,1.1831438157617873
True,0.01,0.01,0.01,38.01,0.6696908616441694
False,1.01,0.01,1.01,39.01,0.48955781138484145
True,0.01,1.01,1.01,31.009999999999998,1.1990442321703472
False,0.01,2.01,0.01,46.01,0.7328854567473494
False,0.01,0.01,0.01,43.01,1.0297926029543676
False,1.01,1.01,2.01,34.01,0.9129835080276135
False,1.01,1.01,1.01,38.01,0.7837959901919325
False,0.01,0.01,0.01,32.01,1.240554514952716
True,3.01,2.01,0.01,43.01,0.8447612662298357
False,0.01,0.01,1.01,53.01,0.9461146366235408
True,0.01,1.01,2.01,34.01,1.3382048933190813
True,0.01,1.01,1.01,39.01,1.575190901308959
True,1.01,2.01,0.01,35.01,1.2166391576319455
True,1.01,2.01,1.01,36.01,0.4109615894553516
False,1.01,2.01,4.01,37.01,0.8293753053787193
False,1.01,2.01,4.01,45.01,1.1388597655770332
False,1.01,4.01,4.01,35.01,0.9627748224428745
False,3.01,0.01,3.01,44.01,1.067692769595316
True,1.01,7.01,3.01,35.01,1.2601084015935524
False,0.01,0.01,0.01,40.01,0.6520266048940441
False,0.01,0.01,1.01,40.01,0.794682230252819
False,0.01,0.01,1.01,34.01,0.9245393015856245
False,0.01,0.01,1.01,43.01,1.0736732046735293
True,0.01,0.01,0.01,37.01,0.8614192907275005
True,0.01,0.01,1.01,42.01,0.9595311311713559
False,0.01,0.01,0.01,50.01,0.8517896540440415
False,0.01,0.01,0.01,34.01,1.3536497546556667
False,2.01,0.01,1.01,45.01,0.8851509752689469
True,0.01,0.01,1.01,39.01,1.3401833213605057
True,0.01,0.01,0.01,40.01,0.6673548746491557
False,0.01,0.01,0.01,45.01,0.5605165519586948
True,0.01,0.01,2.01,46.01,2.1970358425589636
False,0.01,0.01,2.01,38.01,1.0636904761904762
False,1.01,0.01,1.01,42.01,0.8254917105644576
False,0.01,0.01,1.01,28.009999999999998,0.7434945141918744
False,1.01,1.01,1.01,39.01,0.827508968595925
False,0.01,0.01,1.01,29.009999999999998,1.2621491199664117
False,0.01,0.01,2.01,35.01,1.3197601200590092
False,0.01,0.01,4.01,49.01,1.0638642517618881
False,0.01,1.01,1.01,45.01,0.9267240456292102
True,1.01,0.01,1.01,42.01,0.7482054792445035
True,0.01,0.01,2.01,47.01,0.7571389520302565
True,1.01,0.01,2.01,44.01,1.4840927577829688
False,0.01,0.01,1.01,51.01,0.8647088993984211
True,0.01,0.01,0.01,38.01,0.7490022077209634
True,0.01,2.01,2.01,38.01,1.140888909804527
True,1.01,0.01,3.01,34.01,0.953502032555229
False,1.01,0.01,2.01,36.01,0.6355658465952585
False,1.01,0.01,0.01,35.01,0.8741265005239816
True,2.01,0.01,0.01,38.01,0.915100496146322
False,1.01,1.01,3.01,38.01,0.5122153273157578
False,1.01,1.01,4.01,43.01,1.2114267014267015
True,0.01,0.01,0.01,21.009999999999998,1.1487685392030555
False,0.01,0.01,0.01,29.009999999999998,1.0749000788363183
False,1.01,0.01,1.01,46.01,0.5130878798832089
False,1.01,0.01,0.01,52.01,1.2614980862385905
False,0.01,0.01,1.01,40.01,1.0967515643802448
False,1.01,1.01,0.01,34.01,1.0831237410008148
True,0.01,0.01,0.01,46.01,1.3532378248350223
True,1.01,0.01,0.01,43.01,1.3043733189819628
True,0.01,0.01,2.01,36.01,1.3293697999586975
True,0.01,0.01,1.01,49.01,0.5661138298521575
False,0.01,0.01,1.01,40.01,1.0607863542007099
False,0.01,0.01,0.01,33.01,0.9713940989550679
False,0.01,0.01,1.01,37.01,0.9487394813778014
False,0.01,1.01,2.01,33.01,0.9170262783595875
True,0.01,1.01,0.01,43.01,0.593517423964596
False,0.01,0.01,0.01,41.01,0.4781671369171369
True,0.01,0.01,1.01,45.01,1.0941535502151838
True,0.01,0.01,1.01,47.01,1.0108193564953947
False,0.01,1.01,1.01,39.01,1.6745335799530956
False,0.01,0.01,1.01,49.01,1.2816117643228215
False,2.01,0.01,2.01,34.01,0.37610397519454136
True,0.01,0.01,1.01,37.01,1.3697557534069642
False,1.01,0.01,0.01,39.01,0.9296200158915118
False,1.01,0.01,2.01,28.009999999999998,1.1976526664845997
True,1.01,0.01,0.01,41.01,1.4546355541477494
True,0.01,2.01,2.01,39.01,0.604387193331104
False,0.01,1.01,3.01,51.01,1.3304828243977542
False,1.01,0.01,3.01,31.009999999999998,0.9584078354129282
False,0.01,0.01,0.01,47.01,1.3638074628310886
False,1.01,1.01,1.01,30.009999999999998,0.992107458689888
True,4.01,2.01,3.01,36.01,1.5601598744423542
False,2.01,2.01,2.01,43.01,0.8225373417731372
True,4.01,2.01,1.01,27.009999999999998,1.2950383109420487
True,0.01,1.01,1.01,37.01,0.918323790299957
False,0.01,0.01,2.01,40.01,1.0640323540845362
True,0.01,0.01,0.01,41.01,1.6030531516181414
False,0.01,0.01,0.01,47.01,0.7168359272306641
True,0.01,0.01,0.01,42.01,0.903431533394702
False,0.01,1.01,1.01,48.01,0.6682207816645028
False,0.01,0.01,0.01,36.01,0.8243783917092922
False,0.01,0.01,1.01,35.01,1.0247016345890692
False,0.01,0.01,2.01,40.01,0.7009747282462111
True,0.01,1.01,1.01,31.009999999999998,1.6242180411599743
False,0.01,0.01,1.01,29.009999999999998,0.6275192843653095
False,1.01,0.01,1.01,44.01,0.6340938885675728
True,1.01,0.01,2.01,32.01,0.6079931534028284
False,1.01,0.01,1.01,50.01,0.814472572583166
False,1.01,0.01,0.01,40.01,0.6821969541589026
True,2.01,0.01,1.01,36.01,0.766850019605123
True,0.01,0.01,0.01,49.01,0.8084090055295157
False,0.01,2.01,0.01,47.01,1.048616610354972
False,2.01,1.01,2.01,34.01,0.9944580176159123
True,0.01,0.01,2.01,35.01,0.8610154364691569
False,2.01,0.01,0.01,36.01,1.432518480621278
True,1.01,2.01,1.01,33.01,1.1685140103374387
False,2.01,1.01,0.01,43.01,0.7939124208248515
True,1.01,2.01,0.01,40.01,1.1991691259445982
False,2.01,0.01,1.01,32.01,1.4355090922929796
True,3.01,0.01,1.01,43.01,0.779891957457747
True,2.01,1.01,2.01,46.01,0.7553437294816605
False,0.01,8.01,0.01,42.01,0.9982296473790201
False,2.01,1.01,3.01,45.01,0.8487312120150867
False,2.01,1.01,1.01,31.009999999999998,1.1151162465324664
False,1.01,1.01,1.01,31.009999999999998,0.6428545876773475
False,3.01,0.01,2.01,46.01,0.764379341931524
False,1.01,2.01,0.01,37.01,1.52267691906216
False,0.01,1.01,1.01,54.01,1.0922791807463048
False,0.01,0.01,0.01,40.01,0.9510370288815376
True,0.01,0.01,0.01,23.009999999999998,1.2045503120916279
True,0.01,0.01,0.01,34.01,0.958794910680331
False,0.01,0.01,0.01,34.01,0.6577399252331811
False,0.01,0.01,1.01,40.01,1.5062684616936535
False,0.01,0.01,0.01,37.01,0.6586334081456032
False,1.01,0.01,2.01,31.009999999999998,1.4992140267140266
False,0.01,0.01,1.01,51.01,1.35591421030703
False,0.01,0.01,1.01,35.01,0.47400034526916124
False,0.01,0.01,2.01,47.01,0.7920530015033841
True,0.01,0.01,1.01,37.01,0.622451810660135
True,1.01,1.01,2.01,49.01,0.7286650547786884
False,0.01,0.01,1.01,32.01,0.9379880262209818
True,0.01,1.01,2.01,42.01,0.6300561176350395
False,0.01,0.01,1.01,46.01,0.8110707613627133
False,0.01,0.01,1.01,41.01,0.8784726111659248
True,1.01,0.01,1.01,48.01,0.6070386581369343
True,0.01,0.01,0.01,40.01,1.0686620553849575
False,0.01,0.01,0.01,34.01,0.9491989430217788
False,0.01,0.01,2.01,36.01,0.7085932468928647
True,3.01,0.01,0.01,47.01,0.948220831322608
True,0.01,0.01,0.01,40.01,0.6058759944539868
False,0.01,0.01,0.01,33.01,1.3230081830804659
False,2.01,0.01,0.01,36.01,1.1380554087954111
True,3.01,1.01,0.01,37.01,0.929250273290521
False,2.01,0.01,3.01,44.01,0.9110024483577314
True,1.01,0.01,1.01,34.01,0.9577000519909518
False,0.01,1.01,1.01,29.009999999999998,0.6607418241496082
False,1.01,0.01,2.01,38.01,0.6562947476105372
True,3.01,4.01,5.01,35.01,0.9657672277938016
False,0.01,4.01,1.01,39.01,0.7241345107718746
True,1.01,1.01,0.01,41.01,0.9262019270081278
True,1.01,0.01,0.01,45.01,0.9668215726879207
True,0.01,0.01,0.01,45.01,1.0124481734314594
False,0.01,0.01,0.01,41.01,0.7712870155823449
False,0.01,0.01,0.01,45.01,1.1579011193057314
True,0.01,0.01,2.01,37.01,1.0888556851906563
False,1.01,0.01,0.01,36.01,1.0513213894455347
False,1.01,0.01,1.01,45.01,0.6525198104143585
False,2.01,0.01,0.01,49.01,0.4684507998461487
False,0.01,0.01,2.01,40.01,0.9237000102758365
True,0.01,0.01,0.01,41.01,1.8218451255407773
True,0.01,1.01,1.01,44.01,0.9535388552093049
False,1.01,0.01,0.01,41.01,0.7293092455221052
False,0.01,0.01,1.01,46.01,1.009658190780066
False,0.01,0.01,2.01,39.01,1.1846743234128974
False,0.01,0.01,0.01,35.01,1.0090062981460304
True,0.01,0.01,1.01,36.01,1.2327792292063517
True,0.01,0.01,1.01,49.01,0.9865680516272806
True,0.01,1.01,0.01,38.01,1.1822195113585219
False,0.01,0.01,1.01,43.01,0.4576141871540197
True,1.01,1.01,1.01,50.01,1.2856194844382225
True,0.01,2.01,0.01,49.01,1.3028971400310128
False,1.01,1.01,1.01,39.01,0.5118280265086445
True,1.01,0.01,1.01,32.01,1.2098563272476315
False,0.01,0.01,3.01,43.01,1.3128231462951894
False,1.01,0.01,0.01,47.01,1.2727376004633097
False,1.01,1.01,2.01,41.01,1.2440897154873363
False,0.01,0.01,0.01,40.01,0.9321704489199074
True,1.01,0.01,1.01,53.01,1.1575072178709946
False,0.01,1.01,0.01,39.01,1.3433077984393773
False,0.01,2.01,1.01,46.01,0.8665688653570207
False,0.01,1.01,2.01,56.01,0.8294158758701292
False,0.01,1.01,2.01,42.01,0.7733021401382099
False,1.01,3.01,2.01,33.01,0.9570965002746787
False,0.01,1.01,0.01,43.01,0.9002569793436148
True,1.01,1.01,0.01,38.01,1.2921812607682173
False,0.01,0.01,0.01,32.01,1.2909806763278318
False,0.01,0.01,1.01,35.01,1.0304407549736185
False,0.01,0.01,1.01,33.01,0.783862578788687
False,1.01,0.01,0.01,38.01,1.5404569077271921
False,0.01,1.01,1.01,48.01,0.8545861994465078
False,0.01,1.01,0.01,43.01,0.778793035237279
True,0.01,0.01,1.01,43.01,0.8430897954809143
False,0.01,0.01,0.01,45.01,0.8340618401908727
False,0.01,1.01,1.01,38.01,0.5393178227756776
True,1.01,0.01,0.01,35.01,0.8247983631284374
False,0.01,0.01,0.01,39.01,0.34952494922256633
False,0.01,1.01,1.01,35.01,0.6622058413713392
False,1.01,0.01,0.01,33.01,1.2830583192201306
True,0.01,1.01,1.01,43.01,0.6760926452547346
True,1.01,0.01,0.01,48.01,1.2348781020971638
False,2.01,0.01,0.01,46.01,1.270084778049242
True,0.01,1.01,0.01,32.01,1.0922763103205129
True,0.01,0.01,0.01,29.009999999999998,1.1929327705010424
True,0.01,0.01,2.01,40.01,1.1770297325157837
False,0.01,0.01,2.01,52.01,0.7863324761571606
False,1.01,1.01,1.01,39.01,1.347670159206909
True,1.01,0.01,3.01,39.01,1.6923578349290098
True,0.01,0.01,1.01,44.01,1.3265017370113406
True,0.01,1.01,0.01,44.01,0.959561235431774
False,0.01,0.01,0.01,40.01,0.5318840364937115
False,0.01,0.01,2.01,46.01,0.678747544906563
True,1.01,1.01,1.01,44.01,0.5276972197661852
False,1.01,0.01,2.01,46.01,1.0495123641158175
False,2.01,0.01,2.01,40.01,0.6407412462581503
False,1.01,3.01,3.01,38.01,0.7577973164194186
False,1.01,1.01,3.01,43.01,0.9775855277866146
True,0.01,0.01,0.01,38.01,1.2914045011691577
False,0.01,0.01,0.01,34.01,0.5489589066465109
True,1.01,0.01,1.01,31.009999999999998,1.0151140331225135
False,0.01,0.01,0.01,30.009999999999998,1.396895400430623
False,0.01,0.01,2.01,46.01,0.7205057780925389
False,0.01,0.01,0.01,37.01,0.628159107701926
True,1.01,0.01,0.01,35.01,0.9357281741212196
True,0.01,0.01,0.01,41.01,0.8881690550784699
False,1.01,0.01,1.01,48.01,1.1679155649807322
True,0.01,2.01,1.01,37.01,0.49153815031717507
True,0.01,0.01,0.01,50.01,0.9429447357116991
False,0.01,0.01,0.01,36.01,0.8987212920470276
True,0.01,1.01,1.01,38.01,1.0495332292702964
True,0.01,1.01,2.01,37.01,1.192276920756792
False,0.01,1.01,2.01,49.01,0.9078674502430544
False,0.01,0.01,1.01,50.01,0.7850515099820088
False,0.01,3.01,1.01,39.01,0.5851797139323446
False,0.01,0.01,2.01,43.01,1.1885145181764822
True,0.01,0.01,0.01,45.01,1.3762711563918286
False,0.01,0.01,0.01,32.01,2.0019076633145017
False,0.01,1.01,1.01,53.01,0.721138023433849
True,0.01,0.01,0.01,38.01,0.6192192707630679
True,1.01,1.01,5.01,38.01,1.1951041387959214
False,0.01,1.01,2.01,35.01,1.15185681467552
True,0.01,1.01,1.01,28.009999999999998,1.1056798012680369
False,0.01,0.01,2.01,41.01,0.8238088396853295
False,1.01,3.01,0.01,46.01,1.27410580765232
False,1.01,2.01,1.01,42.01,1.068085220758013
False,0.01,2.01,1.01,29.009999999999998,0.9996248095152833
False,2.01,1.01,1.01,34.01,0.7325866304875145
True,0.01,0.01,1.01,42.01,1.1051785367194253
False,2.01,3.01,3.01,57.01,1.3161053793075468
True,1.01,2.01,1.01,47.01,1.4235022359457226
True,0.01,0.01,2.01,35.01,0.9189632776350833
False,0.01,2.01,2.01,31.009999999999998,1.3250454643622906
True,0.01,0.01,1.01,37.01,1.1846657693172835
True,0.01,0.01,2.01,25.009999999999998,2.1162345649845555
False,0.01,0.01,1.01,42.01,0.6410998894580217
True,0.01,1.01,0.01,34.01,1.0003151504733658
False,0.01,0.01,1.01,35.01,0.6014735766101311
False,0.01,0.01,0.01,42.01,1.235146056297197
True,0.01,2.01,1.01,46.01,1.2268404501143129
True,0.01,0.01,0.01,26.009999999999998,0.6646526685727584
False,1.01,0.01,3.01,29.009999999999998,0.8312206331887183
False,1.01,0.01,1.01,45.01,1.327895091144804
False,1.01,1.01,1.01,39.01,0.8102585697995942
True,0.01,0.01,0.01,44.01,0.5505683510579813
True,0.01,0.01,1.01,35.01,0.4987900290118701
True,0.01,0.01,0.01,42.01,0.9342812522223641
False,0.01,1.01,0.01,28.009999999999998,0.7675649687977314
False,1.01,0.01,0.01,40.01,0.6844905654040216
False,0.01,0.01,1.01,57.01,1.349804697809265
False,1.01,1.01,1.01,35.01,0.6070354994268038
False,1.01,2.01,0.01,37.01,1.0306465605386865
True,0.01,0.01,1.01,34.01,0.8259284079045748
False,0.01,3.01,0.01,34.01,0.7723429637074946
False,0.01,0.01,2.01,40.01,0.6009887792726537
False,0.01,0.01,0.01,47.01,0.3981129286585765
True,2.01,1.01,1.01,42.01,0.8437077268152922
True,4.01,0.01,3.01,41.01,0.5298643964762555
False,1.01,0.01,2.01,47.01,1.286386443136227
False,2.01,3.01,1.01,30.009999999999998,1.3771338019234096
False,1.01,8.01,3.01,45.01,0.7285343874396808
False,3.01,1.01,8.01,28.009999999999998,1.3118517426006382
True,6.01,4.01,2.01,45.01,1.5579516627943002
False,2.01,0.01,3.01,35.01,1.4596644126583815
False,1.01,0.01,0.01,35.01,1.5299410169245748
False,0.01,0.01,0.01,40.01,0.8490436338091751
True,0.01,0.01,0.01,37.01,0.9525589640833937
True,0.01,0.01,0.01,39.01,0.9075232090083599
True,0.01,0.01,0.01,46.01,1.5907847501676964
False,0.01,3.01,2.01,44.01,0.7815626362877957
False,1.01,0.01,1.01,33.01,0.6880586544962811
False,0.01,0.01,0.01,40.01,0.8107655412755823
True,1.01,1.01,0.01,29.009999999999998,0.5323597019668864
True,0.01,0.01,1.01,30.009999999999998,0.9264350608337214
True,1.01,0.01,1.01,45.01,1.364506241274534
True,0.01,1.01,1.01,34.01,1.036591825719527
False,0.01,0.01,1.01,43.01,0.8247238728560252
False,0.01,1.01,1.01,46.01,1.237962848457895
False,2.01,0.01,0.01,39.01,1.51238102656541
False,0.01,1.01,1.01,32.01,0.8324995012929473
False,1.01,2.01,0.01,34.01,0.5290336204607274
True,2.01,1.01,0.01,37.01,0.8567806580449058
True,1.01,2.01,1.01,43.01,1.2522472742250552
True,2.01,0.01,1.01,32.01,1.3750713065154792
True,0.01,0.01,2.01,39.01,1.1209331562304383
False,2.01,2.01,0.01,41.01,1.2637083074569202
True,1.01,1.01,0.01,33.01,1.4409107691897265
False,2.01,3.01,0.01,37.01,1.1910397292041215
False,0.01,4.01,1.01,40.01,1.123484119537811
False,0.01,2.01,0.01,37.01,0.7581097992739848
False,1.01,0.01,4.01,31.009999999999998,0.712098769729844
False,0.01,1.01,0.01,47.01,0.5730307222970265
False,0.01,2.01,2.01,46.01,0.5396411773553718
False,5.01,3.01,1.01,29.009999999999998,0.94950047165935
True,2.01,3.01,0.01,37.01,1.2889386557289335
False,2.01,4.01,2.01,38.01,1.468899490099014
False,14.01,5.01,0.01,39.01,0.8762340995410693
False,0.01,0.01,1.01,48.01,1.1550656175904492
False,0.01,0.01,1.01,38.01,0.7623256634669678
True,0.01,0.01,0.01,33.01,0.8203538406039885
False,0.01,0.01,0.01,44.01,1.149770821709828
False,0.01,0.01,1.01,37.01,1.2973983226522154
True,0.01,0.01,3.01,37.01,0.7896402187954857
True,0.01,2.01,0.01,43.01,1.2962453257614543
False,1.01,0.01,1.01,42.01,0.8713175342671738
True,0.01,1.01,1.01,40.01,0.6594253614109002
True,0.01,0.01,2.01,31.009999999999998,1.2694605455070531
False,2.01,1.01,0.01,33.01,1.3605205961007292
True,0.01,1.01,2.01,42.01,1.2907918915311072
True,0.01,0.01,1.01,42.01,1.2604580630063105
False,1.01,0.01,1.01,41.01,0.9702355355483541
False,0.01,0.01,1.01,46.01,1.1145707551226804
True,1.01,1.01,2.01,39.01,0.9603405888257743
False,0.01,0.01,2.01,33.01,0.8714168836720193
False,2.01,0.01,2.01,33.01,1.2722266627389305
False,2.01,1.01,0.01,46.01,1.3488728029985988
True,1.01,0.01,2.01,29.009999999999998,0.9185748786942243
False,1.01,2.01,0.01,40.01,1.3404115597148358
True,0.01,2.01,1.01,43.01,1.3447250815272773
False,0.01,0.01,0.01,48.01,0.7118776750650306
True,3.01,0.01,0.01,38.01,0.9505071151780489
True,2.01,1.01,1.01,38.01,0.869897760088817
True,1.01,3.01,0.01,44.01,1.75591321957215
False,1.01,1.01,0.01,40.01,0.7186202613340648
False,1.01,1.01,2.01,30.009999999999998,1.3773106901780836
False,3.01,2.01,0.01,39.01,1.0624252467341673
False,2.01,1.01,0.01,35.01,0.4525763991575597
True,0.01,4.01,2.01,43.01,0.8863297878100682
False,6.01,4.01,4.01,40.01,1.5123031188323541
False,2.01,8.01,2.01,44.01,1.6878164708162946
True,0.01,2.01,2.01,39.01,1.198801273470602
True,0.01,0.01,2.01,39.01,0.9549459665137728
False,0.01,1.01,0.01,31.009999999999998,1.223783606992723
False,0.01,0.01,1.01,34.01,1.2800525784311356
True,0.01,1.01,3.01,36.01,0.8140260102216624
True,1.01,0.01,0.01,36.01,1.3099896170631178
False,0.01,1.01,1.01,49.01,0.8945156317790981
False,0.01,0.01,1.01,41.01,0.8887049043869527
True,1.01,0.01,2.01,43.01,0.8761060768656708
False,0.01,0.01,2.01,43.01,0.8774062531937294
False,0.01,0.01,0.01,46.01,0.8437822972740893
False,1.01,1.01,0.01,36.01,0.9996205442146092
True,0.01,2.01,0.01,36.01,1.2819286426677552
False,2.01,0.01,1.01,30.009999999999998,1.1629497731656961
True,1.01,3.01,3.01,41.01,1.382766472418046
False,3.01,1.01,3.01,31.009999999999998,0.9303498237078656
False,6.01,6.01,0.01,46.01,1.039310165851637
True,1.01,2.01,1.01,36.01,1.071049580386276
False,3.01,3.01,0.01,26.009999999999998,1.5675870521560176
False,0.01,2.01,2.01,30.009999999999998,1.2909530760117522
False,2.01,4.01,2.01,36.01,1.4545196906875622
False,1.01,3.01,0.01,42.01,0.9157398905930918
True,2.01,0.01,1.01,34.01,1.0031987773204019
False,4.01,3.01,1.01,40.01,1.2908002221680144
False,1.01,0.01,1.01,36.01,0.9889285853083083
False,1.01,0.01,1.01,39.01,1.5157561468119736
False,0.01,1.01,0.01,31.009999999999998,1.28994842580123
False,4.01,6.01,0.01,40.01,0.9021691732838547
True,3.01,7.01,1.01,49.01,1.569090942873398
False,6.01,9.01,3.01,36.01,1.2943751011831859
False,5.01,5.01,1.01,53.01,0.46589534109671293
False,8.01,5.01,2.01,37.01,0.7205863881727924
False,0.01,0.01,0.01,34.01,0.4198767639072059
True,1.01,0.01,0.01,42.01,1.1749197577521127
False,0.01,0.01,2.01,30.009999999999998,1.0126657901936493
False,0.01,0.01,1.01,35.01,1.0092346454793146
True,0.01,1.01,0.01,45.01,1.0330600167208392
True,0.01,1.01,1.01,40.01,1.0149398746385996
False,0.01,0.01,0.01,34.01,0.7194748646092395
True,1.01,0.01,0.01,41.01,0.7904791831262419
True,0.01,0.01,1.01,45.01,1.0161161057929093
False,0.01,0.01,1.01,38.01,1.0769986437694015
False,0.01,0.01,1.01,36.01,1.1092631407660565
False,2.01,0.01,1.01,53.01,1.0754511570869019
True,0.01,0.01,1.01,39.01,1.346093743559198
True,0.01,0.01,1.01,36.01,0.7420752723762275
False,0.01,0.01,4.01,36.01,1.2025904717643126
False,0.01,0.01,0.01,41.01,0.4731673823510621
False,1.01,0.01,1.01,45.01,1.0283999955907572
False,0.01,0.01,1.01,44.01,1.0583710309524885
False,0.01,0.01,0.01,35.01,1.2210437339378746
False,0.01,0.01,1.01,40.01,0.924147936360667
True,1.01,0.01,2.01,42.01,1.1014862538558834
False,0.01,0.01,2.01,30.009999999999998,1.0487963328783327
True,0.01,0.01,1.01,33.01,1.2341319207545525
False,2.01,0.01,1.01,31.009999999999998,0.8867428763710229
True,0.01,0.01,1.01,29.009999999999998,2.2630808171643997
True,2.01,0.01,1.01,43.01,1.2886591964060208
True,0.01,0.01,1.01,34.01,0.8898664046286074
True,0.01,1.01,1.01,32.01,1.6618351093010453
True,2.01,0.01,0.01,24.009999999999998,1.779400177904203
False,5.01,4.01,3.01,37.01,0.8608869421665021
False,2.01,0.01,2.01,45.01,1.093193429213766
False,0.01,1.01,1.01,52.01,1.1920392287424877
True,2.01,1.01,4.01,42.01,0.9078594956034428
False,0.01,0.01,1.01,46.01,0.9419182377857087
False,0.01,0.01,0.01,34.01,1.2781939742379025
False,0.01,0.01,0.01,47.01,0.8731846935222219
False,0.01,1.01,1.01,55.01,1.0764991723117887
False,0.01,1.01,0.01,32.01,1.2906198515833054
False,0.01,0.01,0.01,36.01,0.8598084162712645
True,0.01,0.01,0.01,48.01,1.280172031459007
True,0.01,0.01,1.01,38.01,1.0137506843712278
True,0.01,0.01,1.01,47.01,1.553181031614525
True,1.01,0.01,0.01,32.01,0.4924067466150634
True,0.01,0.01,1.01,40.01,0.7361125235273841
False,0.01,1.01,0.01,51.01,0.8031907751337675
False,0.01,0.01,1.01,43.01,0.7674543841639473
True,1.01,0.01,1.01,38.01,1.1615080891607015
False,0.01,0.01,2.01,45.01,0.7977782354422476
True,1.01,0.01,0.01,41.01,0.9893616238483278
True,0.01,0.01,0.01,43.01,1.2044406222037798
True,0.01,1.01,0.01,45.01,0.8455007850195091
False,0.01,0.01,1.01,41.01,0.7075241978577811
False,0.01,0.01,1.01,47.01,1.2986043369326536
False,1.01,0.01,0.01,41.01,0.6260554191610093
True,0.01,2.01,0.01,50.01,0.986563944677771
False,0.01,1.01,2.01,38.01,0.8104050416771054
False,0.01,0.01,2.01,48.01,0.8562166305346595
False,1.01,0.01,0.01,48.01,0.8646451533050676
False,1.01,1.01,0.01,35.01,1.1560565378967458
True,0.01,3.01,1.01,54.01,1.045967476634643
True,1.01,0.01,1.01,32.01,0.952050237344355
True,0.01,1.01,0.01,41.01,1.077949724365419
False,1.01,1.01,3.01,43.01,1.0076742922091226
False,1.01,1.01,0.01,39.01,0.7505386366517197
False,1.01,2.01,3.01,45.01,1.319640421679076
False,2.01,3.01,0.01,48.01,1.1502802895293267
True,0.01,0.01,0.01,46.01,0.8424796570629494
True,0.01,0.01,0.01,34.01,1.1955398670359791
False,1.01,1.01,5.01,34.01,0.6110182233986372
False,0.01,0.01,0.01,35.01,0.7857566265110817
False,0.01,0.01,0.01,42.01,1.1533758054128014
True,0.01,0.01,1.01,33.01,1.4079608374278172
True,0.01,0.01,3.01,38.01,0.8457361922179917
False,0.01,0.01,0.01,33.01,1.4874043552513985
True,1.01,0.01,2.01,34.01,1.1143629418757723
False,0.01,1.01,0.01,25.009999999999998,0.4934256529378481
False,0.01,0.01,0.01,36.01,0.734987028493912
True,0.01,0.01,0.01,44.01,1.321451310735572
True,0.01,0.01,0.01,39.01,1.293240172700243
False,2.01,0.01,0.01,35.01,1.0187281424466046
True,0.01,0.01,2.01,44.01,0.969770811543477
False,0.01,3.01,2.01,50.01,1.3039977588356249
False,0.01,0.01,0.01,40.01,0.5530007002062424
True,0.01,0.01,1.01,31.009999999999998,0.9885096439261326
False,1.01,1.01,1.01,51.01,1.2695419796738021
True,2.01,0.01,1.01,36.01,1.306435028416232
False,2.01,3.01,1.01,39.01,1.08964044097144
False,0.01,0.01,1.01,38.01,1.3472971319262976
False,2.01,0.01,0.01,40.01,0.9695637927506588
True,1.01,3.01,2.01,35.01,0.9055398730805719
True,1.01,1.01,2.01,44.01,0.9439397103749915
True,0.01,1.01,1.01,40.01,1.021376757392103
False,0.01,3.01,1.01,35.01,0.8422751257958702
False,4.01,1.01,0.01,45.01,1.102990736579544
False,1.01,1.01,2.01,25.009999999999998,1.2313892240681688
False,1.01,3.01,1.01,38.01,1.2517949794680845
False,3.01,0.01,1.01,35.01,0.9848898804314873
False,3.01,2.01,1.01,44.01,1.061749216349467
False,2.01,3.01,1.01,40.01,0.8074560474461151
True,0.01,0.01,2.01,41.01,0.6982424727589406
True,0.01,1.01,2.01,33.01,0.835296744055084
False,0.01,0.01,0.01,39.01,0.9694123061350399
False,1.01,0.01,1.01,38.01,0.8836547441110475
True,0.01,1.01,0.01,47.01,0.722342761472149
True,0.01,0.01,0.01,36.01,1.1516507013745418
True,1.01,0.01,2.01,39.01,1.183264855358224
False,0.01,0.01,0.01,36.01,0.8253214976474034
False,0.01,0.01,0.01,41.01,1.1415331811705969
True,0.01,0.01,0.01,44.01,0.8055166119697905
False,1.01,0.01,1.01,52.01,1.1581966175046383
False,1.01,0.01,1.01,32.01,1.3042775965172229
False,0.01,1.01,0.01,56.01,0.8252444126356963
False,0.01,0.01,1.01,31.009999999999998,0.9923322128329067
True,0.01,1.01,2.01,46.01,0.9344067825462091
False,1.01,0.01,0.01,35.01,1.7560552956206732
False,0.01,1.01,0.01,44.01,0.5732552680747266
False,0.01,0.01,1.01,32.01,0.9599075792807877
False,3.01,0.01,1.01,38.01,0.7420764457268567
True,2.01,0.01,0.01,36.01,1.089374266975484
False,0.01,0.01,2.01,46.01,0.7020296527152557
False,0.01,0.01,0.01,28.009999999999998,1.4652867442786692
True,1.01,1.01,1.01,41.01,0.8580630933917043
True,4.01,1.01,2.01,39.01,0.9618164583055586
False,1.01,1.01,3.01,39.01,1.4842532277047182
True,2.01,1.01,1.01,43.01,0.9872189702654263
True,2.01,0.01,2.01,39.01,1.20279958858933
True,1.01,1.01,1.01,24.009999999999998,1.608630178718343
False,2.01,1.01,0.01,41.01,0.9305362439882564
True,4.01,0.01,1.01,38.01,1.6836869925949371
True,4.01,5.01,1.01,40.01,1.069661486136959
False,2.01,3.01,1.01,32.01,1.1441244019584187
True,2.01,4.01,2.01,35.01,2.0653061783452533
True,0.01,0.01,0.01,31.009999999999998,0.6768662755501497
True,0.01,0.01,0.01,32.01,1.1593626080700243
False,0.01,0.01,0.01,36.01,1.1775094441609102
True,0.01,1.01,0.01,41.01,0.8869266537219828
False,0.01,0.01,1.01,41.01,0.7773245107760187
False,1.01,0.01,1.01,36.01,0.7089844470342428
True,0.01,0.01,1.01,40.01,0.7537632159797483
False,0.01,0.01,0.01,30.009999999999998,1.0038720442141118
True,0.01,0.01,1.01,43.01,1.7505853752186016
True,0.01,0.01,0.01,36.01,0.8333235499730288
False,0.01,0.01,0.01,40.01,0.7921643317252945
True,1.01,0.01,1.01,40.01,1.2400644018605962
False,1.01,1.01,1.01,40.01,1.1512135057885182
True,0.01,1.01,0.01,39.01,1.0428951972889755
False,0.01,0.01,0.01,48.01,0.9199063475403559
False,0.01,2.01,0.01,26.009999999999998,1.1150439418202989
True,1.01,1.01,0.01,39.01,1.1642653565797414
True,0.01,1.01,0.01,27.009999999999998,1.409784762199704
False,0.01,1.01,2.01,42.01,0.8872368924766624
False,0.01,0.01,0.01,39.01,0.7870575020074536
False,0.01,0.01,2.01,44.01,1.2891662063317022
False,1.01,0.01,1.01,34.01,1.2021223837874044
True,0.01,0.01,0.01,37.01,0.8122821016754281
False,0.01,1.01,2.01,38.01,1.1772869789671558
False,1.01,1.01,2.01,51.01,0.7983934392872698
False,3.01,0.01,2.01,34.01,1.2830150037492347
False,0.01,3.01,1.01,31.009999999999998,0.940443346013998
True,1.01,0.01,1.01,37.01,1.3065103228539707
True,1.01,0.01,4.01,37.01,0.9956978690258536
True,1.01,1.01,0.01,39.01,1.173339113372008
False,2.01,3.01,1.01,32.01,1.8940052833175078
False,3.01,1.01,3.01,38.01,1.3492887910887588
True,4.01,2.01,0.01,42.01,1.0023989501797383
False,1.01,0.01,0.01,40.01,0.4978569744668816
True,0.01,0.01,0.01,31.009999999999998,1.0915060250105237
False,0.01,0.01,0.01,34.01,2.1215187735390497
True,1.01,0.01,0.01,30.009999999999998,0.7480662633513058
False,0.01,0.01,1.01,41.01,1.3002161389672537
False,0.01,0.01,0.01,52.01,0.9045447417248006
False,1.01,0.01,0.01,47.01,0.6460727949293961
True,0.01,0.01,2.01,48.01,0.6281202691880441
False,0.01,0.01,0.01,30.009999999999998,0.2647791914171225
False,0.01,0.01,0.01,28.009999999999998,1.4264651100301
False,1.01,0.01,2.01,44.01,0.5581778815120367
False,0.01,0.01,1.01,39.01,0.7989703903789972
False,1.01,0.01,0.01,38.01,0.3211094414962702
False,3.01,0.01,1.01,37.01,1.0225786223046054
False,0.01,0.01,0.01,39.01,0.754883065164407
False,0.01,2.01,2.01,36.01,0.589490231990232
False,0.01,2.01,0.01,42.01,1.3244672422184536
False,1.01,0.01,0.01,36.01,0.6699499156484484
True,0.01,1.01,1.01,37.01,1.0508579725905518
True,0.01,1.01,1.01,43.01,1.1263044889447567
True,0.01,1.01,1.01,39.01,1.1993815849212945
False,1.01,0.01,0.01,48.01,0.5568356905856906
True,0.01,4.01,1.01,42.01,0.5780385496197104
True,0.01,3.01,1.01,32.01,1.8931864466528414
True,0.01,1.01,0.01,31.009999999999998,1.7606442860545028
False,1.01,0.01,3.01,39.01,1.0107051115498178
True,1.01,1.01,5.01,37.01,1.2708131759313406
True,3.01,1.01,1.01,35.01,1.081795364969337
False,1.01,1.01,5.01,43.01,1.3032830291458637
True,4.01,2.01,0.01,43.01,0.3259602226716831
False,2.01,1.01,5.01,32.01,1.1172498606554246
False,5.01,3.01,1.01,37.01,0.9237924727392273
True,6.01,2.01,2.01,45.01,0.7221323290636494
False,0.01,0.01,1.01,40.01,0.5213561194325765
True,0.01,0.01,1.01,40.01,0.964392421135842
False,0.01,0.01,0.01,44.01,0.9246771119122974
False,0.01,0.01,0.01,47.01,0.8680601782361835
False,0.01,1.01,0.01,42.01,1.1164051167725562
True,0.01,0.01,0.01,40.01,1.5172010278896937
False,1.01,1.01,1.01,30.009999999999998,0.7969154672671842
True,0.01,0.01,0.01,24.009999999999998,0.9552611851144153
True,0.01,0.01,0.01,31.009999999999998,0.8508776584298406
False,0.01,0.01,1.01,32.01,0.6553801392913842
False,0.01,0.01,0.01,28.009999999999998,0.919506997464121
False,0.01,0.01,1.01,34.01,0.97080888510554
False,0.01,1.01,0.01,37.01,0.8658716396317461
True,0.01,0.01,0.01,30.009999999999998,1.049747597343155
False,0.01,0.01,0.01,49.01,0.7506885603258984
False,0.01,0.01,1.01,39.01,0.6971756384018725
False,0.01,0.01,2.01,44.01,1.6336473987694173
True,0.01,3.01,1.01,38.01,1.0366306044737101
False,0.01,0.01,1.01,44.01,0.9447522530356516
True,1.01,0.01,1.01,49.01,1.0732333664594738
True,0.01,1.01,3.01,36.01,1.492382201004324
True,1.01,0.01,1.01,42.01,1.343457832893923
False,0.01,1.01,1.01,37.01,0.6569949484103597
True,1.01,1.01,2.01,32.01,0.9082040202513061
False,0.01,0.01,2.01,48.01,0.8987953464864566
False,0.01,0.01,0.01,35.01,0.6105821483762659
True,0.01,1.01,5.01,40.01,1.3767457463951365
False,1.01,0.01,0.01,32.01,0.9535693578081588
False,0.01,0.01,0.01,37.01,1.143710497090915
False,0.01,4.01,2.01,35.01,0.5628869997882604
False,0.01,0.01,2.01,30.009999999999998,0.8742028469097135
True,1.01,1.01,1.01,30.009999999999998,1.1481167397024294
False,0.01,1.01,3.01,42.01,1.1682223159059628
True,0.01,1.01,1.01,39.01,0.7865622406513467
True,0.01,0.01,1.01,30.009999999999998,0.8630808481506675
True,0.01,2.01,0.01,44.01,0.7574811343736332
True,0.01,0.01,1.01,37.01,0.6071457598754454
False,0.01,0.01,2.01,39.01,0.8205124596503905
False,0.01,0.01,0.01,30.009999999999998,1.5054670514594748
True,0.01,0.01,0.01,43.01,0.6270678931288889
False,0.01,0.01,0.01,40.01,0.9591051828997946
True,0.01,0.01,1.01,39.01,1.677247470596697
True,2.01,0.01,0.01,37.01,0.6786932037260985
False,0.01,1.01,1.01,44.01,0.8251822302386596
False,0.01,0.01,0.01,49.01,0.7951354372786242
False,1.01,0.01,1.01,41.01,0.9853006181653368
False,0.01,0.01,0.01,46.01,0.7598826209917049
False,0.01,0.01,1.01,44.01,0.7618517652682916
True,0.01,1.01,1.01,44.01,1.0117394398083677
False,0.01,0.01,1.01,32.01,0.713232578794367
True,0.01,2.01,2.01,49.01,0.3005753697133008
False,0.01,1.01,0.01,31.009999999999998,1.3961416233497015
False,0.01,0.01,1.01,35.01,1.0455335581391274
True,1.01,2.01,2.01,39.01,0.5973963554379624
False,1.01,1.01,0.01,43.01,0.8299767580386571
True,1.01,2.01,4.01,32.01,0.9142316346704639
True,2.01,4.01,0.01,41.01,0.765651249823543
False,1.01,1.01,2.01,37.01,0.9652967064211955
False,1.01,1.01,1.01,36.01,1.2877800178557843
False,2.01,1.01,1.01,34.01,0.7504298658266737
True,0.01,2.01,1.01,35.01,0.6458758781031345
False,1.01,2.01,0.01,49.01,0.6544165553116083
False,4.01,2.01,0.01,36.01,1.1006682161779655
False,1.01,1.01,1.01,46.01,1.1024104473933993
False,3.01,3.01,1.01,36.01,0.8189378433457382
True,2.01,4.01,4.01,33.01,1.1154043975242531
False,1.01,0.01,3.01,38.01,0.7224682509956385
True,0.01,0.01,0.01,44.01,0.9931071905139337
False,2.01,0.01,3.01,32.01,0.7533273522374951
False,1.01,0.01,0.01,41.01,0.8986345605975218
False,0.01,0.01,0.01,44.01,1.1909137115537858
True,0.01,1.01,0.01,35.01,1.7140891192523864
False,0.01,0.01,1.01,38.01,0.9965883421830892
True,0.01,0.01,1.01,45.01,1.0310006910925866
False,2.01,0.01,0.01,36.01,1.1641390929225228
False,1.01,1.01,1.01,35.01,1.1790698307663736
True,0.01,0.01,1.01,35.01,1.198131681232093
False,0.01,0.01,0.01,30.009999999999998,0.6562409137048926
False,1.01,3.01,1.01,43.01,0.8604315012291475
False,1.01,0.01,0.01,39.01,0.9975306898840534
False,0.01,1.01,1.01,33.01,1.6459842277059713
False,1.01,1.01,1.01,42.01,1.1962766284997712
False,3.01,2.01,0.01,35.01,1.7217130635724527
False,2.01,1.01,0.01,41.01,1.0498449870943303
True,1.01,1.01,1.01,44.01,1.0690356280955413
False,1.01,1.01,0.01,42.01,0.7920964121049782
False,0.01,0.01,1.01,52.01,1.0607898346053033
False,2.01,2.01,0.01,38.01,0.759089237432871
False,2.01,4.01,0.01,45.01,1.0453143650846493
False,0.01,0.01,0.01,54.01,1.0917691293188896
True,0.01,1.01,1.01,51.01,0.9860831157926807
True,4.01,0.01,0.01,44.01,1.135862581973586
False,1.01,3.01,0.01,46.01,0.70998402234484
False,2.01,1.01,1.01,31.009999999999998,1.782220944804254
False,2.01,2.01,1.01,49.01,1.4424777881277353
False,0.01,3.01,1.01,53.01,1.70482154412495
True,1.01,7.01,0.01,40.01,1.7382980022876144
False,4.01,4.01,0.01,42.01,1.2474800643182997
False,4.01,4.01,3.01,32.01,0.9902594762960617
False,0.01,0.01,0.01,38.01,0.6634004872968188
False,0.01,0.01,2.01,41.01,1.1623710134557521
True,1.01,0.01,2.01,34.01,0.8443955163398289
True,2.01,0.01,1.01,35.01,1.2159563240157696
False,0.01,0.01,1.01,44.01,1.6882385639609128
False,0.01,0.01,2.01,36.01,0.6762515035388458
True,1.01,1.01,0.01,42.01,0.6478101120989759
True,0.01,0.01,0.01,38.01,1.0789654347009427
True,3.01,1.01,0.01,41.01,0.7611005299803798
True,0.01,0.01,1.01,37.01,1.1569380249220318
False,0.01,2.01,2.01,40.01,1.159480695886429
False,0.01,0.01,1.01,53.01,1.1493004000587252
False,0.01,0.01,1.01,40.01,0.572088360685722
False,0.01,0.01,1.01,38.01,1.1612989734364945
False,1.01,0.01,0.01,44.01,1.1495434638895743
False,0.01,1.01,0.01,38.01,1.2029961420237054
False,0.01,1.01,1.01,44.01,1.1399279535917464
True,1.01,2.01,2.01,41.01,1.316726886620552
False,0.01,0.01,0.01,45.01,0.7704568874147599
True,1.01,0.01,0.01,45.01,1.0945753756396985
True,3.01,1.01,0.01,37.01,1.6602422157652261
True,1.01,2.01,1.01,39.01,0.9030886243386244
False,1.01,0.01,1.01,42.01,1.2583646330809415
False,2.01,1.01,0.01,50.01,0.9967800936879884
False,1.01,4.01,4.01,44.01,0.9703874542205279
False,5.01,5.01,3.01,40.01,1.0032635274005304
False,6.01,1.01,0.01,48.01,1.04857673553795
True,3.01,8.01,1.01,33.01,1.3482867597866357
False,4.01,4.01,7.01,41.01,1.547854012090926
True,5.01,4.01,1.01,40.01,0.9775413402075807
True,7.01,8.01,0.01,24.009999999999998,1.32056879396908
True,1.01,3.01,1.01,38.01,1.3251354207373962
False,5.01,6.01,3.01,45.01,1.1576977866906875
False,1.01,0.01,0.01,38.01,1.3635357364413745
False,1.01,0.01,4.01,35.01,1.0264260130980782
False,1.01,0.01,0.01,40.01,0.6725987256452635
False,0.01,0.01,1.01,38.01,1.0355453853180558
False,1.01,3.01,0.01,34.01,1.1309070704965172
True,0.01,1.01,3.01,55.01,1.6272074132036052
False,1.01,0.01,1.01,39.01,0.7930491848604929
False,0.01,1.01,1.01,43.01,1.2953009220565677
True,0.01,0.01,0.01,48.01,1.648595799247658
True,0.01,0.01,0.01,49.01,1.1234214169777297
False,1.01,0.01,0.01,44.01,1.5645676636534958
False,1.01,1.01,2.01,49.01,0.8433692767331319
True,0.01,2.01,3.01,42.01,1.2650865603575387
True,0.01,1.01,1.01,38.01,1.0189641449131237
False,2.01,3.01,0.01,43.01,0.9670663871588905
True,1.01,0.01,2.01,42.01,0.8552930887846357
False,0.01,0.01,0.01,37.01,0.5601017278795759
False,0.01,1.01,0.01,43.01,0.9078971909543541
False,2.01,1.01,1.01,38.01,1.1677570017891474
False,0.01,0.01,0.01,46.01,1.058085896076352
True,1.01,1.01,1.01,36.01,0.8071239062036322
False,2.01,2.01,0.01,35.01,0.42477401031071715
True,2.01,0.01,1.01,37.01,0.5208451946432895
False,1.01,2.01,1.01,50.01,1.0557273174540893
False,1.01,1.01,1.01,40.01,1.709783657997873
True,1.01,3.01,0.01,41.01,0.9438681985970699
True,4.01,6.01,1.01,32.01,0.5637437406472401
False,3.01,2.01,1.01,39.01,1.0206664133474401
True,3.01,2.01,4.01,41.01,1.3667593764300718
False,6.01,3.01,2.01,49.01,1.2963208668654476
False,7.01,4.01,0.01,48.01,0.8896313215474196
False,4.01,6.01,3.01,48.01,1.506965624531414
False,0.01,0.01,3.01,46.01,1.090984711764469
False,0.01,0.01,0.01,51.01,0.8431709811648577
False,0.01,0.01,2.01,44.01,1.2068995246630376
False,0.01,0.01,0.01,45.01,0.8787669964262937
False,0.01,0.01,0.01,36.01,0.9752677680697325
True,0.01,0.01,0.01,43.01,0.7201685103460349
False,0.01,0.01,0.01,35.01,0.3409532351914522
True,0.01,0.01,1.01,35.01,1.0834807910082926
False,0.01,0.01,1.01,45.01,1.269240886622122
True,1.01,0.01,1.01,29.009999999999998,0.9552623844976952
True,0.01,0.01,4.01,42.01,0.8008375788108688
False,0.01,0.01,1.01,34.01,0.8288202060782704
False,0.01,0.01,2.01,39.01,1.234173846003934
True,0.01,0.01,0.01,43.01,1.1242416463469185
True,0.01,0.01,1.01,39.01,0.9306707957860032
False,0.01,0.01,1.01,33.01,0.7132945062985192
False,0.01,0.01,0.01,49.01,1.2482037889289057
False,1.01,0.01,2.01,41.01,1.272996116500311
False,1.01,1.01,0.01,38.01,0.9605541343739072
True,0.01,0.01,0.01,51.01,1.1086308101836053
False,0.01,0.01,2.01,43.01,1.3644275601395006
False,1.01,1.01,2.01,40.01,0.5058254931429058
True,0.01,3.01,2.01,30.009999999999998,0.9143025902546027
True,2.01,0.01,1.01,37.01,1.0684528150744046
False,1.01,2.01,1.01,37.01,1.2800794556063517
True,0.01,0.01,0.01,42.01,0.7633311218863712
True,1.01,0.01,1.01,45.01,0.8609828328471743
False,0.01,2.01,1.01,35.01,1.387343267332372
False,1.01,1.01,0.01,34.01,0.626660208018046
False,3.01,2.01,4.01,45.01,0.9790809004169738
True,0.01,2.01,2.01,34.01,1.154482818429708
False,0.01,0.01,1.01,34.01,1.3636799294801836
False,1.01,0.01,0.01,48.01,1.0110432102425384
False,0.01,0.01,0.01,38.01,0.7805289632825355
False,0.01,0.01,1.01,39.01,0.5283822121179101
False,0.01,0.01,1.01,45.01,0.827404320633685
True,0.01,0.01,1.01,40.01,1.4980717323758475
True,0.01,1.01,0.01,39.01,1.3950168961239973
False,1.01,0.01,1.01,44.01,1.0029669947440052
True,0.01,0.01,1.01,47.01,0.9211217648273494
True,0.01,0.01,1.01,49.01,0.8528615751835047
True,0.01,0.01,0.01,33.01,0.8152221552339743
False,0.01,1.01,0.01,36.01,1.3008642008042681
False,0.01,0.01,0.01,46.01,0.6043807553658038
True,0.01,1.01,0.01,37.01,1.4926964432084568
True,0.01,0.01,0.01,39.01,1.1667771162245326
False,0.01,0.01,0.01,44.01,0.7397531147788854
False,0.01,0.01,0.01,36.01,0.7314454441791299
False,0.01,1.01,0.01,34.01,0.5538467269349622
True,1.01,0.01,1.01,41.01,1.2038807680823769
False,0.01,0.01,1.01,39.01,1.1328531305315352
False,1.01,1.01,1.01,39.01,0.8778796822586754
True,1.01,1.01,0.01,50.01,1.5568082138048882
False,2.01,2.01,0.01,40.01,0.5832151289459742
False,0.01,3.01,2.01,36.01,0.5102729147958064
False,0.01,0.01,0.01,34.01,0.7502858503571935
False,0.01,0.01,0.01,39.01,1.121375585346688
False,2.01,0.01,1.01,33.01,0.9568612256245131
True,0.01,6.01,3.01,45.01,1.5123865975922022
True,0.01,2.01,0.01,47.01,0.8969739061181882
False,0.01,2.01,1.01,36.01,0.9753967949291265
True,1.01,1.01,1.01,50.01,1.4312130154513767
True,2.01,3.01,0.01,59.01,0.6636256290201771
False,1.01,3.01,2.01,39.01,0.9070329515542253
True,5.01,0.01,2.01,33.01,1.944083615874646
False,4.01,5.01,3.01,44.01,1.2094171018873707
False,0.01,0.01,1.01,41.01,0.9684558030675778
True,0.01,0.01,1.01,34.01,0.34184300035803794
False,0.01,0.01,1.01,39.01,1.2076150184954364
True,0.01,0.01,2.01,46.01,1.0778998422673134
True,0.01,0.01,0.01,38.01,0.7750609683263319
False,0.01,0.01,0.01,32.01,1.4387458289481823
True,0.01,0.01,0.01,37.01,1.0442705753052604
True,0.01,0.01,0.01,54.01,0.8597637055221935
False,0.01,0.01,1.01,30.009999999999998,0.8776640075646602
False,0.01,0.01,3.01,39.01,0.9476874747093113
False,0.01,1.01,1.01,42.01,0.9691788936876689
False,0.01,0.01,0.01,34.01,0.8289957512538157
False,0.01,0.01,0.01,40.01,1.1831576420580616
True,0.01,0.01,1.01,36.01,0.7418861960530885
False,0.01,0.01,0.01,45.01,0.9409084504917431
True,0.01,0.01,1.01,48.01,0.6801007125295851
False,0.01,0.01,0.01,46.01,0.5529054897946323
False,0.01,0.01,1.01,41.01,0.9598614445659963
False,0.01,0.01,0.01,36.01,1.5630896854851126
False,0.01,0.01,0.01,42.01,1.5575503423714419
False,1.01,0.01,0.01,47.01,0.5759445649341417
False,0.01,0.01,2.01,34.01,1.0065396114292549
False,0.01,0.01,0.01,41.01,0.9613946922675236
False,0.01,0.01,0.01,32.01,1.4612531448105595
False,1.01,0.01,2.01,28.009999999999998,1.0606832884024648
False,1.01,0.01,0.01,33.01,1.3338063608898887
False,0.01,1.01,0.01,38.01,0.8142774992941014
False,1.01,0.01,0.01,44.01,0.41634867219198884
True,0.01,0.01,1.01,43.01,0.9302506008388362
False,1.01,1.01,0.01,44.01,1.211977167967492
True,0.01,1.01,0.01,52.01,0.9857900002419394
True,1.01,1.01,2.01,57.01,1.0521570938063192
False,0.01,0.01,2.01,30.009999999999998,1.0734355745486577
True,0.01,0.01,0.01,39.01,1.539415841053772
True,0.01,0.01,0.01,42.01,1.2460854015717515
False,0.01,0.01,0.01,38.01,0.7317983403713544
True,0.01,0.01,3.01,44.01,1.2999311106895854
False,0.01,0.01,0.01,47.01,1.0453666896553844
False,0.01,0.01,0.01,44.01,0.7412738767079933
False,0.01,0.01,0.01,39.01,1.0161087322164284
True,1.01,0.01,0.01,37.01,0.7790077608981785
True,0.01,0.01,0.01,41.01,0.9621146280132542
False,0.01,1.01,2.01,42.01,0.5905363380159365
False,0.01,1.01,2.01,35.01,1.0764521628687729
True,0.01,1.01,0.01,42.01,1.6372008823930209
False,0.01,2.01,2.01,42.01,0.8288185272239111
False,0.01,0.01,1.01,33.01,1.1940183079824949
False,1.01,1.01,0.01,37.01,0.951299212014679
False,0.01,0.01,1.01,50.01,1.665768336867761
True,0.01,0.01,2.01,33.01,0.9631303600065929
True,0.01,0.01,0.01,38.01,1.5683437241581013
True,0.01,0.01,1.01,51.01,1.0192163447602058
True,1.01,0.01,0.01,28.009999999999998,1.3774320652774041
False,0.01,0.01,4.01,37.01,0.6239847908059781
True,0.01,1.01,2.01,33.01,1.0437605284271823
True,1.01,0.01,2.01,32.01,0.8911062333674437
False,2.01,0.01,0.01,39.01,0.8536241617518626
False,0.01,0.01,1.01,46.01,1.0282840040542711
False,1.01,0.01,3.01,36.01,1.4538485317364627
True,0.01,1.01,0.01,33.01,1.0533616494741151
False,0.01,1.01,1.01,30.009999999999998,1.0563475960039381
False,0.01,0.01,4.01,55.01,0.9549143565311288
True,0.01,0.01,1.01,37.01,0.9120285208246468
False,0.01,2.01,0.01,42.01,0.8496026694510677
False,2.01,4.01,1.01,36.01,0.8706131806789701
False,3.01,0.01,4.01,34.01,1.434198207585545
True,0.01,0.01,1.01,42.01,0.6697802969296658
True,1.01,0.01,0.01,41.01,1.0094143494104795
False,1.01,0.01,0.01,44.01,0.9754186489871673
False,0.01,2.01,0.01,54.01,0.8044386940174425
True,0.01,0.01,1.01,44.01,1.289339045855675
False,0.01,0.01,1.01,34.01,1.0211703618410264
False,2.01,2.01,1.01,36.01,0.5250665046639591
True,0.01,0.01,1.01,45.01,0.795534268879002
False,0.01,0.01,0.01,46.01,0.9360760788859583
False,1.01,0.01,0.01,40.01,0.7031316672509981
False,0.01,2.01,0.01,40.01,0.5900025642589741
True,0.01,0.01,0.01,42.01,1.1910669710754405
True,1.01,0.01,0.01,39.01,0.9501031196789524
True,1.01,0.01,2.01,44.01,0.6593665510581861
False,1.01,0.01,2.01,46.01,0.8903414664182905
False,0.01,0.01,1.01,39.01,0.914924601248053
False,1.01,0.01,0.01,45.01,0.9793084109705004
False,0.01,0.01,0.01,43.01,0.8517872841685136
True,0.01,1.01,0.01,54.01,0.9625495548467261
True,0.01,1.01,0.01,40.01,1.2152231986206554
False,1.01,3.01,2.01,49.01,0.6508647632073575
False,1.01,2.01,2.01,40.01,1.063368507047111
True,2.01,1.01,0.01,45.01,0.6700943933025031
True,0.01,1.01,2.01,38.01,0.5810337631850511
True,0.01,3.01,0.01,35.01,1.1339327766307719
False,2.01,2.01,4.01,35.01,1.004732831823022
False,1.01,1.01,2.01,51.01,1.3505208995602258
False,1.01,0.01,1.01,33.01,1.3493092737413221
True,0.01,9.01,3.01,35.01,0.7641950458074356
True,1.01,1.01,3.01,44.01,1.0156321506778605
True,4.01,0.01,0.01,53.01,0.7483478098322485
True,0.01,2.01,0.01,50.01,0.9789774829795
True,5.01,1.01,1.01,39.01,0.8279827616056279
False,0.01,0.01,0.01,40.01,1.5164365316142896
True,0.01,1.01,3.01,49.01,1.1725801063156713
False,0.01,0.01,2.01,37.01,0.9210749087137845
False,0.01,1.01,1.01,36.01,0.9893843453289284
False,1.01,0.01,1.01,43.01,1.249313278823938
False,0.01,0.01,1.01,63.01,1.126411973803278
False,0.01,0.01,0.01,46.01,0.9257149736406703
False,0.01,0.01,3.01,51.01,0.7517179517747422
False,0.01,0.01,0.01,41.01,0.8838786911735897
False,0.01,0.01,2.01,43.01,1.4392116526451966
True,0.01,0.01,0.01,47.01,1.2271197411795218
False,1.01,0.01,1.01,37.01,1.0311363686189452
True,0.01,1.01,0.01,51.01,1.003564107188098
True,0.01,0.01,1.01,48.01,0.7947811196487747
True,0.01,0.01,0.01,51.01,0.9202776205432611
True,0.01,0.01,0.01,36.01,1.131004364259942
True,0.01,1.01,1.01,51.01,1.080806782351774
False,0.01,0.01,1.01,41.01,0.8936875642902806
False,0.01,0.01,0.01,36.01,1.0327817758757396
True,0.01,0.01,0.01,41.01,1.0744441747267215
True,0.01,0.01,1.01,37.01,0.7401799386065584
True,0.01,0.01,1.01,29.009999999999998,0.6332890590306939
False,0.01,1.01,0.01,45.01,0.43538460385964733
True,0.01,0.01,1.01,43.01,1.619978680467402
False,0.01,0.01,0.01,47.01,1.1066781833282577
True,2.01,0.01,0.01,50.01,1.392113869087281
False,0.01,0.01,1.01,45.01,1.0021267754087995
False,1.01,0.01,1.01,47.01,0.6968527258868321
False,1.01,1.01,1.01,46.01,1.2286291886104366
False,3.01,0.01,3.01,48.01,1.1299108630981503
False,0.01,1.01,2.01,40.01,1.3620287106092734
True,1.01,1.01,2.01,34.01,1.2642220950198195
False,2.01,2.01,6.01,58.01,0.9759046131936212
False,0.01,0.01,0.01,39.01,0.918460516658191
False,2.01,0.01,0.01,47.01,0.859549450292422
False,0.01,1.01,0.01,42.01,0.5026320925151317
True,0.01,1.01,0.01,30.009999999999998,1.0621988929321058
False,0.01,1.01,1.01,44.01,1.3000050403034233
True,0.01,0.01,1.01,37.01,0.8905437411586653
False,0.01,0.01,1.01,47.01,1.1432640706210702
True,0.01,0.01,1.01,48.01,0.7822318995518792
True,0.01,0.01,1.01,42.01,1.1971050820074505
False,1.01,0.01,1.01,44.01,1.0420485416308254
False,0.01,0.01,0.01,40.01,0.6788816950802955
False,0.01,0.01,0.01,39.01,1.0250053195466797
True,0.01,0.01,0.01,42.01,1.018458769600074
True,0.01,0.01,1.01,43.01,0.9554962336769266
True,0.01,0.01,1.01,48.01,0.6160260252105678
False,0.01,3.01,1.01,43.01,0.7722285593727423
False,0.01,0.01,1.01,53.01,0.953075252777265
True,1.01,0.01,1.01,41.01,1.0642817800413726
False,1.01,0.01,0.01,47.01,0.8144633410638666
False,0.01,0.01,1.01,50.01,0.7772869463314727
False,1.01,1.01,2.01,37.01,0.9953206947356564
False,0.01,1.01,1.01,42.01,0.9705300036930068
False,0.01,0.01,1.01,32.01,1.2086574367497636
True,0.01,0.01,0.01,37.01,1.0005074672675738
False,0.01,0.01,1.01,40.01,0.937335596203568
True,1.01,1.01,0.01,54.01,0.800032176323071
True,0.01,1.01,1.01,36.01,0.7612973448680364
True,1.01,3.01,0.01,38.01,0.6434179421829911
False,0.01,1.01,1.01,27.009999999999998,1.0996862424566356
False,8.01,2.01,3.01,35.01,0.9738884050188458
True,3.01,0.01,1.01,31.009999999999998,0.9969754521568233
False,0.01,0.01,3.01,43.01,1.0696730020265055
False,9.01,2.01,3.01,48.01,1.3701831385089782
True,1.01,0.01,1.01,40.01,0.8288530522940524
False,0.01,0.01,1.01,38.01,0.9435092364693096
False,1.01,0.01,3.01,40.01,0.8537021660864673
False,1.01,0.01,2.01,52.01,1.1023097681725658
False,0.01,2.01,2.01,38.01,0.5212724708263611
True,0.01,0.01,1.01,34.01,1.0190693968109248
False,0.01,0.01,0.01,28.009999999999998,1.2011064927136357
True,1.01,0.01,0.01,37.01,1.0043948245725067
False,2.01,0.01,1.01,44.01,1.0955294467711816
True,2.01,2.01,0.01,42.01,1.2064164033377331
False,1.01,1.01,0.01,39.01,0.666621839532161
False,0.01,1.01,3.01,32.01,0.9545135493712529
True,1.01,0.01,1.01,45.01,0.6661686407274643
True,2.01,3.01,3.01,46.01,0.9867122592122591
False,2.01,1.01,2.01,37.01,1.3340873358432386
False,5.01,2.01,1.01,42.01,0.9530026008309582
False,5.01,4.01,3.01,45.01,0.8736544175223744
False,3.01,1.01,3.01,49.01,1.1284024863140503
True,2.01,3.01,1.01,36.01,0.7190254190254189
True,0.01,9.01,2.01,31.009999999999998,1.0947561715240228
True,4.01,4.01,1.01,49.01,1.7440050767512012
True,6.01,5.01,2.01,38.01,0.8683144830016516
True,3.01,4.01,0.01,39.01,1.2721798155211599
False,5.01,6.01,0.01,33.01,0.8655381236529149
True,3.01,0.01,0.01,51.01,1.0430309036703602
False,4.01,5.01,2.01,33.01,0.6778875553875554
True,6.01,5.01,1.01,57.01,1.2268637503679451
True,7.01,3.01,1.01,47.01,1.5312043565445566
True,11.01,8.01,3.01,44.01,0.5494882408040304
False,12.01,9.01,2.01,53.01,1.305435135430804
False,7.01,8.01,0.01,47.01,0.9704375125722677
True,12.01,8.01,2.01,33.01,0.9765630298819955
False,0.01,0.01,0.01,33.01,0.8010656821222525
True,0.01,1.01,1.01,37.01,1.148817403217431
True,0.01,1.01,1.01,42.01,1.3065404708412027
False,1.01,0.01,1.01,48.01,0.6926001480936482
False,1.01,0.01,0.01,41.01,1.057416587920628
True,0.01,3.01,2.01,45.01,0.9166588707907255
True,0.01,1.01,0.01,28.009999999999998,0.8540884635165029
False,1.01,1.01,2.01,46.01,1.0008654843482678
True,0.01,1.01,1.01,31.009999999999998,0.7604888363941159
False,0.01,1.01,0.01,43.01,0.8945480056108757
True,1.01,1.01,1.01,37.01,1.0691481856046352
False,2.01,0.01,0.01,24.009999999999998,1.0813551173724603
False,0.01,0.01,1.01,38.01,0.7443497921367526
False,0.01,0.01,1.01,39.01,1.1602343316032557
False,0.01,0.01,1.01,33.01,0.763986620796638
True,2.01,1.01,2.01,36.01,0.6158310924803844
False,3.01,4.01,1.01,41.01,0.7022582054117767
True,1.01,2.01,0.01,37.01,0.7454223332308059
False,0.01,1.01,0.01,42.01,0.977459490047582
False,2.01,3.01,1.01,44.01,0.9300767843587896
True,1.01,0.01,0.01,39.01,0.7078182220582403
True,1.01,1.01,0.01,43.01,0.6261869947678063
False,2.01,0.01,2.01,34.01,0.936586054415903
False,1.01,0.01,0.01,32.01,0.8387303100093348
False,2.01,0.01,1.01,37.01,1.0893586870370318
False,0.01,2.01,1.01,34.01,1.107881439800776
True,0.01,5.01,2.01,40.01,0.8719083937405655
False,4.01,2.01,2.01,47.01,1.1640694972335763
False,5.01,5.01,2.01,38.01,0.8986714163849376
True,10.01,3.01,2.01,45.01,1.427885902511917
False,0.01,0.01,1.01,38.01,0.6386311292430695
True,7.01,2.01,2.01,52.01,1.4437133263300297
False,0.01,1.01,0.01,53.01,0.9343969468249341
False,0.01,0.01,0.01,40.01,0.8132258827931693
False,0.01,0.01,0.01,41.01,0.8826187830603204
True,0.01,0.01,0.01,41.01,1.2648987766889155
False,1.01,0.01,0.01,39.01,0.8221279420283755
False,0.01,0.01,1.01,53.01,1.0071735713258179
False,0.01,0.01,1.01,44.01,0.9438361578235457
False,0.01,0.01,0.01,47.01,1.0807986793151811
False,0.01,0.01,1.01,37.01,1.3131759596972885
False,0.01,0.01,0.01,50.01,1.1477016183740814
True,0.01,0.01,1.01,39.01,1.2161898365708672
False,0.01,0.01,0.01,44.01,1.0957995382022843
True,0.01,0.01,1.01,39.01,1.0173410948068284
False,0.01,1.01,1.01,45.01,1.0791123914681642
False,0.01,0.01,2.01,46.01,0.9095350007616125
True,0.01,0.01,0.01,38.01,1.1546147943844693
False,0.01,0.01,3.01,43.01,0.9982289642259765
True,1.01,0.01,1.01,45.01,1.0721671937507768
False,0.01,0.01,3.01,25.009999999999998,1.2643824669190031
True,0.01,0.01,0.01,35.01,1.2103579646207523
False,0.01,0.01,1.01,45.01,0.9835978815699724
True,1.01,2.01,1.01,35.01,1.186049309503026
True,1.01,0.01,0.01,44.01,0.9667507067941821
True,0.01,0.01,0.01,43.01,0.8444513848091381
True,0.01,0.01,1.01,34.01,1.4232467279537522
False,0.01,0.01,1.01,52.01,0.9361747599843669
True,1.01,1.01,0.01,29.009999999999998,1.1018324536863957
True,1.01,0.01,1.01,45.01,0.6681227012438313
False,0.01,2.01,5.01,34.01,0.9007534161433197
False,3.01,1.01,0.01,43.01,1.7159364606993328
False,0.01,0.01,2.01,44.01,1.3893859790970702
False,1.01,0.01,0.01,44.01,0.49594832084077434
True,2.01,3.01,2.01,36.01,0.6755654493889789
True,1.01,0.01,0.01,31.009999999999998,0.38035443500948896
False,0.01,1.01,1.01,44.01,1.0960310848793953
True,0.01,0.01,0.01,27.009999999999998,1.411891048779761
False,0.01,0.01,0.01,51.01,0.5994837369021478
True,0.01,0.01,0.01,31.009999999999998,1.3908385981241935
True,0.01,0.01,0.01,48.01,0.5169596916322535
False,1.01,0.01,2.01,44.01,0.8927897813336345
False,0.01,0.01,0.01,52.01,0.8525970872715409
False,0.01,1.01,0.01,30.009999999999998,0.7796327103591979
True,0.01,0.01,0.01,39.01,0.8140609198620071
False,0.01,0.01,1.01,42.01,0.5405509877771542
True,0.01,0.01,1.01,34.01,0.659362178049565
True,0.01,0.01,0.01,38.01,0.845877241360812
True,0.01,1.01,1.01,40.01,0.6306115666319032
True,0.01,2.01,1.01,27.009999999999998,1.1347976360691319
False,1.01,1.01,0.01,43.01,0.8393278253232486
False,0.01,0.01,0.01,23.009999999999998,0.7627079136390593
True,0.01,0.01,1.01,40.01,1.708194213733996
False,0.01,0.01,0.01,25.009999999999998,1.0873995527222775
True,1.01,0.01,1.01,36.01,0.7101828521415994
False,0.01,0.01,0.01,34.01,0.9169291983760002
False,0.01,2.01,0.01,39.01,1.284665805984078
True,0.01,1.01,1.01,38.01,0.8139358839309508
False,0.01,0.01,0.01,42.01,1.1148471191860978
False,0.01,0.01,0.01,28.009999999999998,0.6032094609264863
True,2.01,0.01,3.01,39.01,1.3340763219563483
True,1.01,0.01,1.01,43.01,0.723221058775964
False,1.01,1.01,1.01,44.01,1.2304215639673894
False,0.01,0.01,0.01,36.01,1.0242247781675264
False,0.01,0.01,2.01,39.01,0.7882330652011503
False,2.01,0.01,1.01,29.009999999999998,1.0673844955027987
False,3.01,2.01,2.01,39.01,1.0590028237650264
False,4.01,1.01,1.01,39.01,1.0208825796316063
False,0.01,0.01,0.01,49.01,0.5797952287436476
False,0.01,0.01,0.01,43.01,0.6694649646528515
False,0.01,0.01,0.01,32.01,1.1535823210816942
False,0.01,0.01,2.01,45.01,0.6237256530688734
False,0.01,0.01,0.01,33.01,0.8534316887664471
True,0.01,0.01,0.01,37.01,0.7533607214905952
False,0.01,0.01,2.01,38.01,0.7468458157164629
False,1.01,0.01,2.01,33.01,0.9320067172562281
False,1.01,0.01,0.01,46.01,0.8230388613977443
True,0.01,0.01,1.01,41.01,1.0325231833467465
False,0.01,0.01,0.01,41.01,0.5930899774978723
False,1.01,1.01,0.01,43.01,0.7200560320298642
True,0.01,0.01,0.01,45.01,1.2283333792328568
False,0.01,0.01,1.01,44.01,0.5947399917755134
True,0.01,1.01,1.01,37.01,1.0345040066383873
False,0.01,1.01,1.01,39.01,1.0351801117563042
True,1.01,0.01,2.01,38.01,0.6558388783445737
True,1.01,0.01,2.01,39.01,1.3618050767929275
True,0.01,0.01,3.01,45.01,0.7844483772817468
True,0.01,0.01,0.01,36.01,1.020766004130705
True,0.01,1.01,1.01,27.009999999999998,0.5349066462713185
False,2.01,0.01,0.01,40.01,1.371540300715858
True,0.01,0.01,0.01,50.01,1.1779726073272696
False,0.01,0.01,3.01,34.01,0.8778279671947768
False,0.01,0.01,2.01,44.01,0.6746339036359612
False,3.01,0.01,3.01,45.01,0.7009496008767405
False,1.01,0.01,1.01,38.01,0.8020175657675659
True,2.01,0.01,2.01,38.01,1.317496101297307
True,1.01,1.01,4.01,44.01,1.3561745725512409
False,1.01,1.01,6.01,37.01,1.9179713302324979
True,1.01,1.01,2.01,51.01,0.39140594414330626
False,1.01,0.01,0.01,43.01,0.9686469574859043
False,1.01,1.01,2.01,35.01,0.9819192249955122
True,0.01,0.01,0.01,46.01,0.8910433241351572
False,0.01,0.01,1.01,41.01,0.6698452597890828
False,0.01,0.01,1.01,33.01,1.0738714015511988
False,0.01,0.01,1.01,44.01,0.7609411828229886
False,0.01,0.01,1.01,32.01,0.8727855420708248
True,0.01,1.01,2.01,36.01,0.9847947365469151
False,0.01,0.01,1.01,43.01,1.324770083954455
False,1.01,0.01,1.01,38.01,0.8119824686359357
True,0.01,0.01,0.01,52.01,0.8084323209328562
False,0.01,0.01,1.01,36.01,1.0594485365838013
True,0.01,0.01,0.01,38.01,1.0311356215228242
False,0.01,0.01,2.01,23.009999999999998,0.9089602246062278
True,1.01,0.01,2.01,35.01,1.118105661933503
True,0.01,0.01,0.01,32.01,0.8807353140640627
False,1.01,1.01,0.01,31.009999999999998,0.698727916321539
True,0.01,0.01,0.01,43.01,0.46111668350072776
True,0.01,1.01,0.01,37.01,1.2814996604702487
False,1.01,0.01,3.01,50.01,1.1413815010316484
False,1.01,0.01,0.01,35.01,1.1166401840703324
False,0.01,1.01,0.01,56.01,1.2647770396427753
True,0.01,0.01,0.01,38.01,1.0564562800560242
False,2.01,2.01,4.01,33.01,1.4969748493415502
False,0.01,2.01,2.01,41.01,1.2228116645012046
True,3.01,1.01,1.01,33.01,0.3883783032929974
True,1.01,0.01,3.01,44.01,0.9072513166096711
False,0.01,0.01,1.01,44.01,0.8148724192284488
False,2.01,0.01,4.01,46.01,0.6295935434746177
False,0.01,0.01,2.01,30.009999999999998,0.5553262894507673
False,2.01,0.01,2.01,36.01,0.8930239280217623
False,3.01,3.01,3.01,39.01,1.0540102706757684
True,0.01,0.01,5.01,42.01,0.404998081239264
True,1.01,2.01,4.01,46.01,1.822594450339127
True,1.01,3.01,2.01,36.01,1.495638073023625
True,0.01,0.01,1.01,33.01,0.7045575349102811
False,0.01,0.01,1.01,59.01,1.388350825629564
False,0.01,0.01,3.01,48.01,0.9397907304489829
False,0.01,1.01,1.01,40.01,0.8628670225353203
False,0.01,0.01,1.01,43.01,1.0800194882572374
False,0.01,1.01,0.01,37.01,0.9014556393487416
False,0.01,1.01,1.01,39.01,1.2334158264888255
True,0.01,0.01,3.01,42.01,1.0081902262762754
False,0.01,0.01,0.01,50.01,0.6030126928756041
False,0.01,0.01,1.01,44.01,0.9240980407596048
True,1.01,0.01,0.01,48.01,0.8068525568455605
False,0.01,0.01,1.01,45.01,1.1038251666995937
True,1.01,1.01,0.01,40.01,1.2915586213765486
False,0.01,0.01,1.01,40.01,0.9379338371561874
False,0.01,0.01,0.01,45.01,0.9818861366632146
False,0.01,0.01,1.01,42.01,1.0111113114417345
True,0.01,1.01,0.01,53.01,1.3047829639275121
False,1.01,1.01,0.01,37.01,0.6102389469767865
True,0.01,1.01,0.01,26.009999999999998,0.6063450597042999
True,1.01,1.01,0.01,41.01,0.5468468243678518
True,1.01,1.01,0.01,51.01,1.8374099222115028
True,1.01,1.01,3.01,42.01,1.3603371303517204
True,1.01,2.01,2.01,44.01,1.1265797479314474
False,0.01,4.01,0.01,41.01,0.8307207663635858
False,0.01,1.01,2.01,50.01,0.9997464515140488
False,0.01,1.01,2.01,45.01,1.0732153560341773
True,2.01,2.01,2.01,38.01,0.7228406911648482
False,0.01,2.01,1.01,45.01,1.0409078890583547
True,1.01,0.01,0.01,37.01,0.814461125001922
True,5.01,2.01,3.01,31.009999999999998,1.191673897262718
False,0.01,3.01,2.01,38.01,1.0800062956997858
False,2.01,1.01,2.01,36.01,0.9258121004464055
False,2.01,2.01,2.01,42.01,0.8068753020325027
True,0.01,0.01,1.01,43.01,1.0089774114774115
False,0.01,0.01,0.01,33.01,1.0983696911339869
False,0.01,0.01,1.01,39.01,1.059024253067792
True,1.01,0.01,1.01,32.01,0.44719228855725607
False,0.01,0.01,0.01,38.01,1.056292624828548
False,1.01,0.01,0.01,47.01,0.6222962512824264
False,0.01,0.01,0.01,40.01,1.066716046779146
True,0.01,0.01,2.01,40.01,1.4023152800168843
True,0.01,0.01,1.01,38.01,0.6967542761564708
True,0.01,0.01,0.01,38.01,1.0414443946872605
False,1.01,1.01,0.01,46.01,0.42429903935432467
True,0.01,0.01,0.01,40.01,1.3522368535473857
False,0.01,0.01,0.01,40.01,0.620492645961661
False,0.01,0.01,1.01,32.01,1.503105800844927
False,1.01,1.01,0.01,39.01,1.1652454862346933
True,0.01,0.01,0.01,52.01,0.7932045018081443
True,0.01,1.01,0.01,44.01,0.6325771532712259
True,1.01,0.01,0.01,32.01,0.9904259471904436
False,0.01,1.01,0.01,47.01,1.0896684589428567
False,0.01,0.01,1.01,28.009999999999998,1.1783262548266726
False,0.01,0.01,1.01,36.01,0.919636237934473
False,1.01,1.01,1.01,30.009999999999998,1.0630247327384987
True,1.01,2.01,1.01,44.01,1.4199556637731576
False,2.01,0.01,0.01,46.01,1.1593810886044833
False,1.01,1.01,1.01,41.01,0.855387020046274
False,2.01,1.01,0.01,46.01,0.6766413604080624
True,2.01,1.01,5.01,40.01,1.4623653427888694
False,4.01,4.01,0.01,45.01,0.3824320778693843
True,3.01,1.01,2.01,41.01,1.1726625971306819
False,2.01,6.01,2.01,44.01,0.9699531866425721
True,0.01,3.01,2.01,44.01,0.9613467894898312
False,6.01,1.01,1.01,32.01,0.992735007273976
False,3.01,3.01,4.01,42.01,1.2013712229433937
True,0.01,0.01,1.01,43.01,1.3596273293126078
False,0.01,0.01,1.01,45.01,0.953094997618655
True,0.01,0.01,0.01,46.01,0.9413931710139459
False,0.01,0.01,1.01,42.01,0.9023935345909526
False,0.01,0.01,0.01,43.01,0.4716686355887254
False,0.01,2.01,1.01,38.01,1.17285522187333
True,0.01,0.01,1.01,33.01,1.056786816920165
True,1.01,0.01,0.01,44.01,1.2275100834235688
True,0.01,0.01,1.01,32.01,1.0356984597089471
False,2.01,0.01,1.01,43.01,1.1486857213968313
True,0.01,0.01,2.01,42.01,1.2433854513411902
False,1.01,2.01,1.01,38.01,1.1329707596669798
True,0.01,1.01,0.01,38.01,0.900355503974929
True,0.01,1.01,0.01,38.01,1.340097920380505
False,0.01,0.01,2.01,39.01,1.2904290250021806
False,1.01,0.01,1.01,40.01,1.1101956825714618
False,0.01,0.01,0.01,49.01,1.118597260330021
False,1.01,0.01,0.01,47.01,0.8205121249117543
False,0.01,1.01,2.01,39.01,1.0174202387277629
True,3.01,1.01,0.01,34.01,1.316755341152354
False,1.01,3.01,1.01,29.009999999999998,1.230747629644352
False,0.01,1.01,3.01,42.01,1.0960961404801421
True,0.01,0.01,0.01,40.01,1.379354039144724
False,0.01,0.01,1.01,34.01,0.8084799029254117
False,0.01,2.01,1.01,35.01,1.3357093510136107
False,1.01,2.01,1.01,37.01,0.9168528603442997
False,0.01,1.01,0.01,47.01,0.9331393788002074
False,2.01,2.01,0.01,50.01,1.0218548967473162
True,0.01,1.01,1.01,30.009999999999998,1.5947159734089675
True,0.01,4.01,3.01,50.01,0.756588356571344
False,1.01,0.01,1.01,34.01,0.9171749956667878
True,2.01,0.01,3.01,33.01,0.9675171824513306
False,3.01,3.01,3.01,36.01,1.6948362804111932
False,0.01,0.01,2.01,44.01,1.1447782244805536
True,0.01,0.01,1.01,44.01,0.635719202108521
False,0.01,0.01,1.01,30.009999999999998,1.201504081418717
False,0.01,0.01,2.01,38.01,1.0579486430514962
True,0.01,0.01,0.01,46.01,1.3521802525357645
True,0.01,0.01,0.01,38.01,1.2330067344638567
False,0.01,0.01,0.01,37.01,0.7637361498254611
True,0.01,0.01,0.01,46.01,1.0576084037269318
False,2.01,0.01,0.01,37.01,0.8202951874851537
True,0.01,0.01,0.01,39.01,1.1365365825127487
False,1.01,0.01,0.01,36.01,1.0097710445586134
True,0.01,0.01,0.01,38.01,0.8424909506882469
False,0.01,0.01,0.01,32.01,0.9669679904992483
False,0.01,0.01,0.01,35.01,1.0881537181089411
False,0.01,0.01,0.01,27.009999999999998,0.746551226932751
False,0.01,0.01,1.01,49.01,1.4831071889160607
True,0.01,0.01,0.01,53.01,1.0174084548244635
False,0.01,1.01,0.01,42.01,0.8792609133728526
True,0.01,0.01,0.01,52.01,0.680749924515523
True,0.01,0.01,0.01,31.009999999999998,0.5176579675745132
False,0.01,0.01,1.01,31.009999999999998,1.5723489408165818
False,0.01,0.01,0.01,37.01,1.3444243569146441
True,0.01,0.01,1.01,43.01,0.5166638879253515
False,0.01,1.01,1.01,32.01,0.3661605509186155
False,0.01,0.01,1.01,38.01,1.134448769876439
True,0.01,0.01,0.01,56.01,0.9126863399179158
True,2.01,1.01,1.01,40.01,0.7125371456287374
False,0.01,0.01,1.01,34.01,1.0318657130029552
False,0.01,1.01,1.01,48.01,0.6711175514064432
False,0.01,0.01,0.01,45.01,0.7042538274759225
False,2.01,1.01,2.01,39.01,0.8902035402934836
False,1.01,0.01,1.01,40.01,1.178723666646405
True,0.01,0.01,1.01,37.01,1.1014865346569769
True,0.01,0.01,0.01,44.01,1.0307451376906462
True,0.01,0.01,0.01,43.01,1.1145828864247196
True,0.01,0.01,2.01,31.009999999999998,1.0475260205397479
False,0.01,0.01,1.01,38.01,0.9743956615931386
False,0.01,0.01,2.01,36.01,1.3100502725163443
False,0.01,0.01,0.01,49.01,0.8059435589125561
False,0.01,0.01,0.01,38.01,1.4014219143767261
False,0.01,0.01,0.01,36.01,1.787270554329579
False,0.01,0.01,0.01,48.01,0.8205075480766458
False,1.01,1.01,1.01,43.01,1.2289682602035807
True,0.01,0.01,1.01,33.01,1.2755960309177168
False,0.01,0.01,0.01,42.01,0.9525967319953004
False,1.01,0.01,1.01,42.01,1.1782067733272277
False,1.01,0.01,0.01,38.01,1.1081404036489058
False,0.01,0.01,0.01,38.01,0.7771188130906593
True,0.01,0.01,3.01,49.01,0.7226050389481979
False,0.01,1.01,2.01,41.01,1.1075025272156998
True,0.01,0.01,1.01,48.01,1.6400939393006748
False,0.01,0.01,1.01,41.01,0.8490884420302711
False,0.01,0.01,0.01,45.01,0.9265838224300734
True,1.01,1.01,1.01,47.01,1.2338910705109603
True,0.01,0.01,1.01,34.01,0.7817751520678018
True,0.01,0.01,0.01,42.01,0.4897789089686981
False,1.01,0.01,3.01,39.01,1.4160864164481335
True,4.01,0.01,1.01,45.01,1.0756264879325241
False,0.01,1.01,1.01,32.01,1.031792595002865
True,3.01,1.01,1.01,46.01,1.0255299990833329
False,0.01,1.01,1.01,40.01,1.0456240313913652
False,1.01,1.01,1.01,35.01,0.806314257924165
False,2.01,1.01,0.01,37.01,0.9104611749741065
False,1.01,3.01,1.01,42.01,0.806945199602951
True,5.01,1.01,2.01,35.01,1.2224934835838017
False,2.01,1.01,4.01,36.01,1.024680961638809
False,0.01,0.01,1.01,35.01,1.1272899831266656
True,0.01,0.01,0.01,48.01,0.7138064133253703
False,0.01,1.01,0.01,31.009999999999998,0.6815677392310189
False,0.01,0.01,0.01,52.01,1.458998032358243
True,0.01,0.01,2.01,45.01,0.8078222788426153
False,0.01,1.01,0.01,40.01,0.9121872104497107
True,0.01,1.01,0.01,38.01,1.4325988487697345
False,2.01,0.01,0.01,43.01,0.9687684999965138
True,0.01,1.01,0.01,52.01,0.877315518849706
False,0.01,0.01,0.01,56.01,0.9394540955190879
False,0.01,0.01,1.01,42.01,1.0389054389467598
True,0.01,0.01,1.01,46.01,0.839219785277154
False,0.01,1.01,1.01,40.01,0.9099494569683138
False,0.01,0.01,1.01,33.01,0.9806307104507849
False,0.01,0.01,0.01,45.01,0.5306819279435913
False,0.01,0.01,3.01,42.01,0.82237358058702
False,0.01,1.01,2.01,36.01,0.9530472899481883
False,0.01,2.01,0.01,51.01,1.5462087811349012
False,0.01,0.01,0.01,39.01,1.0209891954910597
True,1.01,3.01,0.01,49.01,1.2264368223952944
False,0.01,0.01,1.01,39.01,0.5907221518387158
True,0.01,0.01,1.01,43.01,1.5873989318540171
False,0.01,0.01,4.01,59.01,0.5291277423171515
False,0.01,1.01,0.01,38.01,0.678829929531322
False,1.01,1.01,0.01,41.01,0.4658277037075326
False,0.01,0.01,1.01,41.01,1.0462996954161947
False,0.01,0.01,2.01,48.01,0.6992718184022276
True,0.01,7.01,0.01,43.01,0.4337731330154283
False,0.01,0.01,0.01,37.01,0.7703774824098295
True,0.01,5.01,2.01,35.01,1.1312058859978418
True,2.01,3.01,2.01,50.01,0.5155194554545602
True,1.01,1.01,1.01,38.01,0.6856030946842553
False,0.01,1.01,4.01,40.01,1.0230920283218223
False,1.01,0.01,0.01,35.01,1.436218597276182
False,0.01,0.01,0.01,33.01,0.9181572390565874
True,0.01,0.01,0.01,40.01,0.8402546304884957
False,0.01,0.01,0.01,42.01,0.8892668145044187
True,0.01,0.01,0.01,44.01,0.8358246177294213
False,1.01,0.01,4.01,48.01,1.1760071703536412
True,0.01,0.01,0.01,50.01,1.1932222421896834
True,0.01,0.01,2.01,36.01,0.7144859594428561
True,0.01,0.01,0.01,40.01,0.8696644761523166
False,0.01,0.01,0.01,45.01,1.2509082254712705
False,0.01,2.01,0.01,42.01,0.5888521481557278
False,0.01,0.01,1.01,43.01,1.475039385928011
False,0.01,0.01,1.01,32.01,0.9794367607993902
False,0.01,2.01,3.01,54.01,1.153544617393639
False,0.01,0.01,1.01,44.01,0.6098613349226404
True,0.01,1.01,2.01,35.01,1.2216941321634038
False,1.01,0.01,0.01,43.01,0.5914503918408809
True,0.01,0.01,0.01,52.01,0.8536908650188076
False,0.01,0.01,0.01,31.009999999999998,0.8656182314372383
True,0.01,0.01,1.01,44.01,1.3502436128335562
False,0.01,0.01,0.01,42.01,0.7157093598487654
False,0.01,0.01,1.01,44.01,0.602832312600534
False,0.01,0.01,2.01,40.01,0.7458519003468244
True,1.01,0.01,0.01,41.01,1.003513894537784
False,0.01,0.01,0.01,48.01,0.9618261932492356
False,0.01,2.01,0.01,45.01,0.8293685703337286
False,1.01,1.01,0.01,36.01,0.894427316445696
True,3.01,1.01,1.01,34.01,1.3538770633215078
True,1.01,0.01,1.01,43.01,0.6369710671737794
False,0.01,2.01,1.01,38.01,1.1849181993800235
True,1.01,0.01,2.01,46.01,0.6644543464665417
False,1.01,2.01,3.01,38.01,1.6499284821315132
False,2.01,1.01,1.01,35.01,1.044890713627947
False,0.01,0.01,1.01,37.01,1.0554915382332806
False,0.01,1.01,0.01,30.009999999999998,0.8796803361698299
False,0.01,0.01,0.01,42.01,1.261240587079155
False,0.01,0.01,0.01,55.01,1.1749893294287665
True,0.01,0.01,0.01,38.01,1.4149173930910115
False,1.01,0.01,0.01,46.01,1.0333031919525728
False,0.01,0.01,1.01,43.01,0.7191266874622552
False,0.01,0.01,0.01,39.01,1.1461849675607616
True,0.01,1.01,0.01,52.01,0.5534816570737742
True,0.01,0.01,1.01,43.01,0.8980322181127938
True,1.01,1.01,0.01,48.01,1.160122761131869
True,1.01,0.01,0.01,39.01,1.3690695972100144
True,0.01,0.01,0.01,43.01,0.7942318104333088
False,0.01,0.01,2.01,37.01,0.7437145864610124
False,0.01,1.01,1.01,34.01,1.3836825109375794
False,0.01,0.01,0.01,39.01,0.6177663750830865
False,0.01,0.01,4.01,44.01,1.544474256984037
True,0.01,2.01,1.01,37.01,0.7675191951313319
False,0.01,0.01,0.01,35.01,0.8184631318502287
False,0.01,0.01,1.01,38.01,0.5182624215845325
False,0.01,2.01,1.01,35.01,1.2129371960365705
False,2.01,2.01,2.01,45.01,0.960183280289028
True,1.01,3.01,1.01,34.01,1.3093492113973595
False,0.01,0.01,0.01,36.01,0.8481537363470344
True,0.01,1.01,2.01,34.01,1.0810492368744968
False,1.01,0.01,3.01,42.01,1.3261099114301051
True,1.01,2.01,1.01,50.01,0.9724422826633001
False,3.01,0.01,0.01,36.01,1.6980469013842214
True,2.01,2.01,0.01,41.01,0.9577782914182084
True,4.01,3.01,1.01,53.01,1.0008795886224726
True,1.01,0.01,0.01,42.01,0.954447072069182
False,7.01,0.01,3.01,35.01,1.0509264263244116
False,4.01,5.01,2.01,50.01,1.713468304896371
True,1.01,0.01,2.01,40.01,0.5349712954486489
False,0.01,0.01,2.01,31.009999999999998,0.8743222644975032
True,0.01,1.01,0.01,42.01,0.9407665388958398
True,0.01,0.01,0.01,49.01,1.244398612383751
False,0.01,1.01,0.01,37.01,1.2697956591836992
True,1.01,1.01,3.01,43.01,0.7152126215639258
False,0.01,3.01,4.01,45.01,0.911667404954406
True,0.01,1.01,2.01,51.01,0.5045854896915649
False,1.01,0.01,1.01,38.01,0.7915937851715091
False,1.01,0.01,3.01,44.01,0.45955817235229
False,0.01,0.01,3.01,51.01,0.852350014987
False,2.01,0.01,2.01,32.01,0.6289267024203654
False,1.01,0.01,0.01,47.01,1.0271921895267309
False,0.01,0.01,3.01,33.01,0.9529384276625639
True,0.01,0.01,0.01,48.01,1.2849767907817442
True,0.01,1.01,1.01,39.01,0.9896710945940829
False,1.01,1.01,1.01,49.01,0.6781505405152062
False,0.01,0.01,3.01,34.01,0.9648423518703636
False,3.01,1.01,1.01,47.01,1.0921278521191666
True,3.01,3.01,2.01,43.01,1.3680298444635923
False,1.01,0.01,0.01,43.01,0.5541494546536563
True,0.01,0.01,0.01,46.01,1.0204207760230128
False,0.01,2.01,1.01,35.01,0.9357932672696662
False,1.01,6.01,1.01,40.01,0.9113298108702655
False,4.01,1.01,1.01,33.01,1.1304004943702846
True,0.01,2.01,0.01,32.01,1.2488765043080952
False,2.01,1.01,1.01,35.01,0.7744884274258772
True,3.01,3.01,3.01,47.01,1.4531852838146635
False,3.01,3.01,3.01,46.01,0.7042810557805176
True,5.01,0.01,3.01,48.01,0.7477766213053132
True,6.01,4.01,1.01,39.01,1.441397449346509
False,4.01,4.01,1.01,34.01,1.2800390835235507
False,5.01,4.01,1.01,41.01,1.0820041712337107
False,0.01,0.01,1.01,35.01,1.506229314408415
True,0.01,0.01,2.01,49.01,1.2662874811925575
True,0.01,0.01,0.01,34.01,1.0526465027205534
True,0.01,0.01,0.01,58.01,0.8773827289722601
False,0.01,0.01,0.01,46.01,0.9037445861328943
True,1.01,0.01,0.01,29.009999999999998,1.145231606429649
False,0.01,1.01,0.01,38.01,0.9462802275618121
False,1.01,1.01,2.01,36.01,1.2697992078796807
False,1.01,1.01,0.01,34.01,0.829799512523051
False,0.01,2.01,2.01,35.01,1.195773971813189
True,0.01,0.01,2.01,31.009999999999998,1.1312566713885142
False,0.01,1.01,1.01,41.01,1.0170132986999088
False,1.01,1.01,1.01,41.01,0.6019737736839741
False,0.01,0.01,0.01,42.01,0.5428925417326411
True,0.01,1.01,1.01,42.01,1.0122781583100742
True,2.01,0.01,0.01,45.01,0.589073978229926
True,1.01,3.01,2.01,41.01,1.1826745830881942
False,2.01,1.01,2.01,39.01,1.129640571880657
False,0.01,0.01,1.01,42.01,0.6991614518420821
True,0.01,4.01,0.01,42.01,1.7712815292904676
True,1.01,4.01,0.01,47.01,0.925064420555441
False,2.01,0.01,0.01,50.01,0.915731350299866
False,0.01,3.01,0.01,53.01,1.059786547061964
True,1.01,2.01,3.01,41.01,1.6881166276886865
False,4.01,3.01,2.01,35.01,1.2853420456535414
True,3.01,6.01,1.01,41.01,1.6078566211750056
False,6.01,1.01,2.01,44.01,0.5206198730122797
False,3.01,2.01,2.01,34.01,0.9482602991921879
False,1.01,4.01,2.01,47.01,0.8276724816281753
False,1.01,1.01,1.01,35.01,1.0792951505492805
False,8.01,5.01,3.01,35.01,0.5865255595848469
True,11.01,1.01,2.01,34.01,1.041760433421404
False,3.01,4.01,3.01,34.01,0.7342351671946703
False,0.01,0.01,0.01,54.01,1.5909489746347565
False,1.01,0.01,0.01,46.01,0.7894732007056552
True,1.01,0.01,0.01,43.01,0.8515138254840411
True,1.01,1.01,1.01,51.01,0.831806424054558
True,0.01,1.01,0.01,44.01,1.3797555237550583
False,2.01,0.01,1.01,34.01,0.7828004420546861
True,0.01,1.01,0.01,38.01,0.7311515668357911
False,1.01,0.01,1.01,39.01,1.19390448118709
True,0.01,2.01,0.01,57.01,1.011607423465778
True,0.01,0.01,1.01,46.01,1.2989254327198583
False,1.01,1.01,0.01,52.01,1.294686525243511
False,0.01,1.01,0.01,32.01,1.0119448055189892
True,1.01,0.01,0.01,36.01,0.6764674517247208
True,0.01,0.01,2.01,38.01,1.1614869618324326
True,1.01,3.01,0.01,35.01,1.3786444155846669
False,1.01,1.01,1.01,42.01,0.8722154285242099
True,1.01,3.01,0.01,35.01,0.8760159166531869
False,0.01,3.01,0.01,48.01,1.2697552036538402
False,0.01,0.01,2.01,42.01,1.048441769790261
False,0.01,1.01,2.01,30.009999999999998,0.6575783296950345
True,0.01,1.01,1.01,39.01,0.8653782516735493
True,1.01,2.01,3.01,37.01,1.1392460267440951
False,2.01,0.01,0.01,46.01,0.6800190574085678
False,0.01,2.01,1.01,42.01,1.336092770942087
False,1.01,3.01,0.01,36.01,0.8542027882998317
False,0.01,1.01,2.01,35.01,1.3111279834035252
False,4.01,4.01,2.01,34.01,1.3564552103906322
False,1.01,5.01,2.01,32.01,0.7275936974579958
True,4.01,4.01,3.01,50.01,1.5557457305323537
False,1.01,3.01,2.01,36.01,1.01411905535692
False,2.01,1.01,3.01,45.01,0.4398908908429032
False,5.01,6.01,3.01,41.01,0.9031361544302342
True,1.01,0.01,0.01,38.01,0.8518566820806871
True,1.01,1.01,0.01,42.01,1.4208957141844265
False,1.01,1.01,3.01,41.01,0.6349862637362638
False,0.01,0.01,1.01,38.01,1.2152306687385404
False,0.01,0.01,0.01,50.01,0.7525764031728164
False,0.01,0.01,1.01,34.01,0.8301953915289535
False,1.01,1.01,1.01,35.01,0.8728325889038331
False,2.01,0.01,2.01,33.01,0.42269584334934285
False,0.01,1.01,1.01,46.01,1.0959752787371402
True,1.01,1.01,1.01,40.01,0.8562483494370153
True,1.01,2.01,1.01,35.01,0.6119424660894368
True,1.01,2.01,1.01,47.01,1.2110361406141459
False,0.01,2.01,1.01,38.01,1.4085138423320032
False,1.01,0.01,1.01,45.01,0.7114710416679053
False,1.01,1.01,0.01,47.01,0.5796133195243526
False,0.01,1.01,2.01,38.01,1.2896540201077404
True,2.01,3.01,3.01,36.01,0.872258133204342
False,2.01,1.01,1.01,45.01,1.1603766590890123
False,3.01,0.01,0.01,37.01,1.2275880470578613
True,3.01,1.01,0.01,38.01,1.313721731934196
True,0.01,2.01,0.01,38.01,1.5288509481638604
True,4.01,4.01,2.01,28.009999999999998,1.3451458420544171
True,2.01,0.01,2.01,39.01,1.012188442671128
False,0.01,1.01,2.01,39.01,1.1948602488478528
True,1.01,2.01,0.01,31.009999999999998,0.929404193064579
False,3.01,2.01,3.01,38.01,0.9321942888989255
True,2.01,1.01,2.01,38.01,0.9245090162915316
False,0.01,2.01,2.01,35.01,1.1490012545819681
False,2.01,3.01,3.01,29.009999999999998,0.9473255837278179
False,4.01,5.01,2.01,38.01,1.1148577344130968
False,6.01,5.01,1.01,31.009999999999998,0.7710518320231318
True,4.01,7.01,0.01,49.01,1.113637007832003
True,0.01,1.01,1.01,41.01,1.326579494187546
False,0.01,0.01,0.01,42.01,0.9157177110490092
True,0.01,1.01,0.01,41.01,0.9837783170724043
False,1.01,0.01,0.01,48.01,1.0111026327698667
False,0.01,1.01,1.01,36.01,1.2356475681074686
True,0.01,0.01,2.01,48.01,1.529458955363726
False,0.01,0.01,1.01,27.009999999999998,0.860427203227468
False,3.01,1.01,0.01,44.01,1.6734763226823297
True,0.01,1.01,0.01,38.01,0.9746374294585036
False,4.01,2.01,2.01,33.01,0.823301181423183
False,2.01,1.01,1.01,35.01,1.3966760704126582
True,1.01,0.01,1.01,40.01,0.8102831457886154
False,2.01,0.01,2.01,39.01,1.3324343759859174
True,0.01,1.01,2.01,34.01,1.1207142507086445
True,1.01,2.01,0.01,39.01,0.689386820661525
True,1.01,2.01,0.01,44.01,1.0161262745100954
True,4.01,1.01,2.01,35.01,1.2169008728379456
True,0.01,2.01,3.01,43.01,1.0065722775887798
False,1.01,2.01,2.01,41.01,2.029057373730844
False,1.01,1.01,1.01,41.01,0.9461591232512581
False,0.01,2.01,1.01,42.01,0.933777518308606
False,2.01,1.01,4.01,42.01,0.8768541363463649
False,1.01,7.01,0.01,38.01,1.6404914756588183
True,0.01,1.01,0.01,43.01,1.1262296686322173
True,3.01,4.01,2.01,46.01,1.1973783819949304
False,4.01,4.01,1.01,42.01,1.7561333236949614
False,4.01,6.01,1.01,30.009999999999998,1.8243191493670832
False,2.01,4.01,0.01,35.01,0.7520390338229214
False,12.01,11.01,1.01,30.009999999999998,1.3206658807190776
False,6.01,7.01,2.01,41.01,1.326211252502028
True,8.01,7.01,1.01,32.01,0.9546441318639642
False,12.01,2.01,1.01,41.01,1.6118041408365413
False,0.01,0.01,0.01,35.01,0.528888790024412
False,0.01,0.01,0.01,42.01,0.7909689761796588
True,0.01,1.01,0.01,37.01,0.9514205388450161
False,0.01,0.01,0.01,32.01,1.6766715259107847
False,0.01,0.01,3.01,44.01,0.6585604376703449
True,0.01,0.01,1.01,39.01,0.6999497974802235
False,0.01,0.01,1.01,40.01,0.9573543520420622
True,0.01,0.01,1.01,42.01,1.3331495288963398
False,0.01,0.01,3.01,34.01,1.5042715401504525
False,0.01,0.01,0.01,40.01,0.623317689679474
True,0.01,0.01,0.01,48.01,1.416788057492929
False,0.01,0.01,1.01,37.01,0.8336451899132877
True,0.01,0.01,0.01,42.01,0.9051008783784213
False,1.01,0.01,1.01,56.01,1.52912027104158
True,0.01,0.01,0.01,40.01,0.8988136730071964
False,0.01,0.01,0.01,47.01,1.0238376693439621
False,0.01,0.01,0.01,43.01,1.2385495506516895
True,0.01,0.01,0.01,40.01,1.4914380963224019
True,0.01,0.01,1.01,41.01,1.61795304389469
True,0.01,1.01,0.01,31.009999999999998,2.43717148477438
True,0.01,0.01,1.01,49.01,1.8908080852365807
False,0.01,0.01,0.01,43.01,1.392201192831428
False,0.01,0.01,1.01,35.01,1.3482087778263243
False,1.01,0.01,1.01,40.01,0.4146382016332756
True,2.01,0.01,3.01,45.01,0.6232058345774192
True,0.01,0.01,1.01,42.01,1.038447546680675
False,0.01,0.01,0.01,45.01,1.3937743704927739
False,0.01,1.01,0.01,47.01,1.5884679620885713
True,1.01,0.01,2.01,42.01,1.122044845615743
False,0.01,0.01,0.01,34.01,1.146946555610029
False,0.01,0.01,2.01,40.01,0.81856352932299
False,3.01,0.01,3.01,52.01,1.5669832372047596
False,1.01,1.01,3.01,38.01,1.1559055875092419
False,0.01,0.01,0.01,34.01,0.8174101032251988
False,2.01,2.01,0.01,42.01,0.7996938889654175
True,0.01,0.01,2.01,39.01,1.265286138834355
True,1.01,0.01,2.01,39.01,0.4448433755127885
False,0.01,0.01,1.01,27.009999999999998,1.248289547433431
False,1.01,0.01,0.01,46.01,1.1126488101311045
False,0.01,0.01,1.01,31.009999999999998,1.1961540948766274
False,0.01,0.01,0.01,33.01,1.2548302987873432
True,0.01,1.01,2.01,42.01,1.3498427535273725
True,0.01,0.01,1.01,35.01,0.9466142731954243
False,0.01,0.01,0.01,45.01,1.172181729242558
False,0.01,0.01,1.01,45.01,0.8278006011016846
True,0.01,1.01,0.01,50.01,0.8551968058858324
True,0.01,0.01,1.01,41.01,1.1025786847566224
False,2.01,0.01,1.01,44.01,1.0387252801969147
False,1.01,0.01,0.01,42.01,0.8404395749296709
False,0.01,2.01,0.01,35.01,0.9491009046040005
True,1.01,0.01,1.01,39.01,0.8973613386290524
True,0.01,0.01,2.01,47.01,1.2170192829835011
False,1.01,0.01,0.01,31.009999999999998,0.8609064072667193
True,1.01,0.01,0.01,39.01,1.2292620579555444
False,0.01,1.01,1.01,45.01,1.2087804621062432
False,0.01,1.01,2.01,40.01,0.5355679600792942
True,0.01,0.01,2.01,42.01,1.0464538251081852
False,0.01,0.01,1.01,39.01,0.6590443443369942
False,0.01,0.01,3.01,33.01,1.3135695392072595
False,0.01,1.01,0.01,39.01,0.8882777215456784
False,0.01,0.01,1.01,49.01,0.7229038161794085
False,2.01,0.01,0.01,49.01,0.6502981174902662
True,0.01,1.01,1.01,40.01,1.1024518789562976
False,2.01,1.01,2.01,59.01,1.1867044442729053
True,0.01,1.01,3.01,44.01,1.3650878373257593
False,0.01,2.01,2.01,41.01,1.2057135482156944
False,0.01,1.01,0.01,42.01,1.3194278752255215
True,0.01,0.01,0.01,42.01,0.9756783069198939
False,0.01,0.01,1.01,47.01,0.9462335917628601
True,0.01,0.01,0.01,35.01,0.8735217761978971
False,0.01,0.01,0.01,39.01,0.36024995229688433
False,0.01,0.01,0.01,40.01,0.8469456092466439
True,0.01,0.01,0.01,45.01,1.1187739730693023
False,0.01,1.01,2.01,27.009999999999998,0.9684918162768476
False,0.01,1.01,2.01,47.01,1.1005937364931053
False,0.01,1.01,1.01,32.01,0.9244377130842769
False,0.01,0.01,0.01,41.01,0.7243556969897584
True,0.01,0.01,0.01,42.01,0.8669198915615204
False,0.01,0.01,0.01,45.01,0.8432997688514505
False,1.01,0.01,0.01,40.01,0.8569631941971432
True,0.01,0.01,1.01,44.01,1.6553418630793835
False,0.01,0.01,3.01,39.01,0.8758099957266661
True,0.01,0.01,0.01,29.009999999999998,0.6972585046146492
True,0.01,0.01,0.01,36.01,1.2515334072958595
True,0.01,0.01,1.01,43.01,0.9691892509324165
False,1.01,0.01,0.01,37.01,1.4959350859268206
False,0.01,0.01,0.01,38.01,1.2242285210142951
True,0.01,0.01,1.01,31.009999999999998,1.0501878752659106
False,1.01,0.01,0.01,37.01,1.2272810451736165
True,0.01,0.01,0.01,34.01,0.9256525502814007
False,1.01,0.01,1.01,38.01,0.4609952809952809
False,1.01,1.01,1.01,50.01,1.0317497079130977
False,0.01,0.01,0.01,28.009999999999998,1.1140596046110751
True,0.01,0.01,1.01,44.01,1.0326644491964232
True,0.01,0.01,0.01,51.01,1.122695176920903
False,1.01,2.01,2.01,41.01,1.2906539395174306
True,3.01,1.01,1.01,53.01,0.9946666454549772
False,2.01,2.01,2.01,31.009999999999998,0.8395406148541331
False,3.01,2.01,3.01,55.01,1.0898252452345703
True,0.01,0.01,0.01,38.01,1.1676776084988194
True,0.01,0.01,0.01,38.01,1.224079873305818
False,0.01,0.01,0.01,28.009999999999998,1.1200127278463112
False,0.01,0.01,2.01,31.009999999999998,0.7150889077021482
True,0.01,0.01,0.01,35.01,1.2577916010716113
False,1.01,0.01,0.01,37.01,0.8172756057140069
False,0.01,0.01,2.01,45.01,1.0841382084825888
False,1.01,0.01,0.01,38.01,0.9278277670602408
False,0.01,0.01,1.01,37.01,1.4943954130740171
False,0.01,0.01,2.01,34.01,0.9666617331235182
False,0.01,0.01,0.01,41.01,0.9383914300280494
True,0.01,0.01,2.01,39.01,0.9497329639207559
False,1.01,0.01,1.01,39.01,0.933599770395682
True,0.01,0.01,1.01,41.01,0.9371561034189924
True,0.01,0.01,2.01,46.01,0.5319777439449157
False,1.01,0.01,1.01,50.01,0.9683907112228202
True,0.01,1.01,0.01,44.01,1.3062003955993176
False,1.01,0.01,0.01,32.01,1.6215806248456552
True,0.01,0.01,0.01,33.01,1.2641043337958093
False,0.01,1.01,0.01,36.01,0.6253256696000999
True,0.01,0.01,1.01,42.01,1.1322608077517156
False,1.01,0.01,0.01,33.01,0.9379684057562091
False,0.01,0.01,0.01,31.009999999999998,1.2604709630258961
False,0.01,0.01,2.01,27.009999999999998,0.627765712592859
False,0.01,0.01,0.01,43.01,1.0875897450920908
True,0.01,0.01,1.01,40.01,0.9962826686793747
True,1.01,0.01,1.01,50.01,1.328994771176503
True,0.01,0.01,0.01,34.01,1.1951562742206046
False,1.01,0.01,0.01,45.01,1.0965139291128667
True,0.01,4.01,0.01,40.01,1.1512652557626626
False,0.01,1.01,1.01,36.01,0.7110087160583298
False,0.01,3.01,0.01,36.01,0.763663886155784
False,5.01,3.01,2.01,36.01,1.568532889623246
False,0.01,0.01,0.01,33.01,1.9635008943420937
True,0.01,0.01,1.01,36.01,1.1245928924328015
False,0.01,0.01,1.01,42.01,1.012991774706432
True,0.01,0.01,0.01,37.01,1.131503349528862
False,1.01,0.01,0.01,42.01,0.7401886243633929
False,0.01,0.01,2.01,41.01,1.2536774545801315
False,0.01,0.01,0.01,45.01,0.7373387068438491
False,1.01,0.01,2.01,37.01,0.5229773697066615
True,0.01,0.01,2.01,44.01,1.1606734864369506
True,0.01,1.01,1.01,37.01,1.0716071929174633
False,0.01,0.01,0.01,41.01,1.0333134920104279
False,0.01,0.01,2.01,57.01,0.557309876040892
False,0.01,0.01,0.01,52.01,0.638208102829801
False,1.01,1.01,2.01,37.01,1.6230617038388706
True,0.01,0.01,3.01,39.01,0.8493882185620025
False,0.01,0.01,0.01,44.01,0.8415785255212739
True,0.01,0.01,0.01,58.01,1.215275649419762
True,0.01,0.01,0.01,37.01,0.750766663517875
True,1.01,1.01,0.01,50.01,1.269146157022523
True,0.01,1.01,0.01,46.01,1.2685141971177003
True,2.01,2.01,1.01,40.01,1.1148518801924374
False,0.01,0.01,2.01,39.01,0.7516011240362721
False,0.01,0.01,2.01,33.01,1.2131038222777364
False,3.01,1.01,1.01,40.01,0.7631128447074198
False,0.01,1.01,2.01,34.01,0.9319109477623411
False,0.01,0.01,1.01,45.01,1.150258664717771
True,0.01,2.01,1.01,50.01,0.526759893681129
False,1.01,0.01,2.01,36.01,0.6655456294455974
True,0.01,0.01,1.01,44.01,1.1671633793423162
True,0.01,1.01,0.01,37.01,0.9454903202232923
False,0.01,0.01,1.01,32.01,0.9299164724160998
False,1.01,1.01,1.01,38.01,1.1119041880311955
False,0.01,1.01,1.01,41.01,1.258649005674875
True,0.01,0.01,0.01,45.01,1.1780087484382529
False,0.01,0.01,0.01,46.01,0.8811368975880989
True,0.01,0.01,1.01,36.01,1.1142167570848944
False,0.01,0.01,1.01,26.009999999999998,0.7187239393714357
True,0.01,0.01,0.01,41.01,0.9417813101594565
False,0.01,0.01,1.01,38.01,0.9830323482634213
False,0.01,0.01,2.01,42.01,0.8631894609698114
True,0.01,0.01,2.01,45.01,1.0246322949047022
False,0.01,0.01,0.01,42.01,0.6332741282524033
True,0.01,1.01,0.01,33.01,0.822526397650085
False,0.01,2.01,1.01,40.01,1.2100602857389082
True,0.01,0.01,0.01,38.01,0.7926087542437606
True,0.01,0.01,0.01,42.01,1.1368619730460576
False,0.01,0.01,0.01,43.01,0.9363696423532155
False,0.01,0.01,0.01,42.01,0.8432197445036657
True,0.01,2.01,0.01,47.01,0.9354840940377349
True,0.01,0.01,0.01,38.01,0.908403757543795
True,0.01,0.01,1.01,48.01,0.6397229031566609
False,0.01,1.01,0.01,38.01,0.6886343105766982
True,0.01,0.01,2.01,43.01,0.8083080339094152
False,0.01,1.01,0.01,44.01,1.4209387674836114
False,0.01,0.01,1.01,47.01,0.6829123246657194
True,0.01,1.01,0.01,49.01,0.9418712472560516
False,0.01,1.01,0.01,41.01,1.1924796236017465
False,0.01,0.01,1.01,47.01,1.2945751132019445
False,1.01,2.01,0.01,36.01,0.6369001888141586
True,1.01,0.01,0.01,40.01,0.4820305205999792
True,0.01,0.01,0.01,41.01,1.1256410718910717
False,3.01,2.01,1.01,42.01,0.7172670266167426
False,1.01,0.01,1.01,43.01,1.007511479397181
False,0.01,3.01,1.01,25.009999999999998,1.0050352214966831
False,0.01,0.01,2.01,48.01,1.1101505626958603
False,2.01,1.01,2.01,42.01,1.121338564536239
True,0.01,0.01,2.01,35.01,0.6781572425270422
False,0.01,0.01,0.01,35.01,0.7606815580308712
False,0.01,0.01,0.01,52.01,0.7917904132248994
True,2.01,0.01,0.01,34.01,0.8891549922558907
True,0.01,0.01,2.01,45.01,0.8596111891722819
False,0.01,0.01,1.01,38.01,0.8068027008380667
False,0.01,0.01,0.01,34.01,0.8600560889400248
False,2.01,0.01,0.01,34.01,1.0969272110019612
False,1.01,0.01,1.01,35.01,1.0357076915745647
False,0.01,0.01,0.01,36.01,1.0797365585155088
False,0.01,0.01,1.01,33.01,1.2372099881408245
False,0.01,0.01,0.01,34.01,1.6338296603936073
True,1.01,1.01,0.01,38.01,0.8235539171779864
False,1.01,0.01,2.01,25.009999999999998,1.1094620804538722
True,1.01,0.01,0.01,29.009999999999998,1.264556885758603
False,0.01,0.01,0.01,36.01,0.8176710924572852
True,1.01,1.01,0.01,30.009999999999998,1.1752552880497773
True,0.01,1.01,0.01,39.01,0.9344453091538922
False,0.01,2.01,1.01,33.01,1.1020379603974595
False,0.01,1.01,0.01,35.01,1.3396904221036368
True,0.01,2.01,3.01,36.01,0.8073488466994851
False,2.01,0.01,3.01,36.01,1.015389663164512
False,0.01,1.01,4.01,35.01,1.0175245051907456
True,1.01,0.01,1.01,33.01,1.2305743864659946
False,1.01,0.01,1.01,36.01,0.6773606789531087
False,1.01,0.01,2.01,40.01,0.5621359109813784
False,1.01,1.01,1.01,35.01,1.3188166886405426
False,1.01,1.01,4.01,36.01,0.8630194621313213
True,1.01,1.01,1.01,45.01,1.1989556161106225
False,1.01,0.01,3.01,40.01,1.0387489905629204
True,1.01,0.01,0.01,37.01,0.9067055765797001
False,0.01,2.01,0.01,46.01,1.3362509568446796
True,2.01,0.01,1.01,28.009999999999998,1.0775985543464854
False,0.01,0.01,1.01,49.01,0.8429447349877072
False,1.01,0.01,1.01,37.01,1.2387030094548734
True,0.01,0.01,0.01,42.01,0.8964723303468729
True,0.01,0.01,0.01,41.01,0.5622119041503676
False,0.01,0.01,0.01,50.01,0.9268498992533126
True,0.01,0.01,0.01,43.01,1.1766187370150258
True,1.01,0.01,0.01,36.01,0.7052157788711996
False,0.01,0.01,0.01,51.01,1.3646419270004215
True,0.01,0.01,0.01,48.01,0.8345125003528877
False,0.01,0.01,0.01,34.01,0.5335354682471192
True,0.01,1.01,0.01,39.01,0.832564601808102
False,0.01,0.01,1.01,44.01,1.0035953597539482
True,2.01,0.01,2.01,50.01,1.1072255984070292
True,0.01,0.01,0.01,42.01,1.1213282298404326
False,0.01,0.01,0.01,39.01,0.877854000888899
False,0.01,0.01,0.01,52.01,0.8648872180451128
True,0.01,1.01,0.01,31.009999999999998,1.165065207751605
False,0.01,1.01,0.01,40.01,0.7720272969491025
False,1.01,2.01,1.01,33.01,1.0007126322723783
False,2.01,0.01,0.01,38.01,1.2013155877443518
True,1.01,0.01,1.01,36.01,0.789535195382591
True,1.01,2.01,1.01,38.01,1.2062854287267268
False,0.01,1.01,3.01,22.009999999999998,0.9878315705554302
False,0.01,1.01,1.01,36.01,0.6380255669371423
False,2.01,0.01,1.01,37.01,1.2152093999484552
True,1.01,1.01,0.01,40.01,1.1955666091338288
False,0.01,1.01,1.01,33.01,0.9665980510717354
False,2.01,2.01,2.01,47.01,0.538607254943911
False,2.01,0.01,1.01,37.01,1.1160815726992197
True,2.01,0.01,1.01,39.01,1.0702971261656615
False,1.01,2.01,5.01,32.01,0.6313858323775433
False,0.01,2.01,5.01,33.01,0.8949358191424136
False,3.01,0.01,1.01,38.01,1.7318249303987843
False,0.01,0.01,0.01,56.01,0.992325587268138
True,0.01,0.01,1.01,41.01,0.9023918244963727
False,0.01,0.01,1.01,32.01,1.2147909582106113
True,0.01,0.01,1.01,47.01,0.7301001864680522
False,1.01,1.01,1.01,40.01,0.7192208611696017
False,0.01,1.01,0.01,30.009999999999998,0.7693440898001802
False,0.01,0.01,2.01,34.01,0.7970004810717566
False,1.01,1.01,1.01,40.01,0.9042991527904205
False,0.01,0.01,0.01,39.01,0.7071476977268728
True,0.01,1.01,2.01,39.01,1.1069588012870615
False,1.01,0.01,1.01,38.01,1.0853523195847934
False,1.01,1.01,0.01,38.01,1.0379950992562355
True,0.01,0.01,0.01,38.01,1.4025315697357774
False,0.01,0.01,2.01,39.01,0.9905277530866273
True,0.01,0.01,0.01,47.01,0.9083751477204728
False,0.01,0.01,1.01,41.01,0.7038854260308457
False,2.01,0.01,0.01,34.01,1.1832526225441424
False,0.01,1.01,3.01,38.01,1.3082225117822446
True,1.01,0.01,1.01,35.01,1.1570148269881677
False,0.01,0.01,1.01,50.01,0.8176606589142567
True,0.01,1.01,0.01,44.01,0.7534535271151155
False,1.01,0.01,0.01,40.01,1.0367059851276643
True,0.01,1.01,1.01,44.01,0.9943909099035554
True,3.01,1.01,0.01,29.009999999999998,0.9823735079151149
False,0.01,1.01,7.01,34.01,1.1408387639935322
False,0.01,2.01,3.01,34.01,0.7046006275291757
True,1.01,1.01,1.01,38.01,0.7955389535192366
False,2.01,3.01,0.01,48.01,1.0643795047322695
False,0.01,1.01,1.01,44.01,0.9399219648234866
False,1.01,3.01,1.01,27.009999999999998,1.2528971384405911
True,1.01,1.01,4.01,30.009999999999998,0.8818905083609961
False,0.01,2.01,0.01,33.01,0.6600163695469614
False,2.01,1.01,3.01,26.009999999999998,1.1421776639963614
True,0.01,1.01,1.01,41.01,1.3045033722636372
False,0.01,0.01,0.01,33.01,1.1353845825650783
False,0.01,0.01,0.01,41.01,0.6391280665498723
True,0.01,0.01,1.01,52.01,0.7062438364362129
False,0.01,1.01,1.01,34.01,1.553202566551197
False,0.01,0.01,1.01,50.01,0.7060531488867321
True,1.01,2.01,0.01,34.01,0.44063434133792023
True,0.01,0.01,1.01,35.01,1.3074433068972084
False,0.01,1.01,1.01,33.01,1.157497764423155
False,2.01,0.01,0.01,29.009999999999998,0.8470275451306706
False,0.01,0.01,1.01,34.01,0.6698457680946858
False,0.01,0.01,0.01,34.01,1.2288704227409895
False,1.01,0.01,0.01,42.01,1.0092288074329936
True,0.01,1.01,1.01,40.01,1.157110027865606
False,1.01,0.01,2.01,26.009999999999998,0.8471139255742678
True,1.01,1.01,2.01,39.01,1.3355730975329845
True,0.01,1.01,0.01,44.01,1.5352625146740864
False,2.01,3.01,2.01,44.01,0.9588265802700477
False,1.01,0.01,0.01,43.01,1.1013579144471646
False,3.01,1.01,0.01,39.01,1.1864908479116794
True,1.01,0.01,1.01,53.01,1.3142109564709936
True,0.01,1.01,1.01,29.009999999999998,0.7323285313300261
True,0.01,1.01,0.01,43.01,0.8486025516791318
False,0.01,0.01,0.01,41.01,0.7922673371002945
False,1.01,0.01,1.01,36.01,0.6377472298123253
False,2.01,2.01,0.01,34.01,0.7855478582216994
True,2.01,1.01,2.01,33.01,0.8699963212213156
False,1.01,1.01,0.01,33.01,0.46415907559504566
False,1.01,1.01,1.01,45.01,1.485380691764292
False,1.01,1.01,5.01,44.01,0.9752156998073513
True,1.01,2.01,1.01,36.01,1.1595854520506226
False,2.01,2.01,0.01,38.01,1.0309658466727498
False,4.01,4.01,1.01,43.01,1.195122288423447
False,0.01,0.01,0.01,43.01,1.068883704242224
False,0.01,0.01,1.01,47.01,1.3593705887987673
False,1.01,0.01,0.01,40.01,0.5869998117824204
True,0.01,0.01,1.01,35.01,1.2214970405411583
True,0.01,0.01,1.01,29.009999999999998,0.9658673397731175
True,1.01,0.01,0.01,30.009999999999998,1.1713121383638119
True,0.01,1.01,1.01,41.01,1.2879976204243018
False,1.01,0.01,1.01,38.01,0.9669537540853413
True,1.01,1.01,0.01,30.009999999999998,0.7558466238311485
False,2.01,0.01,1.01,43.01,0.8204861057538606
True,0.01,2.01,1.01,38.01,1.7974601053672623
False,0.01,0.01,0.01,43.01,1.6402275019041102
True,0.01,0.01,0.01,26.009999999999998,0.8126250760599975
False,1.01,0.01,1.01,39.01,0.6107351015098741
False,0.01,1.01,2.01,39.01,1.687892257969489
True,2.01,1.01,3.01,45.01,0.799367096733078
False,1.01,1.01,1.01,44.01,0.5720687602411618
False,1.01,1.01,1.01,36.01,1.2396955765371478
False,0.01,0.01,0.01,41.01,1.3256063218412468
False,1.01,0.01,1.01,42.01,1.1171989380056067
False,0.01,1.01,0.01,41.01,0.7866747028752619
False,0.01,1.01,1.01,27.009999999999998,1.014096027245568
False,0.01,1.01,2.01,42.01,1.0265892236284004
True,0.01,1.01,0.01,41.01,0.5785989874093238
False,2.01,2.01,1.01,33.01,0.8329467114637207
False,2.01,1.01,0.01,28.009999999999998,0.6416765675859245
True,1.01,1.01,0.01,29.009999999999998,0.8935359410340826
True,1.01,0.01,3.01,34.01,1.051987362755829
False,1.01,2.01,2.01,44.01,0.9357827074300418
False,2.01,1.01,0.01,49.01,0.9395875128611699
True,1.01,1.01,3.01,26.009999999999998,1.121070154006999
True,0.01,3.01,1.01,42.01,1.4438703566695184
False,2.01,4.01,2.01,41.01,1.2194623268060762
True,0.01,0.01,1.01,37.01,0.6655888623525049
False,0.01,0.01,1.01,36.01,1.22476760329147
False,0.01,0.01,1.01,42.01,1.2294648610734327
False,0.01,0.01,0.01,35.01,0.9665791586252792
False,0.01,1.01,1.01,56.01,1.1256597823386347
False,1.01,0.01,0.01,45.01,1.2542550615261907
False,0.01,0.01,1.01,51.01,0.8603637916651743
True,0.01,0.01,1.01,51.01,0.7495217772141853
True,0.01,0.01,1.01,49.01,0.9705853450017101
False,0.01,0.01,1.01,28.009999999999998,1.124173478383816
True,0.01,0.01,0.01,42.01,1.2829584048502318
True,0.01,0.01,0.01,36.01,0.9968850982201756
False,0.01,1.01,0.01,37.01,1.0723153442783526
False,0.01,0.01,0.01,55.01,0.9870343212013956
False,0.01,0.01,0.01,46.01,0.9529054375181849
False,0.01,0.01,0.01,40.01,0.9907614561951914
True,0.01,1.01,0.01,34.01,0.6833051324742011
True,0.01,0.01,1.01,45.01,1.416349583405617
False,1.01,1.01,0.01,50.01,0.6806316596475194
False,1.01,0.01,0.01,41.01,0.5869919414119457
False,0.01,1.01,0.01,38.01,1.6099108111909302
True,2.01,0.01,1.01,44.01,1.2802800531192855
False,1.01,1.01,0.01,38.01,1.032781298968743
True,2.01,1.01,1.01,40.01,0.8621978674919851
False,1.01,2.01,0.01,30.009999999999998,0.9664492342455354
False,0.01,0.01,0.01,29.009999999999998,0.8044442322383499
True,3.01,2.01,3.01,46.01,0.9490574148686405
True,4.01,0.01,3.01,48.01,1.1790498334807797
True,2.01,3.01,0.01,34.01,1.4019972856451983
True,2.01,5.01,3.01,56.01,1.3965580612949033
False,2.01,1.01,1.01,40.01,0.757411936413148
False,3.01,5.01,0.01,42.01,1.4049938562416906
True,3.01,1.01,3.01,34.01,0.8219149272612271
False,0.01,0.01,0.01,35.01,1.1800903244411354
True,0.01,0.01,1.01,47.01,0.783334352164564
False,0.01,0.01,0.01,42.01,0.7947865325903957
False,0.01,0.01,0.01,38.01,0.9734381361645466
True,0.01,1.01,2.01,37.01,1.017692331670194
True,0.01,0.01,1.01,41.01,0.6081928558563114
False,0.01,0.01,0.01,44.01,0.475728144480117
False,0.01,0.01,0.01,36.01,0.9005266446691764
True,0.01,0.01,0.01,35.01,1.0678162103352276
False,0.01,0.01,2.01,43.01,0.9445342560440291
True,0.01,0.01,0.01,51.01,0.7402394615236215
False,0.01,0.01,0.01,46.01,0.9809447405274894
False,0.01,0.01,1.01,53.01,0.9617480160790735
False,0.01,1.01,1.01,45.01,0.6433638880851925
False,0.01,0.01,1.01,58.01,0.4316172911375583
True,0.01,0.01,1.01,35.01,1.1540641048578266
True,0.01,0.01,0.01,39.01,1.314026837661621
False,0.01,0.01,1.01,38.01,0.9220559286884357
True,0.01,1.01,0.01,38.01,0.9588625399507871
True,2.01,0.01,2.01,37.01,1.747675788137478
False,0.01,0.01,1.01,40.01,0.6764838223954633
False,0.01,1.01,0.01,31.009999999999998,1.3834764816092835
False,1.01,0.01,3.01,27.009999999999998,1.0640464339008697
False,1.01,0.01,1.01,38.01,1.0493046298751705
True,0.01,0.01,1.01,42.01,0.45796158179445823
False,1.01,1.01,1.01,42.01,1.0703333192129856
False,0.01,1.01,0.01,44.01,1.1295548010633665
False,1.01,0.01,2.01,35.01,0.834171847353252
True,1.01,1.01,1.01,37.01,1.4447556218004811
False,0.01,0.01,1.01,34.01,0.49321722509643734
False,0.01,0.01,2.01,39.01,0.4517884892884893
False,0.01,1.01,1.01,26.009999999999998,0.9779807989851609
False,2.01,1.01,2.01,40.01,0.7587738499787782
True,0.01,0.01,2.01,45.01,1.0673767584883735
False,0.01,0.01,0.01,32.01,1.2310381210520038
True,0.01,0.01,0.01,48.01,0.88691399387186
False,0.01,0.01,0.01,45.01,0.9015433756220105
True,1.01,0.01,0.01,44.01,0.8439828962193605
True,0.01,0.01,1.01,51.01,0.807339986455589
False,0.01,0.01,0.01,46.01,1.270450816463131
False,0.01,0.01,0.01,56.01,0.743042267664783
False,0.01,0.01,1.01,49.01,0.6002285394601554
False,1.01,0.01,2.01,40.01,0.8442904328589389
True,0.01,0.01,1.01,51.01,0.45626600919925697
False,0.01,0.01,0.01,48.01,0.5850101266208274
False,0.01,0.01,0.01,51.01,1.1477750419230794
True,0.01,0.01,0.01,41.01,0.46635238378467214
False,1.01,0.01,1.01,37.01,0.9062549165005973
True,0.01,0.01,0.01,42.01,0.6959803731127259
True,1.01,0.01,2.01,31.009999999999998,0.870408277931595
False,1.01,0.01,0.01,41.01,1.249013721286835
True,0.01,0.01,1.01,38.01,1.317176112138986
False,0.01,0.01,1.01,39.01,0.9502344351861035
False,1.01,0.01,1.01,43.01,0.7526855864732253
False,0.01,0.01,0.01,40.01,1.0998491705887434
False,1.01,1.01,0.01,38.01,1.1155219599900454
False,0.01,2.01,0.01,42.01,0.6996834369982573
True,1.01,0.01,1.01,41.01,1.0281356571752407
False,0.01,0.01,0.01,39.01,0.8470747755828401
True,0.01,0.01,0.01,39.01,0.8738094520326748
False,1.01,0.01,4.01,40.01,1.9027009835866278
False,0.01,1.01,1.01,45.01,0.89960023812965
True,0.01,1.01,3.01,42.01,1.0403341240802542
False,2.01,2.01,1.01,35.01,1.2180732561156886
False,0.01,2.01,6.01,48.01,0.881078666368914
False,1.01,3.01,0.01,33.01,1.51255742973245
False,0.01,0.01,1.01,31.009999999999998,1.1785268084979434
True,0.01,0.01,3.01,55.01,0.626085139072005
False,0.01,0.01,1.01,41.01,0.8161646590992766
True,0.01,2.01,0.01,39.01,0.9939826183335536
True,0.01,0.01,0.01,45.01,1.0060309485045815
False,0.01,0.01,1.01,38.01,1.3782354180074725
True,0.01,0.01,2.01,39.01,1.2152143056379336
False,0.01,0.01,0.01,34.01,0.8468013717205848
False,0.01,1.01,1.01,45.01,1.0512916973695583
False,0.01,0.01,1.01,36.01,1.0588022934930317
False,0.01,1.01,1.01,53.01,0.8807615426981805
False,0.01,0.01,1.01,34.01,0.86510149557477
True,0.01,0.01,1.01,36.01,0.8998343600636223
True,0.01,0.01,0.01,30.009999999999998,0.9231765622864694
False,0.01,0.01,1.01,40.01,1.103341147285113
False,0.01,0.01,0.01,38.01,0.8154668105608209
False,0.01,0.01,1.01,33.01,0.775343742592792
True,0.01,0.01,3.01,39.01,1.073637194708419
False,0.01,0.01,0.01,31.009999999999998,0.5358821451871867
False,1.01,0.01,0.01,35.01,1.3086480419651065
True,1.01,0.01,0.01,42.01,1.5957753270096788
True,2.01,1.01,2.01,47.01,1.2119511076329703
False,0.01,0.01,0.01,27.009999999999998,0.8918562616029092
False,1.01,1.01,1.01,39.01,1.0350067218582963
False,0.01,1.01,1.01,52.01,0.5489053909068702
False,0.01,1.01,0.01,44.01,1.1737238481584578
False,1.01,1.01,1.01,32.01,1.3673395342133647
True,0.01,1.01,1.01,28.009999999999998,0.9550349001781643
False,0.01,1.01,0.01,33.01,0.8856604250922948
True,1.01,1.01,2.01,34.01,1.5328289993817945
True,2.01,3.01,2.01,47.01,0.9386972480450487
True,2.01,3.01,1.01,42.01,0.8044740323571193
True,0.01,3.01,2.01,46.01,1.3515297057790803
False,2.01,0.01,1.01,45.01,0.7809855325816117
False,1.01,0.01,0.01,49.01,0.9984671095731257
True,0.01,0.01,1.01,43.01,0.650653274696153
True,0.01,0.01,0.01,42.01,1.178430604678439
False,2.01,1.01,0.01,48.01,1.4709717038849954
False,0.01,0.01,2.01,40.01,0.4914029982487282
False,3.01,0.01,0.01,33.01,1.290462471818041
False,0.01,0.01,0.01,45.01,1.1008235062412943
False,0.01,0.01,0.01,42.01,1.0485002932950167
False,0.01,2.01,1.01,48.01,0.8175880088202712
False,0.01,0.01,2.01,54.01,0.5888825026326269
False,1.01,1.01,0.01,45.01,1.0283091000342146
False,0.01,3.01,0.01,38.01,0.47860826018967767
True,2.01,0.01,0.01,45.01,0.529644770146915
True,0.01,1.01,0.01,42.01,0.8056503579765253
False,0.01,0.01,0.01,47.01,0.8114865530789765
True,1.01,1.01,0.01,41.01,1.339517148418507
True,0.01,1.01,1.01,45.01,1.392584981396314
False,1.01,1.01,0.01,40.01,1.3256425680527486
True,1.01,2.01,2.01,52.01,1.593958995489047
True,1.01,0.01,3.01,35.01,0.9711936609149607
False,1.01,0.01,0.01,41.01,0.6945771702986746
True,1.01,6.01,0.01,28.009999999999998,0.9485132298590158
False,0.01,1.01,1.01,39.01,1.2795513571761303
False,1.01,1.01,1.01,45.01,1.2345237503171145
True,1.01,3.01,1.01,43.01,0.8357412106065276
True,4.01,0.01,1.01,33.01,1.4157337953996691
True,4.01,4.01,1.01,38.01,0.9134655611509832
False,2.01,4.01,1.01,43.01,0.9950208459328863
True,3.01,2.01,1.01,43.01,0.7364571724464439
False,2.01,1.01,2.01,40.01,1.299690471487217
False,2.01,2.01,0.01,42.01,1.5227028436120975
True,3.01,2.01,1.01,52.01,1.6245627649301044
False,0.01,0.01,1.01,44.01,1.260810586950571
True,3.01,1.01,1.01,45.01,1.0328833146400729
False,0.01,0.01,0.01,35.01,1.3484940630269024
False,0.01,0.01,0.01,39.01,1.039622026577708
True,0.01,0.01,1.01,42.01,1.191186531930261
True,0.01,0.01,0.01,45.01,0.8250459612584214
False,1.01,0.01,0.01,38.01,1.666113645425669
True,0.01,0.01,0.01,32.01,0.9956693330639521
True,0.01,0.01,0.01,42.01,0.5665050290617684
False,0.01,0.01,0.01,43.01,0.44632310271029785
False,0.01,0.01,0.01,42.01,0.7413733482405448
False,0.01,1.01,1.01,33.01,1.031907282782805
True,0.01,2.01,0.01,35.01,0.6692586179534838
False,0.01,0.01,2.01,50.01,0.6995616564038137
False,2.01,0.01,2.01,44.01,0.7085672117492603
True,0.01,0.01,1.01,39.01,0.7253836119986172
True,0.01,2.01,0.01,48.01,0.41290297267830667
False,1.01,0.01,1.01,46.01,1.2830104192022014
False,1.01,0.01,0.01,44.01,0.7949720462511015
False,2.01,0.01,1.01,45.01,0.7664791831964508
True,1.01,0.01,0.01,41.01,0.8322341774700772
False,1.01,1.01,0.01,42.01,1.067937719122846
True,1.01,0.01,1.01,48.01,1.277910227314252
False,0.01,1.01,0.01,27.009999999999998,1.3000517941956347
False,0.01,0.01,1.01,35.01,1.239528946799231
False,0.01,0.01,0.01,42.01,0.940792705792706
False,1.01,2.01,0.01,37.01,0.6104520416449508
False,3.01,2.01,4.01,47.01,0.8430113314466962
True,1.01,1.01,2.01,42.01,0.8204140006433699
True,2.01,2.01,3.01,46.01,1.4865503334378436
False,3.01,1.01,1.01,35.01,1.3860424176435837
True,4.01,1.01,3.01,55.01,1.26629408717644
True,3.01,4.01,2.01,32.01,0.9288715902729484
False,0.01,0.01,1.01,38.01,1.2911086573252386
True,0.01,1.01,0.01,42.01,1.1835070927595845
False,0.01,0.01,0.01,36.01,1.316844961801648
False,0.01,0.01,1.01,49.01,1.0992874148747327
False,0.01,1.01,2.01,40.01,1.2365678931419628
False,0.01,0.01,0.01,48.01,0.5556535287357035
False,0.01,1.01,1.01,43.01,0.8792269647328672
False,1.01,0.01,0.01,45.01,0.8323766131675245
False,0.01,0.01,2.01,41.01,0.57299845139935
True,0.01,0.01,2.01,38.01,1.0324737035871836
False,0.01,0.01,0.01,41.01,1.4083709236987636
False,0.01,0.01,0.01,53.01,0.5712098662028697
True,0.01,0.01,1.01,46.01,1.2684003309914331
True,2.01,0.01,0.01,40.01,1.15013355724656
False,0.01,1.01,0.01,39.01,1.7401708476535518
True,0.01,1.01,1.01,41.01,1.22198207287526
True,0.01,0.01,2.01,40.01,0.9485003346427541
True,0.01,0.01,0.01,40.01,1.5680980648073595
True,1.01,1.01,0.01,52.01,1.1855393222649904
True,2.01,2.01,0.01,45.01,1.069690592127194
False,1.01,0.01,0.01,35.01,1.115544065616127
True,0.01,4.01,1.01,42.01,1.4594717523810514
True,1.01,2.01,2.01,54.01,0.9999449751645247
True,1.01,0.01,2.01,52.01,0.9835663051401276
False,2.01,0.01,2.01,40.01,1.2215544176378201
False,1.01,0.01,1.01,34.01,1.081715446992764
False,0.01,1.01,2.01,40.01,1.0975018842159603
True,1.01,4.01,1.01,36.01,1.242275602788805
True,1.01,1.01,0.01,33.01,1.5016455783706928
False,2.01,2.01,0.01,40.01,0.8954769509218191
False,1.01,2.01,3.01,39.01,0.8918756543021249
False,3.01,1.01,4.01,40.01,1.1383296678232666
False,3.01,3.01,1.01,41.01,1.4424385195231808
True,0.01,0.01,1.01,37.01,0.8132814763320919
True,1.01,1.01,2.01,25.009999999999998,0.7667105835034824
False,0.01,0.01,1.01,41.01,1.0321966231646815
False,1.01,0.01,1.01,46.01,1.1817910173729225
False,0.01,0.01,0.01,39.01,0.9388239326280229
False,0.01,0.01,2.01,43.01,1.098071917906481
True,2.01,1.01,0.01,42.01,0.8844850585154368
False,1.01,0.01,0.01,31.009999999999998,1.2256981256009678
True,0.01,2.01,0.01,34.01,1.3392611782047326
True,0.01,0.01,2.01,40.01,0.911895768839259
False,0.01,0.01,1.01,34.01,1.5415858791862043
False,1.01,0.01,0.01,26.009999999999998,0.842271952276588
True,1.01,1.01,0.01,25.009999999999998,1.1130144828301047
False,0.01,1.01,1.01,49.01,1.1385317660396543
False,0.01,0.01,0.01,28.009999999999998,0.8898064864412909
True,1.01,3.01,0.01,31.009999999999998,0.9207859702029877
False,4.01,1.01,1.01,33.01,1.2800778355149105
True,0.01,1.01,2.01,44.01,1.0992757096926655
False,2.01,2.01,1.01,34.01,1.0239893145148375
False,0.01,1.01,3.01,41.01,1.2386896690405258
True,1.01,1.01,0.01,39.01,0.973464817380512
False,1.01,1.01,1.01,33.01,1.224714400477403
False,2.01,1.01,1.01,43.01,1.0971016911503437
True,4.01,6.01,0.01,46.01,1.1510583568478303
False,6.01,2.01,3.01,32.01,0.746299731882787
False,2.01,2.01,0.01,41.01,1.2818329982462489
False,1.01,1.01,4.01,39.01,1.0837651786417049
True,0.01,3.01,3.01,50.01,0.774711018004523
True,2.01,9.01,0.01,42.01,1.2347348980378898
False,4.01,1.01,5.01,37.01,1.5374630934773594
True,6.01,3.01,4.01,42.01,1.6253467131915789
True,4.01,5.01,0.01,32.01,1.2663653925877776
False,7.01,4.01,3.01,29.009999999999998,1.3575453055846618
False,0.01,0.01,0.01,54.01,1.1084521716768363
False,0.01,1.01,1.01,44.01,0.8593086774986117
True,0.01,0.01,0.01,38.01,0.9395264232335171
False,0.01,0.01,0.01,33.01,1.124182090039419
False,1.01,2.01,0.01,43.01,0.7954589849628135
False,1.01,0.01,0.01,36.01,0.6104332259981974
True,1.01,0.01,1.01,48.01,1.0645794526402104
False,0.01,1.01,1.01,41.01,1.0396999697852038
False,1.01,1.01,1.01,36.01,1.0786947808092069
True,0.01,3.01,0.01,32.01,0.8303864267722637
False,1.01,1.01,0.01,42.01,0.9146940156116654
True,0.01,1.01,0.01,39.01,0.7757744685545739
False,1.01,0.01,0.01,42.01,1.0658009536594735
False,1.01,0.01,0.01,45.01,0.7480608132380144
True,0.01,0.01,1.01,40.01,0.8759212834114831
True,4.01,2.01,1.01,44.01,1.2096276059033217
False,1.01,3.01,0.01,38.01,0.6841930687463122
False,2.01,2.01,0.01,35.01,0.41923817475485314
False,0.01,1.01,0.01,43.01,1.0164134956805384
False,0.01,1.01,3.01,42.01,0.8206232133072565
False,1.01,1.01,0.01,46.01,0.604839939679182
True,0.01,4.01,1.01,42.01,0.9913913587111736
True,2.01,0.01,0.01,46.01,0.9583963507156175
False,2.01,2.01,0.01,40.01,0.8901176245411297
False,1.01,1.01,0.01,38.01,0.6806602148670843
True,3.01,2.01,1.01,45.01,0.8496115349944935
True,3.01,0.01,0.01,36.01,1.0374603200515151
True,2.01,3.01,0.01,41.01,0.8625070975513496
False,0.01,2.01,1.01,42.01,1.1113404229444392
False,6.01,2.01,1.01,37.01,0.4071953665993914
True,6.01,6.01,3.01,51.01,1.6614797306099856
False,6.01,7.01,3.01,54.01,0.90355256392279
True,0.01,0.01,2.01,33.01,0.724694522320502
True,1.01,0.01,0.01,50.01,0.6450392556535193
False,1.01,0.01,0.01,32.01,1.3271022710838203
True,0.01,2.01,1.01,39.01,1.2512207748981967
True,1.01,0.01,2.01,38.01,1.0388807649780174
True,2.01,0.01,1.01,35.01,1.4430850404849065
False,0.01,2.01,0.01,44.01,1.1110963573627641
False,1.01,1.01,0.01,31.009999999999998,0.5871366195279237
False,0.01,3.01,1.01,43.01,1.0911241930807731
False,2.01,0.01,0.01,46.01,0.9596810460946089
True,0.01,2.01,0.01,44.01,0.9496781160635389
False,3.01,1.01,0.01,40.01,0.6957775933052308
False,2.01,0.01,0.01,43.01,0.7719961010759464
False,3.01,0.01,1.01,41.01,0.8028398017149099
False,0.01,2.01,0.01,34.01,0.7141257150476691
False,1.01,1.01,2.01,30.009999999999998,1.6945484370591142
False,0.01,1.01,2.01,42.01,1.095964704250992
False,0.01,3.01,0.01,34.01,1.5980946288867524
False,0.01,3.01,1.01,44.01,0.6798007609796336
False,4.01,0.01,0.01,37.01,0.7484990209917015
True,1.01,0.01,2.01,38.01,1.2910309903063426
False,4.01,0.01,0.01,38.01,0.9158328942536105
True,1.01,0.01,1.01,35.01,1.4939058790975854
True,7.01,5.01,1.01,33.01,1.932982336885668
True,3.01,3.01,2.01,57.01,0.532226359587883
True,2.01,6.01,1.01,37.01,1.694642255063625
False,3.01,2.01,2.01,37.01,1.4790457932432537
True,5.01,5.01,2.01,40.01,1.3291426429649909
True,7.01,7.01,5.01,40.01,0.7747813534348545
True,6.01,9.01,5.01,48.01,1.179165750554544
True,1.01,7.01,3.01,44.01,1.1133503547958672
False,5.01,8.01,3.01,38.01,1.389130837187411
False,1.01,0.01,0.01,34.01,0.8295616078258633
False,0.01,0.01,0.01,37.01,1.078984343152275
False,0.01,0.01,0.01,34.01,0.6222473840860758
True,0.01,0.01,0.01,32.01,0.8332420914763223
False,0.01,0.01,0.01,36.01,1.1186418658999304
False,0.01,0.01,0.01,43.01,0.6161408920297566
False,0.01,0.01,0.01,41.01,0.945419087672897
True,0.01,0.01,0.01,41.01,1.2000562637063896
True,0.01,0.01,1.01,30.009999999999998,1.4551508857756472
True,0.01,0.01,1.01,36.01,0.4512901591084434
True,0.01,3.01,1.01,38.01,1.2602847283371332
False,0.01,1.01,0.01,34.01,0.8381474945049859
True,0.01,0.01,0.01,36.01,0.8106848837597638
False,0.01,0.01,1.01,39.01,1.209070802721078
True,0.01,0.01,0.01,41.01,0.7150243466198177
True,0.01,0.01,1.01,43.01,0.7050982914821974
False,0.01,0.01,0.01,34.01,0.9059855964018946
False,0.01,0.01,1.01,51.01,0.9918576067450411
True,0.01,0.01,0.01,37.01,1.1573496485347967
False,0.01,0.01,1.01,35.01,1.0594737506523548
False,0.01,0.01,0.01,40.01,1.0729924704432834
False,0.01,0.01,2.01,36.01,0.9783423226215424
False,1.01,1.01,3.01,34.01,1.0051528962316167
False,0.01,0.01,1.01,45.01,0.6373570102498122
False,0.01,2.01,0.01,31.009999999999998,0.7862509008256885
True,0.01,1.01,2.01,37.01,0.6077487242277803
False,0.01,0.01,0.01,37.01,0.97528540441928
False,0.01,1.01,0.01,30.009999999999998,0.728958076523866
False,0.01,1.01,1.01,44.01,1.3956073339724968
False,0.01,0.01,0.01,36.01,0.9103157904385333
True,1.01,2.01,5.01,43.01,0.9221068964369892
True,2.01,1.01,4.01,29.009999999999998,0.9916472485203136
False,1.01,0.01,2.01,45.01,0.8534245661168975
False,0.01,0.01,2.01,37.01,1.4338500975868873
False,0.01,0.01,1.01,36.01,1.475441054904063
True,1.01,0.01,0.01,38.01,1.0562173753361042
False,0.01,0.01,1.01,47.01,1.473518534227288
False,0.01,0.01,2.01,56.01,1.2062166523697624
False,0.01,0.01,0.01,54.01,1.2371142276033327
False,0.01,0.01,0.01,33.01,0.851590779720079
False,0.01,0.01,0.01,29.009999999999998,1.016631710512703
False,0.01,0.01,0.01,39.01,1.1537054494098888
False,0.01,0.01,0.01,42.01,0.8608428543326972
False,0.01,0.01,2.01,26.009999999999998,0.9142955748140923
True,1.01,0.01,0.01,33.01,0.8592316411518484
False,0.01,1.01,1.01,36.01,1.2838674884461458
True,0.01,1.01,0.01,53.01,1.2701798174293213
False,1.01,0.01,0.01,39.01,0.447683314511119
True,1.01,0.01,0.01,40.01,0.7272306686481572
False,0.01,1.01,1.01,36.01,1.0898300265299536
False,0.01,0.01,0.01,41.01,0.9134741753075567
False,1.01,0.01,0.01,28.009999999999998,1.1709469077574852
True,0.01,0.01,1.01,41.01,1.084681944789389
True,0.01,0.01,1.01,29.009999999999998,0.6286733616007624
True,2.01,0.01,3.01,47.01,0.8731050665139756
False,1.01,0.01,1.01,41.01,0.7492823854017406
True,1.01,0.01,1.01,51.01,0.9867237570507695
True,0.01,1.01,3.01,35.01,1.531792354443831
False,2.01,1.01,0.01,39.01,0.9681499613368175
True,2.01,1.01,2.01,38.01,1.1985632750435553
True,0.01,0.01,2.01,34.01,1.0622439537805761
True,1.01,0.01,2.01,43.01,1.002652064244494
False,0.01,1.01,0.01,40.01,1.1073300653421245
False,0.01,1.01,2.01,36.01,0.9616670741718816
True,1.01,1.01,2.01,51.01,1.4008145710587157
False,0.01,0.01,5.01,44.01,0.8683440300373177
True,0.01,0.01,0.01,50.01,0.9552262607118643
True,0.01,0.01,0.01,43.01,1.2681931286957446
False,0.01,0.01,1.01,45.01,0.7472196774989128
False,0.01,0.01,0.01,37.01,0.7806872963008006
True,0.01,1.01,0.01,36.01,1.0572551962581336
True,0.01,1.01,0.01,41.01,1.3165717709125846
False,1.01,0.01,0.01,36.01,0.5470881284970822
True,0.01,0.01,1.01,36.01,1.0303201779169926
True,0.01,1.01,1.01,30.009999999999998,0.6968995604617835
True,1.01,2.01,0.01,44.01,1.5832901007265525
False,0.01,0.01,0.01,41.01,0.7242540485182765
False,0.01,3.01,0.01,35.01,1.3941077494632612
False,0.01,1.01,0.01,43.01,1.4972570518106088
True,1.01,0.01,1.01,49.01,1.0547087507075197
False,0.01,0.01,0.01,40.01,1.6412693215732979
False,0.01,0.01,0.01,38.01,1.160456121131173
False,1.01,0.01,2.01,37.01,0.9794079811141843
False,0.01,0.01,0.01,45.01,1.2268305592874558
False,1.01,0.01,0.01,36.01,1.1278644494899852
False,0.01,1.01,0.01,39.01,1.001976256486286
False,0.01,0.01,1.01,35.01,1.1833678437952446
True,0.01,0.01,2.01,44.01,0.7125058570166649
False,0.01,0.01,1.01,40.01,1.3179526114000206
True,1.01,2.01,3.01,37.01,0.768402168644758
True,0.01,0.01,0.01,39.01,1.7155946427800515
True,0.01,0.01,1.01,40.01,1.758354620208167
False,0.01,3.01,1.01,39.01,1.4792435936358401
True,1.01,1.01,0.01,42.01,0.9798159099661656
False,2.01,0.01,0.01,39.01,0.9789026614343064
False,2.01,0.01,0.01,41.01,1.147937581560148
True,1.01,2.01,3.01,43.01,1.3378418984301337
True,4.01,0.01,0.01,57.01,1.0438908563501377
True,0.01,1.01,0.01,41.01,1.2401305336978201
False,0.01,0.01,0.01,31.009999999999998,1.113654375208504
False,1.01,0.01,1.01,38.01,0.7403242965810756
False,0.01,1.01,0.01,41.01,1.320668227192114
True,3.01,0.01,2.01,38.01,0.9831036979406544
False,0.01,0.01,0.01,35.01,1.4174433121223795
True,1.01,0.01,0.01,39.01,1.3063241772909295
False,0.01,1.01,1.01,36.01,1.1596325938055265
True,0.01,0.01,2.01,29.009999999999998,0.6857010447412925
True,0.01,0.01,0.01,40.01,1.2046292804802081
False,0.01,0.01,1.01,29.009999999999998,0.7030692028119805
False,0.01,0.01,0.01,27.009999999999998,0.7411333821414466
True,0.01,0.01,1.01,40.01,0.9953063398507892
False,1.01,0.01,0.01,49.01,0.5360326604366853
False,1.01,0.01,0.01,32.01,0.6702940565579808
False,0.01,0.01,0.01,39.01,0.9651056094989391
True,1.01,0.01,0.01,49.01,0.9835605898955612
False,1.01,0.01,1.01,36.01,1.2426849354210674
False,0.01,0.01,0.01,45.01,1.3105546706939897
True,0.01,0.01,0.01,44.01,0.4969476229226869
False,0.01,1.01,1.01,38.01,0.8581627363727643
True,0.01,0.01,2.01,36.01,1.515077231147959
False,0.01,1.01,1.01,37.01,0.5536631762070512
False,0.01,0.01,1.01,46.01,1.1484874183787226
False,0.01,1.01,0.01,39.01,1.5015312003436658
True,0.01,2.01,2.01,34.01,1.7531252116538885
True,0.01,2.01,0.01,34.01,0.6468501430929857
False,0.01,2.01,1.01,39.01,0.8689672033816688
True,0.01,0.01,1.01,35.01,1.410354773058963
True,3.01,2.01,3.01,32.01,0.9141954194247478
False,2.01,0.01,0.01,26.009999999999998,1.050443928258466
False,3.01,1.01,1.01,23.009999999999998,1.0629215165095756
True,0.01,5.01,4.01,34.01,1.1102809537852802
False,1.01,3.01,3.01,32.01,1.0859140559520055
False,0.01,0.01,0.01,42.01,0.5879210861186709
True,0.01,0.01,0.01,41.01,2.1712864589423226
False,0.01,0.01,0.01,44.01,1.0534812665870743
True,0.01,0.01,2.01,61.01,1.3186466170477844
True,1.01,0.01,1.01,50.01,0.8161420927165759
False,0.01,0.01,0.01,43.01,0.957916567442588
True,0.01,0.01,0.01,37.01,1.3124741111823661
False,0.01,0.01,1.01,32.01,0.9976799564661374
False,0.01,1.01,0.01,42.01,0.8357112968791656
False,2.01,0.01,0.01,38.01,0.4910692295814323
False,0.01,0.01,0.01,37.01,1.0190878280436648
False,0.01,0.01,3.01,47.01,0.6776524973427609
False,0.01,0.01,2.01,44.01,1.205101789454875
True,0.01,0.01,0.01,32.01,1.341544741659832
True,0.01,0.01,0.01,44.01,1.2682884395462335
True,0.01,0.01,2.01,48.01,1.9827721827471583
False,0.01,0.01,1.01,34.01,0.9894588379715382
True,0.01,0.01,0.01,43.01,1.121966754518937
False,0.01,0.01,0.01,50.01,0.9060730508836363
False,0.01,1.01,0.01,45.01,0.9756138160936105
False,1.01,0.01,1.01,30.009999999999998,0.8156810426243858
True,1.01,0.01,0.01,46.01,1.4197245507931422
True,1.01,1.01,0.01,40.01,0.6065183347613062
False,0.01,1.01,1.01,39.01,0.7358090683377914
True,0.01,0.01,1.01,55.01,1.1637133620683127
True,0.01,0.01,1.01,42.01,1.0710468012201944
False,0.01,1.01,1.01,29.009999999999998,0.98242097563079
True,0.01,1.01,0.01,38.01,0.9729919519872754
False,1.01,1.01,1.01,45.01,0.5600436261950039
True,1.01,0.01,2.01,40.01,0.92938260238005
False,1.01,0.01,1.01,35.01,1.0521685285607576
False,0.01,0.01,1.01,41.01,1.0018526531356893
False,1.01,1.01,1.01,30.009999999999998,1.3450022499109715
False,0.01,0.01,1.01,36.01,1.034570215925785
False,0.01,0.01,1.01,47.01,0.8709740478407159
False,0.01,0.01,1.01,37.01,0.9536600939184976
True,1.01,0.01,0.01,28.009999999999998,0.9843632389257542
False,1.01,0.01,1.01,47.01,0.8196811855283721
False,0.01,0.01,0.01,54.01,1.4241825029651403
False,0.01,0.01,1.01,32.01,0.5910922026740104
True,0.01,0.01,0.01,53.01,1.2525585963071344
True,0.01,0.01,0.01,42.01,0.6980993529066697
False,0.01,0.01,0.01,39.01,1.1236874045627514
False,0.01,0.01,3.01,27.009999999999998,1.3135159205899851
True,0.01,0.01,2.01,58.01,0.7187220709768446
False,0.01,0.01,1.01,31.009999999999998,0.4285796367375314
False,0.01,1.01,2.01,42.01,1.628135842230867
True,0.01,0.01,2.01,45.01,0.7852887844475335
False,1.01,0.01,2.01,41.01,0.7936289234735686
False,0.01,1.01,1.01,35.01,1.35667043920205
False,1.01,0.01,1.01,38.01,1.6681946838570054
False,0.01,1.01,1.01,38.01,1.0337893426527336
True,0.01,0.01,2.01,36.01,1.1362907718355464
False,0.01,0.01,1.01,39.01,0.7906810314555486
True,0.01,0.01,2.01,35.01,1.1911684628987458
True,0.01,0.01,0.01,39.01,0.8122126736728006
False,0.01,1.01,1.01,46.01,0.9391265953409457
True,2.01,0.01,0.01,47.01,0.703266396678437
False,2.01,3.01,0.01,41.01,0.5971845946184068
True,0.01,0.01,1.01,38.01,1.1304210468530167
False,1.01,0.01,0.01,41.01,1.169048638773803
True,1.01,0.01,1.01,31.009999999999998,0.6026042425239776
True,2.01,0.01,4.01,38.01,1.1937949934656613
False,3.01,2.01,4.01,41.01,1.0747379268574737
False,4.01,1.01,1.01,38.01,0.8581493311947415
False,3.01,1.01,5.01,48.01,0.7768255448828204
False,0.01,0.01,0.01,38.01,0.8169737270388725
True,0.01,3.01,1.01,63.01,1.475746283500951
True,0.01,0.01,2.01,49.01,1.1816068790934093
False,0.01,0.01,0.01,36.01,0.6318867681336415
False,0.01,0.01,1.01,25.009999999999998,0.8364345843964341
False,0.01,0.01,0.01,29.009999999999998,0.6875397707570224
True,0.01,1.01,0.01,39.01,0.9909127012768904
False,0.01,0.01,1.01,42.01,0.9341970389646057
True,0.01,0.01,1.01,48.01,1.4559581302100606
False,0.01,0.01,0.01,46.01,0.757092283307344
True,1.01,0.01,0.01,34.01,1.4702179064327139
True,0.01,2.01,0.01,42.01,0.94069329867485
False,0.01,1.01,1.01,47.01,1.0450088269261906
False,0.01,0.01,0.01,43.01,1.2342087004682545
False,0.01,0.01,0.01,48.01,0.9657070527496838
False,0.01,0.01,0.01,40.01,1.2033758505420233
True,0.01,0.01,2.01,39.01,0.6194733856330166
False,0.01,2.01,4.01,40.01,1.329384502353714
False,0.01,1.01,0.01,49.01,0.8924122961333335
True,1.01,0.01,2.01,40.01,1.0835921221323281
False,0.01,1.01,1.01,43.01,1.0575045148373172
True,0.01,0.01,0.01,44.01,1.0948031463931989
True,1.01,0.01,0.01,46.01,0.7831084680697747
False,2.01,0.01,1.01,27.009999999999998,0.9433796003009798
False,1.01,1.01,4.01,49.01,1.084876160361779
False,0.01,0.01,4.01,41.01,1.3281751892437874
False,0.01,1.01,0.01,49.01,0.8919721449258654
True,1.01,2.01,1.01,35.01,1.1288231261310375
True,1.01,0.01,2.01,50.01,1.591778923690688
False,3.01,1.01,5.01,41.01,1.091463040572631
False,0.01,0.01,0.01,44.01,1.1376223722042909
False,2.01,0.01,0.01,35.01,1.0829509493524532
False,3.01,4.01,2.01,36.01,0.5958201319062579
False,0.01,0.01,1.01,45.01,0.6051772484355735
False,0.01,0.01,0.01,34.01,1.4878795971099736
False,0.01,1.01,0.01,31.009999999999998,0.8180089366696011
False,1.01,0.01,0.01,40.01,0.8929233392023639
True,0.01,1.01,2.01,41.01,0.6157325302672516
False,0.01,0.01,2.01,50.01,1.0937413576013317
True,0.01,0.01,1.01,51.01,1.308817554525791
False,1.01,0.01,1.01,47.01,1.1962149237595776
False,0.01,0.01,0.01,42.01,0.8592009725157013
True,0.01,0.01,1.01,34.01,1.4696017597757836
True,0.01,1.01,2.01,48.01,0.4433170412291305
True,0.01,0.01,3.01,35.01,1.4007601776882845
True,0.01,0.01,1.01,44.01,0.7386242950593034
True,0.01,0.01,1.01,49.01,0.9161146004954414
False,0.01,0.01,2.01,46.01,0.9742539111928707
False,0.01,0.01,0.01,41.01,1.551486015411244
True,0.01,0.01,0.01,36.01,1.3059902863569168
False,0.01,2.01,1.01,38.01,1.2880563947650252
True,0.01,0.01,2.01,53.01,1.0378173732788336
True,1.01,0.01,2.01,41.01,1.0823972327558047
False,0.01,1.01,0.01,45.01,0.9972919721024598
False,0.01,0.01,1.01,40.01,0.8525895285289453
False,1.01,1.01,0.01,37.01,1.1430866590073752
False,0.01,1.01,0.01,52.01,0.6632169462200846
False,0.01,2.01,1.01,42.01,1.029863033364932
False,0.01,0.01,3.01,34.01,0.9410330249151477
True,0.01,2.01,2.01,36.01,1.4948410937158807
False,2.01,0.01,2.01,38.01,0.7247459298628074
True,0.01,1.01,2.01,47.01,1.1307418518388181
False,1.01,1.01,2.01,44.01,1.0142280048644465
False,2.01,2.01,4.01,36.01,1.3442465475360927
False,5.01,1.01,1.01,46.01,0.7322438715775978
False,2.01,2.01,2.01,51.01,0.8124572759024618
False,0.01,0.01,0.01,44.01,0.8041774157215332
True,1.01,0.01,2.01,49.01,1.2076365501268451
False,0.01,1.01,2.01,32.01,0.876162733351137
True,0.01,1.01,0.01,32.01,1.0640100258151766
False,0.01,1.01,0.01,46.01,0.6619859605210221
False,1.01,0.01,0.01,42.01,0.5469929605300292
False,0.01,3.01,1.01,52.01,0.8287893496006156
True,1.01,0.01,1.01,36.01,1.767900253209788
False,0.01,0.01,0.01,34.01,1.0387854255362288
True,0.01,0.01,1.01,30.009999999999998,0.832297729753431
False,0.01,0.01,3.01,35.01,1.3388709143757567
False,0.01,0.01,1.01,52.01,0.7207352451354794
False,0.01,0.01,0.01,33.01,0.7982998859993972
False,1.01,1.01,0.01,42.01,1.441619183379575
True,0.01,0.01,1.01,42.01,0.9223070695651343
True,1.01,0.01,1.01,39.01,0.5152931517812168
True,1.01,1.01,1.01,38.01,1.427314230105568
False,2.01,1.01,0.01,52.01,1.3382876500968504
False,0.01,1.01,0.01,34.01,1.0988023395285063
False,0.01,1.01,1.01,41.01,1.0895110126590268
False,1.01,0.01,0.01,31.009999999999998,0.4687530464525557
False,0.01,1.01,0.01,42.01,0.7304332261631825
False,0.01,1.01,0.01,39.01,1.1503591215547735
True,0.01,1.01,1.01,38.01,1.753061316627
True,0.01,0.01,1.01,32.01,0.8349483136811393
True,1.01,3.01,4.01,41.01,0.935958024154388
False,1.01,0.01,1.01,37.01,1.1988779861890357
True,0.01,1.01,1.01,46.01,1.1338345254489754
False,2.01,2.01,1.01,42.01,0.5266027742466041
False,2.01,2.01,2.01,46.01,0.6379426346807402
False,1.01,2.01,0.01,41.01,0.9423699185647404
False,4.01,1.01,3.01,42.01,1.447252993524216
False,2.01,3.01,1.01,38.01,1.71923839933732
False,0.01,0.01,0.01,34.01,1.1761231478917538
False,0.01,0.01,1.01,38.01,1.2369292033709727
True,0.01,0.01,0.01,38.01,0.7611806006282751
True,0.01,0.01,1.01,32.01,1.3395096480844488
False,0.01,0.01,2.01,42.01,0.9917944355255264
False,0.01,0.01,0.01,40.01,1.4356206901530246
False,0.01,0.01,0.01,47.01,0.8393273037702962
True,0.01,0.01,0.01,39.01,1.1590698087245754
False,0.01,0.01,2.01,43.01,0.8557057880935757
False,0.01,0.01,0.01,47.01,1.126708154255506
False,0.01,0.01,1.01,37.01,1.39808565705908
False,0.01,0.01,1.01,42.01,0.5111352529517554
True,0.01,0.01,0.01,40.01,0.9035140362170412
True,1.01,0.01,0.01,23.009999999999998,1.2262072716650185
True,1.01,2.01,0.01,38.01,0.8790653935509661
True,0.01,1.01,0.01,47.01,1.0738710467259451
False,0.01,0.01,1.01,46.01,0.5632135316848704
False,1.01,1.01,1.01,36.01,0.9949595077533183
True,1.01,1.01,0.01,31.009999999999998,1.0824998341638756
False,4.01,2.01,1.01,43.01,0.8916754943701923
False,0.01,1.01,1.01,47.01,0.6367110132965689
False,0.01,0.01,3.01,49.01,1.0562114703648688
True,1.01,1.01,1.01,35.01,0.9520762277363082
True,3.01,1.01,2.01,47.01,0.882806665683378
False,0.01,2.01,0.01,41.01,1.1112540282947014
True,2.01,4.01,2.01,33.01,0.5977314697990479
True,1.01,0.01,0.01,45.01,1.6190719471170787
True,4.01,2.01,0.01,31.009999999999998,1.356201887463329
False,2.01,5.01,2.01,47.01,0.5584165640712851
False,4.01,5.01,4.01,41.01,0.9933335882830898
True,3.01,1.01,2.01,38.01,0.6271543070456114
False,4.01,9.01,1.01,48.01,0.6121099271099271
True,5.01,7.01,1.01,39.01,1.0051850711339863
False,0.01,0.01,1.01,48.01,0.9445131266691928
False,0.01,1.01,1.01,41.01,1.1855277478858697
False,0.01,0.01,0.01,34.01,1.0683580052994324
False,0.01,0.01,1.01,36.01,1.108948086596071
False,0.01,0.01,0.01,46.01,0.7102071424042915
True,0.01,0.01,2.01,23.009999999999998,1.110796860249223
True,1.01,0.01,0.01,43.01,1.1278931654682267
True,0.01,0.01,0.01,31.009999999999998,0.8140591923168136
True,0.01,0.01,1.01,35.01,1.1385711442197954
True,0.01,0.01,1.01,50.01,1.0240400763442772
False,0.01,1.01,0.01,43.01,0.9158756783983644
False,0.01,0.01,0.01,34.01,1.3755617467481511
False,0.01,0.01,2.01,29.009999999999998,1.6725917620033723
True,2.01,2.01,0.01,44.01,1.284754322634473
True,1.01,0.01,0.01,44.01,1.2754381408997473
True,1.01,0.01,0.01,36.01,1.464557460449672
True,0.01,0.01,2.01,44.01,0.9665315957372832
False,0.01,0.01,0.01,37.01,0.6010764427637493
False,1.01,0.01,1.01,38.01,0.9443548963148811
False,0.01,0.01,0.01,42.01,1.005903219551383
False,0.01,1.01,1.01,48.01,0.9985615070937807
True,0.01,0.01,0.01,44.01,1.0887415038333625
False,1.01,0.01,1.01,44.01,1.1187235005084548
False,0.01,1.01,1.01,40.01,0.9119401764205967
True,1.01,1.01,3.01,34.01,0.5638934328299692
True,0.01,2.01,0.01,45.01,0.9097847746081825
True,1.01,0.01,2.01,37.01,1.3829569828946082
False,0.01,0.01,1.01,40.01,0.9252154130934218
False,0.01,0.01,0.01,37.01,1.2437062527522744
True,2.01,1.01,3.01,29.009999999999998,0.7785856984117365
False,3.01,1.01,0.01,41.01,0.7513801629660048
False,2.01,2.01,2.01,40.01,1.8493716561756888
False,1.01,1.01,2.01,34.01,1.205257813644931
False,1.01,0.01,1.01,45.01,0.9639625967114458
True,2.01,0.01,1.01,45.01,0.7032067843180656
False,1.01,0.01,1.01,50.01,0.9947297414762509
False,0.01,0.01,0.01,31.009999999999998,0.952297813935745
True,0.01,1.01,0.01,37.01,0.8550237663453985
False,0.01,0.01,1.01,40.01,0.6455676419356137
False,0.01,0.01,2.01,42.01,0.8531973353448075
False,0.01,0.01,1.01,40.01,0.8041164796700434
True,0.01,0.01,2.01,52.01,0.9196293196212174
False,0.01,1.01,1.01,41.01,0.4507163526096792
False,0.01,1.01,0.01,30.009999999999998,0.8556130881265025
True,0.01,0.01,0.01,33.01,1.2290811427718462
True,0.01,0.01,2.01,48.01,1.2810459752639862
True,0.01,2.01,0.01,42.01,0.763476412853386
False,0.01,0.01,0.01,39.01,1.0022658507460231
False,0.01,0.01,0.01,28.009999999999998,1.0499426540599814
True,0.01,0.01,1.01,35.01,1.3073174214273284
False,0.01,0.01,1.01,41.01,1.1525947827671454
False,0.01,0.01,3.01,38.01,0.29872919624461414
True,0.01,2.01,0.01,40.01,1.2038837594064027
True,0.01,0.01,0.01,45.01,1.0974184199193573
False,0.01,0.01,2.01,47.01,1.0657939053945484
False,1.01,1.01,1.01,42.01,0.8483376799834873
False,0.01,0.01,1.01,49.01,0.7254005078472751
False,1.01,0.01,1.01,31.009999999999998,1.207048920269478
True,0.01,2.01,2.01,42.01,1.3052488927211796
True,2.01,1.01,2.01,40.01,1.728717636175499
False,0.01,1.01,2.01,46.01,1.117519650472036
True,1.01,4.01,0.01,42.01,1.8028431105046863
True,0.01,2.01,1.01,41.01,1.1117521236217085
False,1.01,1.01,1.01,40.01,0.7786622428896168
False,0.01,1.01,0.01,36.01,1.5790136986661525
False,2.01,0.01,1.01,48.01,1.009553620298694
False,0.01,0.01,0.01,41.01,0.8266904042989067
False,0.01,0.01,0.01,25.009999999999998,0.6841206914675809
False,1.01,0.01,0.01,42.01,1.4825204464079593
True,0.01,0.01,1.01,57.01,1.184143225950745
False,0.01,1.01,1.01,43.01,0.632936962620572
False,0.01,0.01,1.01,38.01,1.0411051621098215
True,0.01,1.01,1.01,27.009999999999998,0.9858846722605255
False,0.01,0.01,1.01,35.01,0.8346301102183455
True,0.01,0.01,2.01,32.01,1.168652201864348
False,0.01,0.01,1.01,39.01,0.726564312547096
False,1.01,1.01,2.01,30.009999999999998,0.6357165582330424
True,0.01,0.01,0.01,36.01,1.1415122192589606
True,0.01,0.01,2.01,35.01,0.5786694599770439
True,0.01,1.01,5.01,32.01,0.6289998605650631
True,0.01,0.01,1.01,32.01,0.9907227535758548
False,1.01,0.01,1.01,43.01,1.0611036408187995
False,0.01,1.01,3.01,41.01,0.6169626585892234
True,1.01,0.01,1.01,40.01,1.1798210079378735
True,1.01,2.01,2.01,40.01,1.4910157489962026
False,1.01,0.01,1.01,38.01,1.1093515461255075
True,1.01,0.01,2.01,29.009999999999998,1.018483367754815
False,0.01,0.01,0.01,36.01,1.0081259066290211
True,2.01,0.01,0.01,27.009999999999998,1.2114003990387092
False,1.01,0.01,0.01,40.01,0.9176590082668887
True,2.01,0.01,0.01,42.01,1.516750200385687
False,0.01,2.01,2.01,30.009999999999998,0.8585764626530744
False,1.01,1.01,0.01,37.01,0.7587704523009792
False,0.01,2.01,1.01,47.01,0.7948947362038915
True,1.01,1.01,2.01,43.01,1.4259677919239349
True,2.01,1.01,1.01,36.01,0.978264203953789
False,1.01,2.01,1.01,45.01,1.2041143816983022
False,7.01,5.01,3.01,38.01,0.8243610449550228
False,3.01,4.01,2.01,42.01,0.854288265963458
True,0.01,0.01,3.01,32.01,1.098018551827199
True,1.01,1.01,1.01,39.01,1.1858053725362379
True,0.01,1.01,1.01,42.01,1.2100778064203244
False,0.01,0.01,1.01,25.009999999999998,0.9318903872239704
True,1.01,2.01,2.01,31.009999999999998,1.1455410679788574
True,3.01,1.01,1.01,37.01,0.6537032983915239
False,1.01,2.01,0.01,21.009999999999998,1.1702392637434582
False,1.01,0.01,1.01,36.01,1.1510746722981802
True,0.01,2.01,0.01,31.009999999999998,1.4258173680780104
True,3.01,1.01,0.01,32.01,1.4019441570628361
False,2.01,1.01,2.01,39.01,1.572484250657416
False,1.01,0.01,2.01,34.01,0.5826288656669304
False,0.01,2.01,0.01,25.009999999999998,1.6971078255631311
True,1.01,0.01,1.01,27.009999999999998,1.0627157213350764
False,1.01,1.01,1.01,42.01,1.3050991978666187
True,2.01,1.01,1.01,29.009999999999998,0.9956734499479356
False,1.01,0.01,2.01,35.01,1.5227177858848964
False,2.01,2.01,1.01,44.01,1.0196695470424133
False,4.01,0.01,2.01,32.01,1.0730713600604573
False,4.01,4.01,2.01,31.009999999999998,1.435758762309348
False,2.01,0.01,1.01,38.01,1.8835327839584806
True,9.01,2.01,1.01,36.01,0.8145206793562848
True,4.01,2.01,2.01,56.01,1.0742833722968423
False,4.01,1.01,2.01,36.01,0.9765084759119755
False,6.01,2.01,3.01,43.01,0.6503726482426972
False,9.01,8.01,1.01,35.01,0.8088172385434048
True,6.01,4.01,0.01,33.01,0.7119324448817701
True,4.01,6.01,1.01,40.01,1.552816623995969
True,3.01,15.01,1.01,32.01,1.3295094521795419
True,12.01,14.01,3.01,47.01,2.0725010899299625
True,10.01,8.01,3.01,41.01,0.9127809572551704
True,12.01,16.009999999999998,0.01,46.01,1.667063973294503
False,1.01,0.01,2.01,33.01,1.3189312700641909
True,0.01,1.01,0.01,33.01,1.355804319165397
False,4.01,1.01,0.01,37.01,1.4837618309177525
True,1.01,0.01,1.01,39.01,1.6154504009321498
False,1.01,1.01,0.01,37.01,1.0557743172473075
True,1.01,1.01,3.01,34.01,0.9366025826669677
False,1.01,0.01,1.01,60.01,1.7408602666991435
True,0.01,2.01,1.01,36.01,0.9003544421383297
False,0.01,1.01,0.01,39.01,0.740172819573245
True,0.01,1.01,2.01,40.01,1.2366417401620768
True,1.01,1.01,1.01,42.01,1.3703998698319186
False,0.01,1.01,2.01,48.01,1.2949912624483562
False,1.01,1.01,1.01,41.01,1.038911729559084
True,2.01,2.01,0.01,43.01,1.284396725409089
True,1.01,2.01,2.01,39.01,0.8604292567262131
False,3.01,1.01,0.01,43.01,0.7696535271624093
True,0.01,1.01,0.01,37.01,1.97119344581975
False,3.01,3.01,2.01,40.01,0.8597799417739651
True,1.01,2.01,6.01,37.01,1.3402367329176068
False,2.01,4.01,1.01,35.01,0.6540749967883274
False,1.01,5.01,0.01,38.01,1.7334372388510326
True,3.01,2.01,2.01,44.01,1.0481555867733585
True,6.01,4.01,2.01,38.01,1.0492616324852209
False,3.01,1.01,1.01,41.01,1.1145906075770609
False,2.01,3.01,0.01,40.01,0.8169574117923311
False,2.01,4.01,1.01,40.01,1.2290056826620945
False,9.01,8.01,3.01,38.01,1.0300530908005698
True,6.01,7.01,0.01,48.01,0.3156645093805535
False,7.01,2.01,1.01,37.01,1.1413061606078423
False,10.01,6.01,1.01,35.01,2.4508211719648787
False,6.01,8.01,1.01,37.01,0.6081547618883997
False,7.01,9.01,1.01,41.01,1.1992453021774034
True,0.01,1.01,0.01,37.01,0.912299689557754
False,0.01,0.01,1.01,49.01,0.896499317671556
False,0.01,0.01,1.01,36.01,0.6343245890826535
True,0.01,0.01,0.01,29.009999999999998,0.6964811319368709
False,1.01,0.01,1.01,39.01,1.1814641244045248
True,0.01,0.01,0.01,35.01,0.9189970819796611
False,1.01,0.01,2.01,32.01,1.1236812464410013
False,0.01,0.01,2.01,45.01,0.6342531669786909
False,0.01,0.01,0.01,36.01,1.0364400773338516
False,0.01,0.01,1.01,44.01,0.9689339404727662
False,0.01,0.01,0.01,45.01,1.5523753968781848
True,0.01,1.01,2.01,41.01,1.2519835849655738
False,0.01,0.01,1.01,29.009999999999998,1.1268923185153716
False,0.01,0.01,1.01,41.01,0.7443625029103113
False,0.01,0.01,1.01,48.01,0.8948675509213436
True,0.01,0.01,0.01,32.01,1.1996249668384207
True,0.01,0.01,1.01,48.01,0.7602053820397473
True,0.01,0.01,0.01,43.01,1.0163859203600256
False,0.01,0.01,1.01,38.01,1.313306842350384
True,0.01,3.01,0.01,51.01,0.6640557569227602
False,0.01,1.01,1.01,45.01,0.849567979045008
True,0.01,0.01,1.01,50.01,1.0783126018921076
True,2.01,0.01,2.01,40.01,1.1684167977184792
True,2.01,0.01,0.01,48.01,0.9435460900623931
True,2.01,0.01,2.01,43.01,1.2169837034475068
False,0.01,0.01,0.01,44.01,0.8541134924053682
False,1.01,1.01,1.01,34.01,1.0943378019400474
False,0.01,0.01,2.01,28.009999999999998,0.8224305723180068
False,0.01,1.01,2.01,37.01,0.9371649673783927
False,0.01,1.01,0.01,36.01,1.550965556456148
True,4.01,3.01,1.01,42.01,1.702104349427185
False,4.01,2.01,3.01,51.01,1.1793302994331916
False,2.01,4.01,3.01,53.01,0.5039176248517978
False,0.01,1.01,1.01,36.01,0.9876175934694553
False,0.01,0.01,0.01,37.01,1.2285141707146552
True,0.01,0.01,0.01,53.01,0.9394758762045855
False,0.01,0.01,1.01,50.01,1.2112453200706765
True,0.01,0.01,0.01,27.009999999999998,0.6516479724798871
False,0.01,0.01,1.01,33.01,1.6202002894016116
False,0.01,0.01,1.01,38.01,1.557345542278822
False,1.01,0.01,0.01,35.01,1.2218184244773782
False,1.01,0.01,0.01,34.01,0.8696711686107207
False,0.01,0.01,2.01,36.01,0.906342939129879
False,0.01,0.01,1.01,38.01,0.7349147247003378
True,0.01,0.01,2.01,38.01,0.5537193798432508
False,1.01,0.01,0.01,45.01,0.49366412632198936
True,1.01,0.01,0.01,45.01,0.6880308087053609
True,0.01,0.01,4.01,40.01,1.7696507593646675
False,0.01,0.01,0.01,37.01,0.5188912737875903
False,0.01,0.01,0.01,42.01,1.5353698036055294
True,2.01,0.01,0.01,36.01,1.0693749101783858
False,0.01,0.01,2.01,35.01,1.0378433413244506
True,0.01,0.01,0.01,41.01,1.5812243183590733
False,0.01,1.01,0.01,36.01,1.4405637089664427
True,0.01,2.01,2.01,38.01,0.32430171530977986
False,0.01,0.01,1.01,45.01,1.170723164372113
True,0.01,1.01,1.01,51.01,1.2631581197311956
False,0.01,0.01,0.01,39.01,0.26932688944847405
True,1.01,1.01,1.01,41.01,0.8789644993249891
False,0.01,0.01,0.01,39.01,0.744993469934719
True,0.01,0.01,0.01,38.01,1.5788849517335357
True,0.01,0.01,0.01,44.01,1.209414988888673
False,1.01,1.01,1.01,39.01,1.4068205206692972
False,0.01,1.01,1.01,40.01,0.6230914603893006
False,0.01,1.01,3.01,44.01,1.2299142788765933
True,2.01,1.01,0.01,52.01,1.4381548069555081
False,0.01,0.01,0.01,34.01,1.6226720684286473
False,0.01,0.01,0.01,37.01,0.34126719986240106
False,0.01,0.01,0.01,32.01,0.9238535392055343
False,0.01,0.01,0.01,35.01,0.45925745550745545
False,0.01,1.01,1.01,56.01,0.5266852072344134
False,0.01,0.01,0.01,39.01,0.942927069333699
False,0.01,0.01,0.01,33.01,0.7309537257240101
False,0.01,2.01,1.01,28.009999999999998,0.9205113319165625
True,0.01,0.01,1.01,44.01,0.7897755466886751
False,1.01,0.01,1.01,44.01,0.9735385874331955
True,1.01,1.01,1.01,30.009999999999998,0.7058807134197291
False,0.01,0.01,2.01,47.01,0.5849232731413583
False,1.01,1.01,0.01,36.01,0.8725329185420083
False,0.01,0.01,1.01,38.01,0.7541704442979865
True,0.01,0.01,0.01,35.01,1.2698250005737315
False,1.01,0.01,0.01,45.01,1.1212673873810062
False,0.01,0.01,0.01,43.01,0.6948546053654413
True,1.01,1.01,2.01,31.009999999999998,0.8949946115353159
True,0.01,0.01,1.01,38.01,1.4275870322920643
False,3.01,0.01,0.01,38.01,1.0758878518736084
True,0.01,0.01,2.01,39.01,1.3307128759666877
True,2.01,3.01,1.01,34.01,0.6470009745986769
True,1.01,0.01,1.01,42.01,1.1987075716573894
True,1.01,0.01,0.01,40.01,0.4736000742777358
False,0.01,0.01,1.01,44.01,0.44228343632755396
False,1.01,1.01,0.01,36.01,0.4222165216958864
True,1.01,0.01,1.01,39.01,1.3978084676997724
False,0.01,0.01,1.01,51.01,1.126182341872108
False,0.01,0.01,3.01,50.01,0.9117813752881165
True,0.01,3.01,1.01,36.01,1.1226862804017468
True,1.01,5.01,1.01,52.01,1.10400935025935
False,2.01,2.01,2.01,39.01,1.3157968461368073
False,2.01,1.01,1.01,44.01,0.7159011794305912
False,2.01,0.01,0.01,42.01,0.7858008167256748
False,0.01,1.01,1.01,51.01,0.696707113339323
True,1.01,0.01,1.01,40.01,1.265046498355255
False,0.01,0.01,2.01,36.01,0.4760682033514955
True,0.01,0.01,1.01,39.01,1.2251439319972588
False,0.01,0.01,0.01,46.01,0.7989595074783348
False,2.01,0.01,0.01,46.01,0.6736127230362673
False,1.01,0.01,0.01,42.01,0.6542507468015257
False,0.01,0.01,1.01,39.01,0.9908369749818289
True,0.01,0.01,0.01,36.01,0.8456370759737899
False,0.01,0.01,0.01,47.01,0.8183067019693375
True,0.01,0.01,0.01,41.01,0.6575308457582068
True,0.01,0.01,1.01,48.01,0.5116978763070138
True,0.01,0.01,0.01,34.01,1.6423969907349663
True,0.01,0.01,0.01,37.01,1.2503102538988595
True,0.01,0.01,1.01,42.01,0.8407350173081597
True,0.01,0.01,1.01,40.01,0.5589694030834584
False,0.01,0.01,0.01,44.01,0.7451133649503237
False,0.01,1.01,0.01,41.01,1.5251653281015716
False,0.01,0.01,0.01,45.01,1.2339083389234422
False,0.01,1.01,0.01,33.01,0.673370155504367
True,1.01,0.01,1.01,36.01,0.7368568662006553
False,0.01,0.01,3.01,46.01,0.764664197044185
False,0.01,0.01,2.01,41.01,1.1434792424000757
False,1.01,1.01,2.01,48.01,0.9383644704236614
False,1.01,1.01,1.01,40.01,1.1792016878259943
False,0.01,1.01,1.01,37.01,0.9670366451413073
False,2.01,0.01,1.01,49.01,0.8982697841139746
False,0.01,0.01,1.01,43.01,0.4900257898330572
True,0.01,5.01,1.01,44.01,1.2897805734876675
True,0.01,1.01,3.01,44.01,1.1319906156608814
False,1.01,0.01,1.01,52.01,0.7770719123311358
False,3.01,2.01,1.01,48.01,1.1355118461272038
False,1.01,0.01,1.01,42.01,0.9210345389536012
True,0.01,1.01,1.01,43.01,0.8279439956335296
True,1.01,1.01,0.01,37.01,0.6743456260544806
True,0.01,0.01,1.01,29.009999999999998,1.1802451393938376
False,0.01,0.01,0.01,35.01,0.897045911033287
False,0.01,0.01,0.01,40.01,1.3707899705066526
False,0.01,1.01,0.01,34.01,0.7715807782070797
False,0.01,0.01,1.01,37.01,1.2454733756096767
False,0.01,1.01,1.01,29.009999999999998,0.7485795698010281
False,0.01,0.01,1.01,33.01,0.9083965159601398
False,0.01,0.01,0.01,44.01,1.1821560358961054
True,1.01,0.01,0.01,29.009999999999998,0.675413257413114
False,0.01,0.01,2.01,30.009999999999998,1.0764014793547865
False,0.01,0.01,1.01,26.009999999999998,0.7182526243910322
False,1.01,0.01,0.01,43.01,1.3405381043865738
True,0.01,0.01,0.01,42.01,1.0848732337937737
False,0.01,0.01,2.01,34.01,0.8578382673239047
True,1.01,1.01,3.01,40.01,1.0899121068909592
True,2.01,0.01,2.01,37.01,0.8648005628880122
True,0.01,0.01,1.01,38.01,1.093486999390312
True,0.01,0.01,3.01,36.01,0.7988019165377962
False,2.01,1.01,1.01,34.01,0.9237463949547877
True,0.01,2.01,0.01,27.009999999999998,0.8867396617175475
True,2.01,1.01,0.01,34.01,1.2897331092207176
False,1.01,0.01,0.01,34.01,0.7460308573207352
True,0.01,0.01,1.01,34.01,0.8183942968487918
False,2.01,0.01,3.01,33.01,0.8486244127863549
False,1.01,2.01,0.01,39.01,1.1310919340597032
False,2.01,1.01,4.01,34.01,1.0874171968220896
False,1.01,0.01,0.01,31.009999999999998,0.9409435506626499
False,1.01,1.01,5.01,44.01,1.4639842962518164
True,0.01,2.01,4.01,43.01,1.1899089513825136
False,3.01,0.01,3.01,41.01,1.0511882998412372
True,0.01,0.01,1.01,42.01,0.9926717788674311
True,0.01,1.01,1.01,44.01,0.5046414323812022
True,1.01,0.01,0.01,43.01,1.233392297940122
False,0.01,0.01,1.01,36.01,0.7174847871288417
True,0.01,1.01,4.01,41.01,1.3973663873304554
True,0.01,0.01,1.01,47.01,0.9729471596177988
False,0.01,0.01,2.01,35.01,0.9640097771029974
False,0.01,1.01,1.01,42.01,0.7893151644064678
False,0.01,0.01,0.01,39.01,1.0316250119492276
False,1.01,0.01,1.01,40.01,1.0570548495809926
False,0.01,0.01,0.01,34.01,1.3046408918947086
False,0.01,0.01,0.01,37.01,0.8719342344789613
True,1.01,0.01,2.01,36.01,0.5547790039283764
False,0.01,0.01,2.01,31.009999999999998,0.9180315795750533
True,0.01,0.01,0.01,39.01,1.006370698563911
True,0.01,0.01,1.01,31.009999999999998,0.6184998474022426
True,0.01,0.01,0.01,38.01,0.8418935390835687
False,1.01,1.01,0.01,38.01,0.9248324246474142
False,2.01,1.01,1.01,46.01,0.949396916507145
False,1.01,0.01,4.01,52.01,1.2007016901659915
True,0.01,0.01,0.01,36.01,0.5285848368316131
False,0.01,1.01,0.01,39.01,1.3269194960975992
False,0.01,1.01,0.01,38.01,0.6851833510605607
False,0.01,0.01,0.01,43.01,0.8552167526244504
False,0.01,1.01,0.01,34.01,1.2382934430809647
False,0.01,0.01,0.01,37.01,0.9448829997352167
False,0.01,0.01,2.01,41.01,0.6945760827256237
False,1.01,1.01,1.01,48.01,0.40821679284742196
False,0.01,1.01,1.01,41.01,0.5969812490188668
True,0.01,1.01,4.01,31.009999999999998,0.7013759586298651
True,1.01,0.01,0.01,41.01,1.0043706148801304
True,3.01,2.01,0.01,30.009999999999998,1.5745954200216261
False,0.01,4.01,1.01,30.009999999999998,0.8500358680390063
True,0.01,0.01,2.01,38.01,1.0888953532366634
False,0.01,0.01,3.01,44.01,1.7905874677944298
False,1.01,0.01,1.01,45.01,1.0662638920470462
False,0.01,0.01,1.01,41.01,1.1273538383248893
True,0.01,0.01,3.01,46.01,1.1122517589285228
False,1.01,2.01,1.01,44.01,0.9317604293327122
False,0.01,0.01,1.01,34.01,1.1829364375146658
False,1.01,0.01,0.01,43.01,0.9772011496568509
False,1.01,1.01,0.01,43.01,1.1227056521957925
False,0.01,0.01,0.01,34.01,1.2015475579177775
False,1.01,0.01,0.01,24.009999999999998,1.0226428742124454
True,0.01,0.01,1.01,34.01,0.7037511672721254
False,1.01,0.01,0.01,38.01,1.0216978285048677
False,1.01,0.01,1.01,44.01,0.7171106362282833
False,1.01,0.01,2.01,30.009999999999998,0.8982156046200687
False,1.01,1.01,0.01,45.01,0.8542972571272067
False,0.01,0.01,2.01,36.01,0.6866023924262113
False,1.01,0.01,1.01,43.01,1.0725376302704426
True,0.01,0.01,1.01,44.01,0.7824373312815577
True,1.01,2.01,4.01,38.01,1.9251378492086257
False,0.01,0.01,2.01,38.01,1.4767804445743733
True,1.01,1.01,0.01,45.01,0.8343911112073089
True,1.01,0.01,0.01,43.01,0.6499050872382129
True,1.01,0.01,0.01,42.01,1.0047808878335946
True,0.01,1.01,1.01,35.01,0.9299968616707025
True,1.01,1.01,2.01,40.01,1.0447762509238272
True,1.01,0.01,1.01,39.01,1.0421480320922967
True,1.01,0.01,1.01,34.01,1.3397186525069071
True,0.01,2.01,2.01,43.01,1.1539670458815923
False,0.01,0.01,2.01,37.01,0.7410803604353909
False,1.01,1.01,2.01,47.01,1.4999496667577208
False,0.01,1.01,1.01,47.01,0.9896815281540082
False,1.01,1.01,1.01,36.01,1.1736237761725392
False,0.01,0.01,0.01,44.01,1.3948821831720697
False,0.01,0.01,1.01,43.01,1.2415791158168754
True,0.01,0.01,0.01,47.01,1.4147434434672719
False,0.01,0.01,1.01,45.01,0.9292755353493893
True,0.01,0.01,0.01,37.01,1.767534239252025
False,0.01,0.01,1.01,40.01,1.1287386240831745
False,1.01,0.01,0.01,33.01,0.5247232716762816
True,1.01,0.01,0.01,39.01,0.7663243939099165
True,2.01,0.01,0.01,34.01,0.7137613303145266
False,1.01,0.01,0.01,44.01,0.9094893246353201
False,0.01,1.01,1.01,46.01,0.9757470995617801
False,0.01,0.01,3.01,51.01,0.9255043423535678
False,0.01,0.01,0.01,34.01,1.0723407139818772
True,0.01,1.01,0.01,36.01,1.268774958499009
False,0.01,0.01,0.01,49.01,1.184055117918113
True,0.01,0.01,0.01,49.01,0.7407501003851337
False,0.01,0.01,1.01,31.009999999999998,1.6947078236854822
True,0.01,2.01,0.01,35.01,1.0261593299806548
False,0.01,0.01,1.01,41.01,1.0075024924655251
False,1.01,0.01,2.01,42.01,0.9856177727501256
False,1.01,1.01,1.01,43.01,0.5814232570032271
True,1.01,1.01,0.01,38.01,1.1343287480037965
True,1.01,0.01,1.01,46.01,1.2361778878435592
False,0.01,1.01,2.01,32.01,0.5308145173365173
False,0.01,0.01,2.01,43.01,1.0636829333664783
False,1.01,1.01,2.01,29.009999999999998,0.9783562381470503
True,2.01,0.01,2.01,40.01,0.4986165955242824
False,1.01,2.01,2.01,44.01,0.8676470718581527
False,3.01,1.01,3.01,37.01,0.46667785149223634
False,4.01,1.01,1.01,44.01,1.278619081693946
True,4.01,2.01,1.01,39.01,2.2430657229294266
True,3.01,3.01,0.01,54.01,1.267668507162264
True,3.01,3.01,3.01,36.01,1.3940092500665175
False,0.01,0.01,0.01,41.01,0.8289272803907476
False,1.01,0.01,2.01,40.01,0.3579856253217514
False,0.01,1.01,0.01,43.01,1.3968332538655888
True,0.01,0.01,1.01,43.01,0.6534046141331253
False,0.01,0.01,0.01,40.01,0.7985947041982511
False,1.01,0.01,0.01,34.01,0.8904007798478757
True,0.01,0.01,1.01,43.01,1.073338252033904
False,1.01,0.01,0.01,47.01,0.9935878514586953
True,1.01,2.01,2.01,37.01,1.2802517540349267
False,0.01,0.01,0.01,33.01,1.162322841510605
False,1.01,1.01,1.01,36.01,1.331412058953204
False,0.01,1.01,1.01,41.01,1.3695979346245761
False,1.01,0.01,3.01,39.01,1.2584338474336947
False,0.01,1.01,0.01,38.01,0.7203293126438557
True,0.01,2.01,2.01,43.01,1.1221287844711123
False,0.01,0.01,1.01,29.009999999999998,1.1035703022509455
False,0.01,0.01,1.01,44.01,0.9419510638252087
False,1.01,1.01,0.01,31.009999999999998,1.2064198681952667
False,0.01,0.01,1.01,33.01,0.8426811665514476
False,3.01,0.01,3.01,37.01,0.910151393487167
False,2.01,1.01,1.01,49.01,0.8940070143324463
False,1.01,0.01,1.01,46.01,0.9533149078822374
False,1.01,0.01,2.01,33.01,1.2334602968787727
True,5.01,0.01,3.01,45.01,1.0970672572690376
False,1.01,0.01,0.01,51.01,1.1584208783798489
True,1.01,3.01,2.01,41.01,1.7325543787793496
True,2.01,0.01,1.01,39.01,0.8438028908660138
True,1.01,1.01,1.01,41.01,1.2131065103705565
True,2.01,2.01,0.01,32.01,1.0718805776374796
True,6.01,3.01,1.01,40.01,1.2704312220383647
True,0.01,2.01,2.01,41.01,1.0563075124861165
True,1.01,9.01,1.01,40.01,0.8219400542884524
True,3.01,8.01,1.01,32.01,1.7172873250779237
False,0.01,0.01,1.01,32.01,1.0973521740453231
True,0.01,0.01,2.01,31.009999999999998,1.3325846477284011
True,0.01,2.01,0.01,46.01,1.248435015461221
False,0.01,0.01,1.01,40.01,1.082153554817862
False,0.01,0.01,2.01,33.01,0.9000400552705777
False,0.01,1.01,1.01,25.009999999999998,0.7110955383168381
False,1.01,0.01,1.01,35.01,0.6688427437775191
False,0.01,0.01,1.01,35.01,1.2473596557965925
True,0.01,1.01,1.01,39.01,1.285412474906234
True,1.01,1.01,0.01,45.01,1.196688034394098
False,0.01,0.01,1.01,43.01,1.1133728093321082
False,3.01,1.01,0.01,50.01,1.0016527925365137
True,0.01,0.01,0.01,51.01,1.0120386163379043
False,1.01,0.01,0.01,45.01,1.4285539740955808
True,1.01,0.01,0.01,29.009999999999998,0.6998203833233028
False,0.01,0.01,2.01,27.009999999999998,1.1393530385484274
False,0.01,0.01,1.01,42.01,0.8207819964183799
True,0.01,0.01,0.01,33.01,1.1669074508725932
True,0.01,0.01,1.01,51.01,1.1910525208607856
True,2.01,0.01,0.01,43.01,1.3377114147632416
False,1.01,0.01,0.01,40.01,0.6872663627044223
True,1.01,1.01,0.01,35.01,0.6271002697695497
False,2.01,2.01,0.01,34.01,1.317823840242209
True,1.01,2.01,1.01,39.01,0.95421990092564
False,0.01,2.01,0.01,41.01,0.6347130782187946
True,0.01,0.01,0.01,52.01,1.2516618266076542
False,0.01,1.01,0.01,37.01,0.9839698743733045
True,3.01,0.01,1.01,37.01,1.411965129939807
False,3.01,2.01,0.01,40.01,0.8596483195998825
False,1.01,1.01,2.01,39.01,1.0353299629011334
False,1.01,5.01,2.01,38.01,1.0693895135158176
False,0.01,2.01,2.01,32.01,1.5627163749253048
False,2.01,1.01,2.01,29.009999999999998,1.0599396828295866
True,1.01,0.01,1.01,47.01,0.9615618368559544
True,2.01,1.01,1.01,39.01,1.6244654108008874
False,0.01,0.01,1.01,51.01,0.9037134151488372
True,0.01,4.01,0.01,34.01,1.3370187754172698
True,0.01,1.01,0.01,32.01,0.8895094627485376
True,0.01,0.01,1.01,42.01,0.8419785275470145
False,0.01,0.01,0.01,38.01,0.8495002648065024
False,0.01,2.01,1.01,28.009999999999998,1.1207978267508005
False,2.01,1.01,1.01,41.01,0.6921748013479812
False,1.01,0.01,0.01,36.01,1.7251910865104383
False,0.01,1.01,2.01,35.01,1.5030880651954688
True,0.01,0.01,2.01,50.01,0.3034838071056449
True,2.01,0.01,0.01,38.01,1.3224667832698729
True,0.01,1.01,0.01,38.01,1.007468028346297
False,2.01,0.01,2.01,49.01,1.088823409262977
False,1.01,1.01,1.01,39.01,1.2048446466635585
False,1.01,1.01,0.01,36.01,0.5991606680990242
False,0.01,2.01,3.01,35.01,1.2956214137070374
True,2.01,1.01,1.01,41.01,0.9239642306301898
False,1.01,1.01,2.01,37.01,1.1668935441833816
True,1.01,3.01,2.01,27.009999999999998,1.6453467830130026
False,3.01,3.01,1.01,41.01,0.91978996394885
False,0.01,1.01,1.01,29.009999999999998,1.241845718638357
False,3.01,1.01,3.01,44.01,0.8662962686860638
True,4.01,2.01,2.01,35.01,0.6654430622710064
False,1.01,1.01,0.01,30.009999999999998,0.6414087470900676
True,1.01,3.01,1.01,36.01,0.7397989015648412
False,3.01,0.01,1.01,39.01,0.8663527743105206
True,3.01,2.01,0.01,37.01,1.640480525645775
False,4.01,2.01,1.01,45.01,1.3014460463834334
False,3.01,2.01,2.01,54.01,1.3331241908829343
False,8.01,5.01,0.01,46.01,1.8717975853339932
False,3.01,0.01,2.01,52.01,1.397881151987772
True,1.01,0.01,0.01,40.01,0.9693481067189192
True,0.01,0.01,0.01,38.01,0.45202323441453873
False,0.01,0.01,0.01,45.01,0.7929471430527122
False,1.01,1.01,0.01,33.01,1.3309086179078367
True,0.01,0.01,0.01,43.01,1.4541011686879934
True,0.01,0.01,1.01,35.01,0.8778887888601796
False,0.01,0.01,1.01,57.01,0.7737410511376678
False,1.01,0.01,1.01,46.01,1.127528435430928
True,0.01,0.01,0.01,35.01,0.7582623532116028
False,0.01,0.01,1.01,35.01,0.830069952335626
True,0.01,0.01,1.01,45.01,0.7487368081541266
False,0.01,1.01,1.01,43.01,0.6616537729416496
False,0.01,0.01,1.01,27.009999999999998,0.535123393614125
False,0.01,0.01,0.01,40.01,0.8764730765418453
False,0.01,0.01,2.01,31.009999999999998,1.0074421457647575
True,0.01,0.01,0.01,32.01,0.9038818966756491
True,0.01,1.01,0.01,31.009999999999998,0.848770889423402
False,0.01,0.01,0.01,47.01,0.6162334897468964
True,0.01,0.01,2.01,28.009999999999998,1.176898963288788
False,1.01,2.01,0.01,41.01,0.6481009080781848
False,0.01,0.01,1.01,38.01,0.953851230009242
False,1.01,1.01,0.01,40.01,0.7231680137627088
True,2.01,1.01,2.01,37.01,0.7273087843149892
False,1.01,3.01,2.01,45.01,0.8716105517174533
False,1.01,0.01,2.01,45.01,1.0063228159178725
True,3.01,0.01,1.01,44.01,1.3530296386732767
False,1.01,3.01,0.01,38.01,1.034173809118631
False,1.01,2.01,2.01,38.01,1.075815807453002
False,2.01,2.01,2.01,49.01,1.0748247134702242
True,1.01,4.01,1.01,42.01,1.1815497915868107
False,1.01,1.01,0.01,32.01,1.04012379407733
True,2.01,1.01,3.01,49.01,1.267839355940737
False,3.01,0.01,1.01,39.01,0.8196548232090158
True,0.01,0.01,0.01,37.01,0.5078785371674097
False,0.01,0.01,0.01,64.00999999999999,0.7535809424055031
False,1.01,1.01,0.01,35.01,0.8753530390072813
False,0.01,0.01,0.01,46.01,1.0253668000652274
True,0.01,0.01,0.01,42.01,0.9210197948580437
False,0.01,0.01,0.01,48.01,0.9291526049468953
True,0.01,0.01,1.01,44.01,0.9986287315166624
True,1.01,0.01,0.01,39.01,1.1986834250126828
False,0.01,1.01,0.01,45.01,0.755115323744356
False,0.01,0.01,0.01,55.01,0.7480017198667084
False,0.01,1.01,0.01,42.01,1.305314516924424
False,0.01,0.01,0.01,40.01,1.4107455624050644
False,0.01,1.01,0.01,42.01,1.165387355570131
False,0.01,0.01,2.01,40.01,0.7575270860184371
True,0.01,0.01,1.01,39.01,0.9437262039469805
False,0.01,1.01,0.01,38.01,1.1439971238379938
False,0.01,0.01,1.01,38.01,1.4607575746574168
False,0.01,1.01,2.01,38.01,1.0866598744532094
True,0.01,0.01,2.01,47.01,1.1453883645852838
True,0.01,1.01,1.01,39.01,1.3162232036231218
True,0.01,0.01,1.01,40.01,0.6836719810301599
False,0.01,0.01,1.01,32.01,1.2351769357183948
False,0.01,0.01,3.01,49.01,0.6736424825773704
True,0.01,0.01,0.01,37.01,1.0462861137435442
True,0.01,0.01,1.01,43.01,0.6963049740748463
True,3.01,0.01,0.01,38.01,1.0877770106649416
True,0.01,0.01,0.01,38.01,0.733316384480907
False,2.01,4.01,0.01,33.01,0.8078873235860642
False,3.01,1.01,1.01,41.01,2.287506032616503
False,1.01,1.01,1.01,42.01,1.1101404614699784
False,0.01,3.01,1.01,39.01,0.976199645283997
True,0.01,1.01,4.01,47.01,1.1166111928793503
False,1.01,1.01,1.01,43.01,0.8087940453029966
True,0.01,2.01,3.01,48.01,1.0672744669891012
True,0.01,0.01,0.01,52.01,0.8061533597874042
False,0.01,0.01,1.01,48.01,0.7077439124492813
False,0.01,0.01,1.01,44.01,0.5328646128774539
True,1.01,0.01,0.01,32.01,0.9654574502578892
True,0.01,0.01,1.01,41.01,1.1767721757612848
False,0.01,0.01,0.01,36.01,1.1276833847800865
False,1.01,1.01,1.01,44.01,0.9366917334310325
False,0.01,1.01,0.01,31.009999999999998,0.7307594920802467
False,2.01,0.01,3.01,46.01,1.24300279019325
False,0.01,0.01,0.01,35.01,1.032573811766744
True,1.01,1.01,1.01,39.01,1.299148859800873
True,3.01,1.01,1.01,35.01,1.8908824891789373
True,0.01,1.01,2.01,36.01,1.5308827241367202
False,0.01,1.01,3.01,43.01,0.4067499701339334
False,0.01,1.01,0.01,42.01,0.9370622494119616
False,1.01,1.01,1.01,37.01,0.7036508810933256
True,1.01,1.01,0.01,47.01,0.6604225933656648
True,1.01,0.01,0.01,54.01,1.4521695486316022
False,0.01,0.01,1.01,32.01,0.7841203887090048
True,0.01,0.01,2.01,35.01,1.3407265221941846
True,0.01,0.01,0.01,46.01,1.302701415233276
False,0.01,0.01,1.01,32.01,0.959230503502496
False,0.01,0.01,0.01,49.01,1.0879391574034432
True,2.01,1.01,1.01,30.009999999999998,1.129846986069584
True,1.01,0.01,2.01,44.01,0.7499423122604291
False,1.01,0.01,0.01,31.009999999999998,1.1976116278601774
False,1.01,2.01,1.01,36.01,0.7462860230270433
True,2.01,1.01,3.01,42.01,1.1202908547768786
False,3.01,3.01,1.01,37.01,1.1547759696118982
False,2.01,1.01,1.01,33.01,0.973912727153931
True,5.01,0.01,3.01,42.01,0.7752330274086491
False,2.01,0.01,2.01,42.01,1.1462342156904228
False,0.01,0.01,2.01,40.01,0.5522755950223813
True,1.01,0.01,2.01,53.01,0.707741180282075
False,0.01,1.01,0.01,37.01,0.8462245153080984
True,0.01,0.01,1.01,46.01,1.118500285907218
False,0.01,0.01,0.01,46.01,1.4721517084789664
False,0.01,1.01,0.01,51.01,1.1554814342282371
False,0.01,1.01,0.01,35.01,0.5445987044894537
True,0.01,0.01,1.01,32.01,0.5477022291255236
False,0.01,0.01,1.01,30.009999999999998,1.0465281298906077
False,0.01,1.01,1.01,47.01,0.4323691201011295
False,0.01,0.01,1.01,39.01,1.0115875725944685
True,0.01,0.01,2.01,45.01,0.7925726529083306
False,0.01,1.01,0.01,38.01,1.036036821334327
True,0.01,1.01,0.01,36.01,1.0737882398104468
False,0.01,0.01,3.01,42.01,0.9954069075121593
True,0.01,0.01,1.01,37.01,0.6401248398289993
True,3.01,0.01,0.01,36.01,1.1448422730080565
False,0.01,0.01,0.01,40.01,0.8987910594058278
False,1.01,0.01,2.01,52.01,0.9135024171398515
False,1.01,0.01,1.01,27.009999999999998,0.9248643231091891
False,0.01,1.01,0.01,45.01,0.46628551582299205
False,2.01,0.01,0.01,39.01,0.6210173370280718
True,1.01,1.01,1.01,46.01,1.0115985770286096
False,0.01,1.01,0.01,43.01,1.1146486352912577
False,1.01,1.01,2.01,46.01,0.9341398219002052
False,3.01,1.01,4.01,43.01,0.7363104916224807
False,2.01,4.01,0.01,29.009999999999998,0.6653653243959889
True,0.01,3.01,0.01,48.01,0.9611470685882558
True,1.01,0.01,2.01,34.01,1.0846207804818861
True,3.01,2.01,1.01,42.01,0.5619048078316113
True,3.01,2.01,0.01,39.01,1.2663050815562296
True,4.01,2.01,0.01,44.01,1.2293830999383777
True,5.01,6.01,2.01,34.01,0.745644649322054
True,0.01,0.01,1.01,45.01,0.6869720065524137
False,0.01,1.01,0.01,45.01,0.7224515431119205
False,1.01,0.01,0.01,45.01,0.6558921310356778
False,0.01,0.01,1.01,52.01,0.7798937265228831
False,0.01,0.01,3.01,52.01,0.8304828651464061
False,0.01,0.01,1.01,33.01,0.8555632813411452
False,0.01,1.01,1.01,32.01,0.8354703114223236
True,0.01,0.01,0.01,51.01,1.1511126175224815
True,0.01,0.01,0.01,36.01,0.6574013673123581
False,0.01,0.01,1.01,31.009999999999998,0.5297184077593416
False,0.01,1.01,0.01,39.01,0.7521016077383667
True,1.01,0.01,0.01,43.01,0.6656824267360574
True,0.01,0.01,0.01,33.01,0.850937811123233
False,1.01,2.01,2.01,35.01,1.317527791852019
True,1.01,2.01,2.01,42.01,1.04557289112209
True,1.01,4.01,0.01,46.01,0.8381248975193522
False,0.01,0.01,1.01,39.01,0.8092727621159087
False,0.01,0.01,0.01,35.01,0.6079962877199293
True,1.01,1.01,1.01,42.01,0.6222771726326844
True,1.01,0.01,1.01,39.01,1.1090711297500155
False,0.01,0.01,0.01,45.01,0.5663995154281957
True,2.01,0.01,2.01,43.01,0.9406011520679796
False,2.01,1.01,0.01,46.01,1.352659204305782
False,1.01,1.01,4.01,43.01,1.0191781459323568
True,2.01,1.01,1.01,47.01,1.0199682915477846
False,2.01,1.01,1.01,33.01,0.6746935438636413
True,0.01,0.01,1.01,46.01,0.9404680145272507
False,1.01,0.01,0.01,38.01,0.643771115854754
True,2.01,2.01,2.01,40.01,0.9630075619463405
True,1.01,2.01,2.01,48.01,0.8121892241346297
False,2.01,2.01,1.01,36.01,0.8512009028412443
False,4.01,1.01,0.01,44.01,0.5168687214838654
False,2.01,2.01,3.01,28.009999999999998,1.2231648951770902
True,0.01,0.01,0.01,42.01,0.9196199653368213
False,0.01,0.01,0.01,40.01,0.685179894292284
True,0.01,1.01,0.01,38.01,1.0800785156708366
False,0.01,0.01,2.01,40.01,1.2170898518004523
False,0.01,0.01,2.01,44.01,0.4955915205846107
False,0.01,0.01,1.01,50.01,1.1058291765471302
False,0.01,0.01,1.01,40.01,0.7683584623702329
False,0.01,0.01,0.01,40.01,0.8191002382449062
True,1.01,2.01,0.01,37.01,0.8640397471196062
False,0.01,0.01,1.01,39.01,0.710298173136721
False,1.01,0.01,0.01,37.01,0.7148245848432313
True,0.01,0.01,0.01,42.01,1.596384145305908
False,0.01,0.01,1.01,53.01,1.1971835735968785
True,0.01,0.01,2.01,30.009999999999998,1.5142353037033884
True,0.01,0.01,0.01,43.01,1.1557298799524716
True,0.01,1.01,1.01,44.01,0.5466655357282629
True,0.01,1.01,3.01,37.01,0.4898943691672716
False,0.01,1.01,0.01,31.009999999999998,0.8159517207279956
True,1.01,0.01,0.01,36.01,0.7531885046307132
True,0.01,1.01,0.01,19.009999999999998,1.431910674414749
False,0.01,0.01,1.01,40.01,0.766131170692006
True,2.01,0.01,2.01,47.01,0.9997545375029848
False,0.01,1.01,2.01,46.01,0.6571526346595924
True,1.01,0.01,0.01,37.01,0.6743590251599405
False,0.01,0.01,0.01,42.01,0.571231648645446
False,1.01,0.01,1.01,42.01,2.086130127228503
False,0.01,0.01,2.01,42.01,1.0756600375043728
False,2.01,3.01,1.01,49.01,0.8217586046847982
True,0.01,2.01,0.01,33.01,1.5637159907921279
False,4.01,0.01,5.01,47.01,0.9202090490439476
False,1.01,3.01,3.01,51.01,0.7803442257013684
True,2.01,5.01,3.01,35.01,0.9300751419684684
False,1.01,3.01,2.01,41.01,1.035140488800307
False,0.01,0.01,0.01,37.01,1.3437706652215045
True,1.01,0.01,2.01,38.01,0.7728055598769272
True,0.01,0.01,0.01,41.01,1.4541024137849405
True,0.01,0.01,1.01,49.01,0.8637761604389571
False,0.01,0.01,0.01,35.01,0.6627623449646252
False,0.01,1.01,1.01,34.01,0.7594842145735088
False,0.01,0.01,1.01,47.01,0.9917010782161088
True,1.01,0.01,0.01,44.01,0.9778921197438543
False,0.01,1.01,0.01,38.01,0.9720875368144465
True,0.01,0.01,1.01,33.01,1.019651685907364
False,0.01,0.01,0.01,43.01,1.116514165924629
False,0.01,0.01,0.01,38.01,1.1666403657021205
True,0.01,0.01,1.01,45.01,1.268050447941752
True,0.01,2.01,1.01,40.01,0.9269957059599554
False,0.01,0.01,0.01,50.01,1.3251040821590196
False,0.01,0.01,1.01,41.01,0.7752595532390929
False,0.01,0.01,0.01,40.01,0.9656574314772159
True,0.01,0.01,0.01,52.01,1.0804633435408428
False,0.01,0.01,1.01,38.01,1.0857294411587999
False,0.01,1.01,1.01,40.01,1.2431451304435155
True,1.01,1.01,2.01,43.01,0.7462181308173064
True,0.01,0.01,0.01,48.01,0.9600979244020754
True,1.01,0.01,2.01,37.01,1.116578459945539
False,1.01,0.01,2.01,45.01,1.1552417508618176
False,0.01,1.01,2.01,45.01,2.062922351866595
False,1.01,0.01,2.01,47.01,1.6376086444669988
False,0.01,1.01,2.01,44.01,1.4354251810864338
False,0.01,1.01,1.01,42.01,1.1211506482398976
True,0.01,3.01,2.01,42.01,0.6472213512711624
False,2.01,1.01,2.01,44.01,1.28481887444133
False,2.01,2.01,0.01,47.01,0.862287799308795
False,2.01,2.01,2.01,44.01,0.8305969492519463
False,0.01,0.01,6.01,34.01,1.5832580603242705
False,0.01,0.01,0.01,37.01,0.7400491932431796
False,0.01,0.01,1.01,43.01,0.6166232464462648
False,0.01,0.01,0.01,42.01,1.4445499499385532
False,0.01,0.01,0.01,33.01,0.8068905770741079
True,0.01,1.01,2.01,37.01,1.1521691556841933
False,0.01,0.01,2.01,42.01,1.2589633314765074
True,0.01,0.01,1.01,46.01,0.5981183621535408
False,0.01,0.01,1.01,41.01,1.0052454303566838
True,1.01,0.01,0.01,28.009999999999998,0.612827037522394
True,0.01,1.01,0.01,36.01,1.0776579179899954
True,1.01,0.01,1.01,54.01,0.5789613082061594
False,0.01,0.01,0.01,32.01,0.6113732185552252
False,0.01,2.01,0.01,30.009999999999998,0.7402889247358351
True,0.01,2.01,1.01,41.01,0.8004229727585902
False,0.01,1.01,0.01,30.009999999999998,0.48936676818255764
True,0.01,1.01,1.01,26.009999999999998,0.5702201712908282
False,1.01,1.01,0.01,36.01,0.9744519163008016
False,0.01,0.01,0.01,39.01,0.8122788646038138
True,0.01,2.01,0.01,34.01,1.697121263707696
False,0.01,0.01,0.01,35.01,1.0985437699572056
False,0.01,0.01,0.01,39.01,0.8788789811002815
False,0.01,1.01,1.01,45.01,0.8725008830655083
True,0.01,1.01,1.01,39.01,1.1180953775119462
False,0.01,1.01,0.01,38.01,0.9448880256666123
True,4.01,0.01,1.01,37.01,1.264278992614274
False,1.01,0.01,1.01,29.009999999999998,1.1305528440326997
True,2.01,1.01,2.01,43.01,0.8089141642641132
False,0.01,1.01,1.01,44.01,0.903481022215092
True,0.01,1.01,2.01,28.009999999999998,1.0893081023226714
True,3.01,1.01,1.01,14.01,0.4688925969527843
False,4.01,2.01,2.01,36.01,1.0227082026210719
False,3.01,2.01,0.01,31.009999999999998,1.3911806420481128
False,1.01,3.01,2.01,43.01,0.7544734065423719
True,0.01,0.01,1.01,44.01,0.9937058027531175
False,1.01,1.01,0.01,48.01,0.9870782477631408
False,1.01,0.01,1.01,34.01,0.8277536873605662
False,0.01,1.01,2.01,48.01,0.6397237817111157
False,0.01,0.01,0.01,52.01,0.977890614791513
False,0.01,0.01,1.01,33.01,0.9760730053516968
False,1.01,0.01,2.01,37.01,0.6461669850458505
True,0.01,1.01,0.01,37.01,0.9504414163772318
False,1.01,1.01,0.01,32.01,1.298764847765862
True,0.01,1.01,2.01,30.009999999999998,0.8333113689945326
True,1.01,0.01,2.01,41.01,1.8434924747979575
True,0.01,1.01,0.01,41.01,0.9999561981607077
True,1.01,0.01,2.01,49.01,1.1711729473428518
False,2.01,1.01,0.01,47.01,1.0235258157857572
False,0.01,0.01,2.01,39.01,1.071049685391843
False,2.01,0.01,0.01,41.01,0.994293435609225
True,1.01,3.01,1.01,33.01,0.7553558775925832
True,1.01,1.01,0.01,46.01,0.648333675796043
False,1.01,1.01,1.01,48.01,0.9181896477758974
False,4.01,2.01,0.01,38.01,0.757352294957864
True,2.01,1.01,2.01,28.009999999999998,0.5736914051051742
False,0.01,3.01,0.01,41.01,1.1639306364964253
False,1.01,0.01,0.01,58.01,1.174336325386068
True,1.01,1.01,1.01,46.01,1.373104539194582
False,2.01,2.01,1.01,34.01,0.8711621858231692
True,0.01,1.01,0.01,41.01,0.6158535064718955
True,7.01,1.01,2.01,43.01,1.3815098518992275
True,3.01,2.01,1.01,43.01,1.555653284962265
True,3.01,2.01,3.01,51.01,1.2072007604248034
False,5.01,1.01,2.01,53.01,0.6452522205463382
True,9.01,3.01,3.01,47.01,0.6580251410866697
False,2.01,4.01,2.01,60.01,0.5088743831089078
False,1.01,4.01,1.01,44.01,1.0627163318475896
False,0.01,0.01,0.01,39.01,0.7153460887549136
False,0.01,0.01,0.01,44.01,0.6098978233726023
False,0.01,0.01,0.01,35.01,1.1235366676410208
False,0.01,0.01,0.01,41.01,0.7460517590414407
False,0.01,0.01,0.01,42.01,1.091089743793773
False,0.01,0.01,1.01,40.01,0.8626854724927855
True,0.01,0.01,1.01,42.01,0.8758779850932074
True,0.01,0.01,0.01,39.01,1.0433286168821612
True,0.01,0.01,0.01,45.01,1.0164486490629436
True,1.01,1.01,2.01,34.01,1.0512185057161514
True,0.01,0.01,1.01,40.01,0.6756878270480587
False,0.01,0.01,0.01,29.009999999999998,0.8918961244597903
True,1.01,0.01,0.01,47.01,0.3960309238269935
False,1.01,0.01,1.01,39.01,0.6583933781513369
False,0.01,0.01,2.01,34.01,0.891655208846022
False,0.01,1.01,1.01,32.01,0.7596477713044443
False,0.01,0.01,1.01,46.01,0.8981956529567922
False,1.01,0.01,1.01,38.01,1.146841825158874
False,0.01,0.01,2.01,30.009999999999998,0.8807914088149448
True,1.01,0.01,0.01,40.01,0.7747613852228457
True,0.01,0.01,1.01,41.01,0.7651637670553347
True,0.01,0.01,1.01,36.01,1.22363734459413
False,0.01,2.01,1.01,35.01,0.8519673738713986
False,1.01,0.01,1.01,35.01,1.4611756454866505
False,0.01,1.01,1.01,48.01,0.651699404944841
True,2.01,0.01,1.01,46.01,0.7342326912277652
True,2.01,1.01,1.01,43.01,0.7766955009894428
True,2.01,0.01,1.01,47.01,0.6905948971372232
False,1.01,1.01,1.01,40.01,0.6561790593767439
True,0.01,4.01,0.01,39.01,0.8196030591681547
True,1.01,0.01,4.01,51.01,1.0593589798159126
True,3.01,0.01,2.01,40.01,1.1936598038931394
False,0.01,0.01,2.01,35.01,1.3579716244544229
False,0.01,0.01,0.01,34.01,0.5873469538410198
True,0.01,0.01,0.01,40.01,1.1974094142327674
True,0.01,2.01,3.01,46.01,1.6614546269692703
True,0.01,0.01,1.01,50.01,1.1575723717140594
True,0.01,2.01,1.01,37.01,0.7397212232890374
False,0.01,0.01,1.01,38.01,0.7896061181071795
False,1.01,0.01,2.01,34.01,0.8708224721783195
False,0.01,0.01,0.01,45.01,0.43076451365227975
True,0.01,0.01,0.01,43.01,0.6333472166073931
False,0.01,0.01,2.01,47.01,0.5390344836464191
False,0.01,0.01,1.01,45.01,1.3703419739056317
True,1.01,0.01,1.01,37.01,0.8521926341886369
False,0.01,1.01,0.01,33.01,1.3947036082116726
True,0.01,0.01,0.01,34.01,1.3506793238198829
True,0.01,0.01,0.01,38.01,1.4242004985202754
False,1.01,1.01,0.01,37.01,1.1751329857351454
False,0.01,0.01,1.01,33.01,1.4234273483624926
False,1.01,0.01,2.01,43.01,0.9740897194942711
False,0.01,0.01,1.01,32.01,1.0127702844895041
False,1.01,2.01,1.01,38.01,1.6923974846933105
False,1.01,2.01,1.01,34.01,1.2281057684595644
False,3.01,1.01,1.01,39.01,1.0570241215831262
True,1.01,1.01,0.01,33.01,1.2375001094445799
False,1.01,0.01,3.01,40.01,1.1705356196499441
True,4.01,1.01,1.01,35.01,1.4124301451734194
True,2.01,0.01,2.01,33.01,1.2218545076784593
True,1.01,3.01,2.01,40.01,1.679152625468809
False,1.01,2.01,0.01,36.01,0.987289107838307
True,5.01,2.01,2.01,30.009999999999998,0.7485037567796189
False,6.01,1.01,0.01,38.01,0.8995729332138648
True,4.01,4.01,4.01,58.01,1.7269580212403077
False,0.01,6.01,0.01,39.01,1.245356278640004
True,7.01,2.01,1.01,30.009999999999998,1.4720448671348108
False,0.01,0.01,1.01,47.01,0.813185470476909
False,1.01,2.01,1.01,43.01,1.201619387029554
False,0.01,1.01,2.01,34.01,1.198898995352059
False,1.01,0.01,3.01,41.01,0.73907455922373
False,0.01,0.01,1.01,44.01,1.1657514711637533
False,0.01,0.01,0.01,27.009999999999998,1.1022534135344515
True,0.01,0.01,0.01,36.01,1.3760851832359224
True,0.01,0.01,0.01,43.01,0.5728566969381145
False,1.01,2.01,2.01,41.01,1.0620446704639241
True,1.01,0.01,0.01,41.01,1.268922259897303
False,0.01,1.01,0.01,43.01,0.6541961187007922
True,1.01,1.01,0.01,40.01,0.8028190313609871
True,0.01,1.01,2.01,27.009999999999998,1.7978760388662647
False,0.01,0.01,1.01,39.01,1.2401812255952873
True,1.01,3.01,3.01,35.01,1.4399586183971906
False,2.01,1.01,0.01,41.01,1.3967727267211651
True,3.01,1.01,1.01,38.01,1.1554507600554915
True,3.01,1.01,2.01,43.01,1.1289583977545194
False,2.01,0.01,0.01,44.01,1.035706239413644
True,1.01,0.01,2.01,40.01,1.060855249237096
True,0.01,2.01,1.01,35.01,0.6959647713062198
False,0.01,1.01,1.01,32.01,0.9517948293045212
False,0.01,1.01,2.01,39.01,0.9559712381891394
False,0.01,0.01,0.01,40.01,0.6435407488175616
True,1.01,2.01,1.01,42.01,0.8118448066337836
False,3.01,4.01,1.01,34.01,1.3004398600940956
False,3.01,4.01,1.01,41.01,1.034766295966003
True,4.01,5.01,2.01,38.01,1.3780009262767885
False,3.01,4.01,1.01,31.009999999999998,1.3987122088437878
True,5.01,4.01,3.01,41.01,1.581418135345817
False,7.01,10.01,4.01,48.01,0.8441612581365902
False,7.01,3.01,3.01,36.01,1.348154683535118
True,0.01,0.01,2.01,54.01,1.0198330471956731
False,0.01,1.01,1.01,37.01,1.0004401300453931
False,1.01,0.01,1.01,38.01,0.7790365980862364
False,0.01,0.01,1.01,34.01,0.9446255600083864
True,1.01,0.01,0.01,36.01,1.2232598918859283
True,0.01,0.01,1.01,49.01,0.5157997244935085
True,0.01,0.01,3.01,31.009999999999998,0.5262361120857761
False,0.01,0.01,1.01,37.01,0.9646502914011605
True,0.01,0.01,1.01,35.01,1.0954725562264647
False,0.01,1.01,0.01,44.01,1.033594559209002
False,0.01,0.01,0.01,36.01,1.305213810389157
False,0.01,0.01,0.01,42.01,1.033503176719215
True,0.01,0.01,0.01,40.01,0.9753783526425766
False,0.01,1.01,1.01,42.01,0.7315999334832761
False,0.01,0.01,1.01,46.01,1.8047905940039155
False,0.01,0.01,2.01,57.01,1.190877742939262
True,0.01,2.01,0.01,44.01,0.7081024047652377
False,0.01,1.01,2.01,53.01,0.8520715151757928
False,1.01,0.01,1.01,22.009999999999998,1.268570244153446
True,0.01,0.01,0.01,35.01,0.5868668930037721
True,0.01,1.01,1.01,41.01,1.2181758460027914
False,0.01,1.01,3.01,44.01,0.9896054176966012
False,2.01,0.01,2.01,40.01,1.0320581221673921
False,2.01,0.01,3.01,44.01,0.9719147960508093
False,2.01,2.01,1.01,40.01,1.0046189806408474
True,2.01,1.01,2.01,38.01,0.6086078394400162
False,3.01,0.01,0.01,51.01,0.8429773403800863
False,0.01,1.01,0.01,28.009999999999998,1.4052516460889626
False,1.01,2.01,2.01,34.01,1.0806999571747002
True,1.01,2.01,4.01,35.01,0.5931320209572033
False,0.01,3.01,2.01,32.01,1.2378494495125754
True,5.01,2.01,1.01,23.009999999999998,0.9340143260530072
True,1.01,6.01,2.01,31.009999999999998,0.5335550379359343
False,0.01,0.01,0.01,32.01,1.3197056772517597
False,0.01,0.01,0.01,25.009999999999998,0.7849154838690076
False,0.01,1.01,0.01,37.01,1.0585638458458466
True,0.01,1.01,2.01,35.01,0.8603091800672445
False,0.01,1.01,2.01,38.01,1.068300221654487
True,0.01,0.01,0.01,46.01,1.1725684657224904
True,0.01,1.01,0.01,33.01,1.3031095302466271
True,0.01,1.01,1.01,38.01,1.5417327603847593
False,0.01,0.01,0.01,47.01,0.573206971953102
True,1.01,0.01,2.01,39.01,0.8359026205196921
False,0.01,0.01,0.01,37.01,0.8487940619937091
False,0.01,1.01,1.01,35.01,1.3483656096219907
True,1.01,0.01,0.01,40.01,0.7482346450896677
True,0.01,0.01,0.01,37.01,0.8860596622651978
False,0.01,0.01,2.01,30.009999999999998,1.2590392441169687
False,0.01,0.01,1.01,31.009999999999998,0.5856889734309606
True,0.01,0.01,0.01,35.01,1.0432896128273572
False,0.01,1.01,0.01,29.009999999999998,0.8639762266222223
False,0.01,0.01,3.01,39.01,0.6764333932719249
False,2.01,0.01,2.01,39.01,0.42560086997975877
False,0.01,0.01,0.01,39.01,1.5962587590716082
False,0.01,1.01,0.01,35.01,1.0529639030678584
True,1.01,0.01,1.01,44.01,1.4517405409459985
False,0.01,1.01,2.01,29.009999999999998,0.8472572621283327
False,2.01,1.01,2.01,39.01,0.6602160443074313
True,1.01,1.01,4.01,45.01,0.74665182715442
True,1.01,1.01,1.01,31.009999999999998,1.1922225749587498
True,1.01,1.01,3.01,28.009999999999998,0.8615608740043356
False,1.01,1.01,5.01,34.01,0.9987842801061734
True,3.01,4.01,3.01,25.009999999999998,1.0013375478168907
False,3.01,1.01,3.01,36.01,1.0412548398817063
True,4.01,5.01,1.01,36.01,1.0560463058885736
True,4.01,0.01,3.01,32.01,0.9922455418496381
True,0.01,0.01,1.01,32.01,0.5059419683691825
False,0.01,0.01,0.01,45.01,0.9256693612685386
True,0.01,0.01,0.01,41.01,1.06235028515308
True,0.01,0.01,1.01,29.009999999999998,0.9292032470485815
True,0.01,0.01,0.01,35.01,1.2187791226433384
False,0.01,0.01,0.01,41.01,1.0564346199565924
False,0.01,0.01,0.01,33.01,0.9812290001973168
True,0.01,0.01,0.01,35.01,0.6738640439468042
True,0.01,0.01,0.01,39.01,1.2420054228142463
True,0.01,1.01,0.01,46.01,1.0678273524532145
False,1.01,0.01,2.01,35.01,1.0394420751581894
False,0.01,0.01,0.01,36.01,1.0964770067867529
True,1.01,1.01,1.01,39.01,1.5835696901138079
False,0.01,0.01,2.01,35.01,0.9806579298205651
False,0.01,0.01,1.01,35.01,0.8245154970966748
False,0.01,1.01,2.01,33.01,0.5152066871379993
False,0.01,1.01,0.01,50.01,1.2674635201540712
False,0.01,1.01,2.01,35.01,1.0361317743920362
False,0.01,2.01,0.01,40.01,1.0915872237162396
False,0.01,0.01,2.01,35.01,1.3178272510919904
False,0.01,0.01,0.01,39.01,0.6845681454166028
False,0.01,0.01,0.01,32.01,1.0363614799616465
False,1.01,0.01,0.01,50.01,0.6191049204207099
False,0.01,0.01,1.01,24.009999999999998,0.8604335933978009
False,0.01,1.01,0.01,44.01,0.8753505490163648
False,0.01,0.01,1.01,35.01,0.867327460556157
False,0.01,0.01,1.01,42.01,0.8864167115905528
False,0.01,0.01,1.01,48.01,0.7501857066358831
False,0.01,0.01,1.01,36.01,0.9014479362038351
True,2.01,4.01,2.01,37.01,1.5271703877549643
True,0.01,1.01,0.01,43.01,0.8021951394518713
False,0.01,1.01,4.01,30.009999999999998,0.9355669711552064
False,3.01,1.01,2.01,39.01,0.9852975210776425
True,0.01,0.01,0.01,36.01,1.544657477166414
True,0.01,0.01,1.01,41.01,1.0847019379646186
False,0.01,1.01,3.01,27.009999999999998,1.549011306431572
True,0.01,0.01,0.01,32.01,1.283686903284069
False,0.01,0.01,0.01,45.01,1.2683308567509028
False,1.01,0.01,1.01,40.01,1.3019091848902957
True,0.01,1.01,0.01,46.01,1.4183370436654792
False,0.01,0.01,1.01,35.01,0.8994482965548902
False,0.01,1.01,0.01,31.009999999999998,0.8046162885850467
False,0.01,0.01,1.01,36.01,1.1593070785020736
False,0.01,0.01,1.01,37.01,0.6533460873358571
False,0.01,0.01,2.01,47.01,1.236137045459162
True,0.01,0.01,0.01,40.01,0.9867816433108787
False,1.01,1.01,1.01,37.01,0.6245969776790714
True,0.01,0.01,2.01,37.01,1.4478229703908811
False,0.01,0.01,1.01,44.01,1.1814937359366309
False,0.01,0.01,1.01,40.01,0.7308854368353068
False,0.01,0.01,0.01,50.01,0.7068061094915316
True,0.01,0.01,1.01,40.01,1.6638629436086976
False,0.01,0.01,1.01,36.01,1.1800360609726575
True,0.01,0.01,0.01,39.01,0.9912892729500632
False,1.01,0.01,1.01,40.01,0.9963438906966245
False,0.01,0.01,0.01,44.01,1.2442582482425335
True,0.01,0.01,1.01,34.01,0.7557310465319178
False,0.01,0.01,1.01,30.009999999999998,0.9435713666898202
False,0.01,0.01,1.01,32.01,0.791389703279807
False,1.01,0.01,0.01,35.01,1.105704062568589
True,0.01,2.01,1.01,34.01,0.9423450750190351
False,0.01,1.01,3.01,41.01,0.8380602949890755
True,2.01,0.01,2.01,40.01,0.7668674491727042
True,3.01,3.01,0.01,47.01,0.9695073712561164
False,0.01,0.01,2.01,38.01,1.176466648466505
True,0.01,0.01,0.01,34.01,1.2242085533145903
False,0.01,0.01,1.01,34.01,0.9696518253494999
False,0.01,0.01,1.01,52.01,0.8829624518584475
False,0.01,0.01,2.01,46.01,0.42575936216298893
False,0.01,1.01,0.01,36.01,0.6281997325592173
False,0.01,0.01,0.01,44.01,0.8586872171341556
False,0.01,0.01,1.01,39.01,1.2473274959485405
False,0.01,2.01,0.01,42.01,1.0657960557960557
True,0.01,0.01,0.01,44.01,1.2541578345167566
False,0.01,0.01,0.01,46.01,0.649528151051777
True,1.01,1.01,1.01,42.01,0.851741721539932
True,0.01,1.01,0.01,41.01,1.3324908592755127
False,0.01,2.01,2.01,38.01,0.8545844262060258
True,0.01,0.01,4.01,55.01,0.5853291614839617
True,1.01,1.01,1.01,49.01,0.7044460835493566
False,0.01,0.01,0.01,47.01,1.4142781868039078
False,1.01,0.01,2.01,45.01,1.1587445152886329
False,0.01,0.01,1.01,31.009999999999998,0.9561657458492178
False,1.01,1.01,1.01,37.01,1.1182024053145971
True,1.01,2.01,2.01,43.01,0.8464122456856085
False,1.01,0.01,0.01,41.01,0.5039814015791038
True,0.01,0.01,3.01,50.01,0.7077464247714471
False,2.01,1.01,0.01,44.01,0.9475507840031282
True,0.01,0.01,1.01,31.009999999999998,1.472870714372461
True,2.01,0.01,2.01,40.01,1.3464695802569022
False,0.01,0.01,0.01,37.01,1.261442871141014
False,1.01,1.01,4.01,49.01,0.9694434773457241
True,1.01,0.01,1.01,47.01,0.9305097876238684
False,2.01,2.01,2.01,43.01,1.0856747096711354
True,0.01,1.01,2.01,43.01,0.8077087139701556
True,1.01,2.01,0.01,31.009999999999998,1.6045435666436718
True,3.01,1.01,0.01,47.01,1.1542938161166143
True,0.01,1.01,1.01,32.01,1.1186625600244713
False,0.01,1.01,1.01,49.01,0.5129125250058417
False,0.01,0.01,0.01,47.01,0.6395735514485515
False,0.01,0.01,0.01,50.01,1.0843283052078068
False,0.01,0.01,0.01,32.01,1.140241840521076
True,0.01,0.01,0.01,30.009999999999998,0.516596103737134
False,0.01,0.01,2.01,37.01,1.2577423729115655
False,1.01,0.01,0.01,35.01,1.0666622059976383
False,0.01,1.01,0.01,44.01,0.9176989586580174
False,1.01,1.01,0.01,32.01,0.8536966731182175
True,1.01,0.01,0.01,33.01,0.7026985775898819
False,0.01,0.01,0.01,55.01,0.9476054611860805
True,1.01,0.01,1.01,41.01,0.7089239830202828
False,0.01,0.01,1.01,31.009999999999998,0.8733612894344006
True,1.01,0.01,2.01,33.01,0.5694313920920421
False,0.01,1.01,0.01,40.01,0.8864605137141528
True,0.01,0.01,1.01,36.01,1.4304684475675944
False,0.01,0.01,0.01,37.01,1.3010929225265444
True,0.01,1.01,0.01,39.01,1.0651255664277486
False,0.01,0.01,2.01,41.01,0.7173754705333654
False,0.01,0.01,2.01,41.01,1.6614172488881618
False,0.01,0.01,1.01,37.01,1.5928377658998454
True,0.01,0.01,0.01,44.01,0.9988411546326424
False,1.01,1.01,1.01,33.01,0.4606953808135454
False,1.01,0.01,1.01,38.01,1.3680333345237998
False,1.01,1.01,1.01,31.009999999999998,1.1067106108599836
False,0.01,1.01,0.01,55.01,1.6314651704916507
False,1.01,0.01,1.01,30.009999999999998,0.9551802978920828
True,0.01,1.01,0.01,31.009999999999998,1.2428390366548265
True,1.01,0.01,3.01,39.01,0.933343610412576
True,2.01,0.01,1.01,41.01,1.1375282674646914
True,3.01,0.01,0.01,39.01,1.0101784588015157
True,1.01,0.01,7.01,42.01,1.624780983302196
True,0.01,1.01,0.01,41.01,1.2661143785519282
True,2.01,0.01,2.01,38.01,1.3101217992641816
False,0.01,0.01,3.01,47.01,1.7662381550077781
False,0.01,0.01,0.01,41.01,0.9978115132690957
False,0.01,0.01,1.01,44.01,0.8662669391124275
True,0.01,0.01,0.01,42.01,0.7415333852519207
False,0.01,0.01,0.01,37.01,1.2644194041871337
True,0.01,0.01,3.01,47.01,1.0419036379161726
False,1.01,1.01,2.01,47.01,1.4006691482963525
False,0.01,0.01,0.01,51.01,1.1612605913181153
False,1.01,0.01,2.01,44.01,0.7434834675049629
False,1.01,0.01,0.01,40.01,1.455274235143211
False,0.01,1.01,0.01,42.01,1.1621026251907733
True,0.01,2.01,1.01,53.01,1.7302504250337583
False,0.01,0.01,0.01,47.01,1.090829834249242
False,2.01,0.01,2.01,57.01,1.10107122366825
False,0.01,0.01,1.01,43.01,0.9161122248583549
False,0.01,1.01,0.01,34.01,1.4077645381157042
False,0.01,0.01,0.01,33.01,0.9457543726633825
True,1.01,0.01,1.01,39.01,1.4914048931965118
False,1.01,2.01,1.01,41.01,0.7834862398734246
False,0.01,1.01,1.01,34.01,0.9491549742937676
True,0.01,1.01,2.01,41.01,1.6227232257953084
True,0.01,2.01,1.01,33.01,0.9388255242051957
False,0.01,0.01,1.01,51.01,1.2855089725701982
True,1.01,1.01,2.01,43.01,1.2297173399258359
True,0.01,1.01,2.01,30.009999999999998,0.7769015343967389
False,1.01,0.01,1.01,40.01,1.1959608039248577
True,2.01,2.01,4.01,44.01,1.3180171215190863
True,3.01,2.01,1.01,41.01,0.9796657534231235
True,0.01,1.01,1.01,55.01,0.9451912726172845
False,2.01,1.01,0.01,38.01,1.588214858378882
True,0.01,2.01,2.01,47.01,1.3189451296016368
False,0.01,2.01,4.01,42.01,0.863649688498668
True,4.01,1.01,3.01,46.01,0.7138018661105809
False,0.01,0.01,1.01,40.01,0.9404856766040977
False,0.01,0.01,0.01,54.01,0.7904799303308058
False,0.01,0.01,0.01,44.01,0.7255385722045314
False,0.01,0.01,0.01,43.01,1.618209665914269
False,0.01,0.01,1.01,35.01,0.6966997996793391
False,0.01,2.01,0.01,37.01,1.0303607699149284
False,0.01,1.01,2.01,41.01,0.9621442247182107
False,0.01,1.01,0.01,48.01,1.2199771482985158
True,1.01,0.01,1.01,29.009999999999998,1.3264670841141426
False,0.01,0.01,0.01,38.01,1.1184954997665273
False,0.01,0.01,0.01,40.01,1.7884209726451743
True,0.01,0.01,0.01,45.01,0.8913070928022437
True,2.01,0.01,0.01,32.01,0.738472205968336
False,0.01,1.01,0.01,41.01,0.8210298379581267
True,1.01,0.01,0.01,39.01,1.1345556400673158
False,1.01,1.01,1.01,40.01,0.8897689893278539
False,0.01,0.01,0.01,37.01,1.2649431594390403
True,0.01,2.01,0.01,29.009999999999998,1.8162964326122222
True,0.01,0.01,1.01,48.01,0.6249025958310108
False,0.01,1.01,1.01,41.01,1.3611759876570992
True,0.01,1.01,2.01,44.01,1.0754114540730275
True,1.01,0.01,1.01,46.01,0.5328331086959436
True,3.01,2.01,1.01,44.01,0.7639825678611896
True,1.01,2.01,1.01,34.01,0.8651881264279178
False,1.01,0.01,0.01,34.01,0.8024365888942928
False,1.01,0.01,3.01,40.01,0.9943823602591932
True,2.01,2.01,0.01,28.009999999999998,0.851863046390865
False,1.01,1.01,2.01,45.01,1.2313278578454867
True,6.01,1.01,0.01,41.01,0.9682440423099355
False,1.01,1.01,1.01,38.01,0.9038317521436943
False,1.01,6.01,1.01,45.01,1.2164579857720754
False,2.01,2.01,5.01,34.01,0.9632552145573967
True,2.01,1.01,3.01,50.01,1.3872744611530827
False,0.01,0.01,0.01,40.01,0.8564158886242411
True,1.01,0.01,1.01,47.01,0.7692600037721989
True,0.01,0.01,2.01,45.01,1.028995381492174
False,2.01,0.01,0.01,45.01,0.6668524750103697
False,0.01,0.01,1.01,36.01,0.8309904321295707
False,0.01,0.01,0.01,45.01,0.46346098427951177
False,0.01,0.01,0.01,46.01,0.8193102744656613
True,0.01,0.01,0.01,34.01,0.8187025524965484
True,0.01,2.01,1.01,39.01,0.9471610065965391
True,0.01,0.01,0.01,43.01,0.813502555556624
True,0.01,1.01,0.01,39.01,0.8327675290902035
False,1.01,0.01,0.01,38.01,0.9566198901260197
False,0.01,0.01,0.01,30.009999999999998,0.8102671499767775
False,0.01,0.01,0.01,47.01,1.0921054613363266
False,2.01,1.01,1.01,34.01,0.7767248560871284
True,0.01,1.01,1.01,33.01,0.8143740668777687
True,0.01,1.01,1.01,43.01,0.615019894118945
True,0.01,0.01,1.01,38.01,1.1844154603111523
False,0.01,2.01,1.01,41.01,0.8171783490050556
False,0.01,1.01,0.01,41.01,1.5404088172619026
True,0.01,1.01,1.01,33.01,0.967304013951991
False,2.01,0.01,0.01,44.01,1.63245892810498
False,1.01,1.01,0.01,51.01,0.8931995142754949
False,1.01,0.01,0.01,34.01,1.389469013296488
True,1.01,0.01,0.01,45.01,0.7158084251695871
True,0.01,2.01,0.01,30.009999999999998,1.178307189575061
False,1.01,2.01,0.01,34.01,0.8853720133052567
False,1.01,2.01,1.01,29.009999999999998,0.9150996685739361
False,0.01,2.01,1.01,44.01,1.2135245390642064
False,2.01,1.01,1.01,44.01,1.081916480247525
False,2.01,0.01,1.01,35.01,1.2019222775731755
True,6.01,3.01,0.01,47.01,1.0532962688822498
False,2.01,4.01,2.01,51.01,1.3984840710420956
True,0.01,0.01,1.01,39.01,0.6681265366016006
False,1.01,1.01,2.01,49.01,0.9144724312574211
False,0.01,0.01,1.01,43.01,0.8595207310435015
False,0.01,0.01,0.01,47.01,1.2447572938027285
False,0.01,0.01,1.01,45.01,1.020579761935331
False,0.01,0.01,0.01,38.01,1.1022922493742928
False,0.01,1.01,1.01,43.01,0.9297433269194076
False,1.01,0.01,2.01,43.01,0.8089887186411905
True,0.01,1.01,1.01,36.01,0.5466428013281464
True,0.01,1.01,0.01,34.01,0.4345431379622556
False,0.01,0.01,1.01,37.01,0.46308784120187246
False,0.01,0.01,1.01,37.01,0.48099373801400536
True,0.01,0.01,1.01,32.01,0.654712871487203
True,0.01,1.01,0.01,43.01,0.5813936424772338
False,0.01,0.01,0.01,42.01,0.9949065324630139
False,0.01,0.01,1.01,39.01,1.0804847793035837
True,2.01,0.01,1.01,31.009999999999998,1.7301147067944094
True,0.01,1.01,0.01,27.009999999999998,1.250625418227677
False,0.01,0.01,1.01,46.01,1.3091060529924352
False,2.01,0.01,0.01,48.01,0.5940016174213704
True,2.01,1.01,1.01,38.01,0.8175254712539397
True,1.01,0.01,1.01,40.01,0.9612679736310566
False,1.01,0.01,0.01,44.01,0.6239015796997296
False,1.01,0.01,1.01,40.01,0.7881011979886323
True,0.01,1.01,0.01,35.01,0.6071619207371487
False,0.01,1.01,0.01,44.01,1.0202968740915093
False,2.01,1.01,3.01,49.01,0.7018884990056828
False,3.01,1.01,0.01,37.01,0.7962862082637238
False,2.01,1.01,0.01,43.01,1.1390144927429577
True,5.01,0.01,1.01,43.01,0.5123422452651777
False,0.01,1.01,1.01,34.01,0.9119450087727398
True,2.01,2.01,0.01,58.01,0.6904036884770415
False,3.01,2.01,2.01,36.01,0.8969286870583738
False,0.01,1.01,0.01,27.009999999999998,1.1567542317535804
False,0.01,1.01,0.01,32.01,1.1704355762879064
False,0.01,0.01,0.01,45.01,1.1288590712618172
False,0.01,1.01,0.01,40.01,0.7548946835459369
True,0.01,0.01,1.01,42.01,0.6278653642164865
True,0.01,1.01,1.01,58.01,0.6876588133880512
True,0.01,1.01,2.01,40.01,0.82621330353913
True,1.01,0.01,0.01,47.01,1.2468132359082609
False,0.01,0.01,0.01,33.01,0.8210653960922971
False,0.01,0.01,0.01,46.01,0.818121429937523
False,0.01,1.01,1.01,45.01,0.6533945670890683
True,0.01,0.01,2.01,43.01,1.0803854322889317
True,0.01,1.01,0.01,44.01,1.2723424593943824
False,0.01,0.01,0.01,40.01,0.8389478576978577
True,1.01,1.01,0.01,45.01,0.9946313111189152
False,0.01,1.01,0.01,61.01,1.0442103049954037
True,0.01,1.01,0.01,33.01,0.8305110503256965
False,1.01,2.01,0.01,45.01,1.0934406065767315
False,0.01,0.01,1.01,37.01,1.145258899597135
False,0.01,0.01,1.01,39.01,1.4006509506337903
False,0.01,1.01,0.01,32.01,1.0113786077244948
True,0.01,0.01,0.01,42.01,0.6522237040229032
False,1.01,2.01,1.01,42.01,0.6335601331517847
False,0.01,0.01,2.01,40.01,0.8663875296068185
True,1.01,1.01,4.01,39.01,1.204669036845873
False,1.01,2.01,0.01,32.01,1.3308697003661514
True,1.01,2.01,0.01,38.01,0.9655606821943845
False,0.01,2.01,2.01,56.01,1.2753221526729281
False,1.01,4.01,2.01,44.01,1.0046341103327252
False,1.01,2.01,0.01,50.01,0.8435998121437864
True,3.01,1.01,2.01,31.009999999999998,1.1687792856200991
False,6.01,3.01,1.01,30.009999999999998,0.8145946487053891
False,2.01,2.01,2.01,42.01,0.8618326731213287
True,1.01,2.01,2.01,43.01,0.6646068072922292
True,1.01,1.01,0.01,41.01,1.266028214665094
False,0.01,0.01,2.01,34.01,0.47579619525215155
True,0.01,0.01,0.01,34.01,1.3886858485511422
False,0.01,1.01,1.01,43.01,0.9784184404995877
False,2.01,1.01,0.01,36.01,1.078131265282345
False,3.01,0.01,1.01,48.01,0.6892318624217968
True,0.01,1.01,0.01,39.01,0.9229834698217052
False,0.01,0.01,1.01,38.01,1.4787063583573505
True,3.01,0.01,1.01,40.01,1.0197551471713084
True,0.01,0.01,2.01,36.01,1.5047463622511699
False,0.01,2.01,2.01,41.01,0.6994510332464462
True,1.01,2.01,2.01,30.009999999999998,0.7459137700977893
False,1.01,2.01,1.01,28.009999999999998,1.372189666455138
False,2.01,1.01,2.01,38.01,1.9168711532789042
True,2.01,3.01,1.01,37.01,1.0053711665946088
False,2.01,0.01,0.01,39.01,1.2956333692139974
True,0.01,2.01,5.01,44.01,1.8278248301662037
True,3.01,0.01,0.01,31.009999999999998,1.4804798017653973
False,1.01,3.01,1.01,34.01,0.9844076679254699
True,1.01,3.01,0.01,30.009999999999998,0.5280276459460943
False,1.01,1.01,0.01,40.01,0.5369393469951278
False,4.01,3.01,2.01,39.01,1.7985441367644022
False,3.01,2.01,3.01,33.01,1.235274019741051
False,2.01,2.01,1.01,39.01,0.7223907633913754
True,3.01,1.01,2.01,36.01,1.0034487572007298
False,1.01,2.01,3.01,47.01,1.6992428244980238
False,4.01,4.01,2.01,34.01,1.186937964745936
False,8.01,8.01,1.01,31.009999999999998,1.0931274256008778
False,6.01,10.01,1.01,23.009999999999998,0.8860000435099422
True,7.01,9.01,4.01,34.01,1.4870063174891464
True,8.01,5.01,0.01,43.01,1.6807692310189817
False,0.01,0.01,1.01,38.01,1.348049504118886
False,0.01,0.01,0.01,38.01,0.9493605377428908
False,0.01,0.01,0.01,41.01,1.4485449504865433
True,0.01,0.01,1.01,35.01,0.6258775347680579
True,0.01,0.01,2.01,41.01,1.217076001941294
True,0.01,0.01,0.01,39.01,0.7346235591560384
True,0.01,0.01,0.01,39.01,0.8501808867106182
True,0.01,0.01,0.01,34.01,1.3241821392332491
False,1.01,1.01,0.01,33.01,1.0911431663403959
False,0.01,0.01,1.01,36.01,0.9871424089336591
True,0.01,0.01,1.01,46.01,0.7083745825968624
False,0.01,0.01,0.01,33.01,0.7962176923146587
False,0.01,0.01,0.01,45.01,0.8200037312551633
True,0.01,0.01,1.01,33.01,0.8005896150341628
False,0.01,0.01,0.01,32.01,0.5697944086715035
True,0.01,0.01,0.01,39.01,1.45039519069126
False,0.01,1.01,2.01,34.01,0.8165008391848851
False,0.01,1.01,0.01,43.01,1.2212498506538754
True,0.01,0.01,1.01,29.009999999999998,0.8070382122866593
True,0.01,0.01,0.01,41.01,0.9763548143131296
False,0.01,0.01,0.01,49.01,0.9253706256587916
True,0.01,0.01,1.01,28.009999999999998,0.8205642712359494
False,2.01,0.01,2.01,40.01,1.2449091151414202
True,2.01,1.01,1.01,38.01,1.3817289971112823
False,0.01,0.01,3.01,51.01,1.1338355174280632
False,0.01,1.01,0.01,37.01,1.0942239212400502
True,0.01,2.01,2.01,38.01,1.0493045996277865
False,1.01,1.01,4.01,42.01,1.3829840153092428
False,1.01,1.01,0.01,37.01,1.9968156746619747
False,3.01,3.01,1.01,46.01,1.2031200988553932
False,2.01,0.01,4.01,50.01,0.5305837818507978
False,2.01,2.01,1.01,37.01,0.8513774438332266
False,1.01,1.01,4.01,38.01,1.0210441601820912
False,0.01,0.01,1.01,43.01,0.6661263108543171
False,0.01,0.01,1.01,45.01,0.4996273817021709
False,0.01,0.01,1.01,48.01,0.9412323829958062
False,0.01,0.01,1.01,52.01,0.7008018728021173
False,0.01,0.01,1.01,39.01,0.7776856304133195
True,0.01,0.01,2.01,37.01,1.063844871827328
False,0.01,0.01,0.01,46.01,0.7588099662388388
True,0.01,1.01,1.01,34.01,0.905552377800076
True,1.01,1.01,2.01,35.01,0.8214838317997988
False,2.01,0.01,2.01,39.01,0.7154815690598226
False,1.01,0.01,2.01,44.01,0.9171721468536219
True,0.01,0.01,0.01,42.01,1.1278271203083678
True,0.01,0.01,0.01,48.01,1.064773092008348
False,1.01,0.01,0.01,31.009999999999998,1.0014940759847717
True,1.01,0.01,1.01,38.01,1.3023002340769465
False,0.01,1.01,1.01,43.01,1.3528746861500611
True,0.01,0.01,1.01,40.01,1.0867050416044226
True,0.01,0.01,0.01,39.01,0.5064469597036176
False,0.01,1.01,2.01,39.01,0.9398830386872448
False,1.01,0.01,0.01,42.01,0.8573110704689652
False,0.01,0.01,2.01,39.01,0.4964553505639224
True,1.01,0.01,0.01,40.01,0.5719360693481083
True,0.01,0.01,2.01,44.01,0.940334354605437
False,0.01,0.01,0.01,46.01,0.9525374799594509
False,3.01,0.01,2.01,43.01,1.5041692966387599
True,1.01,0.01,0.01,42.01,1.019172610310788
True,1.01,0.01,0.01,48.01,1.0162764403245714
False,1.01,2.01,1.01,57.01,1.9916189481428985
False,0.01,4.01,2.01,45.01,0.8145239515859721
False,3.01,2.01,1.01,42.01,0.8494767344932406
False,0.01,6.01,2.01,35.01,0.9592672430242005
False,1.01,0.01,1.01,43.01,1.7471574546982276
False,3.01,2.01,5.01,43.01,1.1216699885082237
False,0.01,0.01,0.01,40.01,0.47942464836604354
True,0.01,0.01,0.01,35.01,1.1243344368970998
True,2.01,0.01,0.01,31.009999999999998,1.2256782773442367
True,0.01,2.01,0.01,41.01,0.48061181551089904
True,0.01,0.01,0.01,37.01,0.9224160582721028
True,0.01,0.01,1.01,34.01,0.6136019762226235
False,0.01,1.01,0.01,58.01,0.7427166309143053
True,1.01,1.01,1.01,30.009999999999998,1.1818357758798936
False,1.01,0.01,1.01,30.009999999999998,0.998400503942851
True,0.01,1.01,0.01,31.009999999999998,1.3027155699275175
False,0.01,1.01,2.01,32.01,0.8553400631585619
False,1.01,0.01,1.01,34.01,1.347320601011913
False,0.01,0.01,0.01,46.01,1.094092292819073
False,1.01,3.01,0.01,34.01,1.3224941445200065
False,1.01,1.01,0.01,30.009999999999998,1.584689175278154
False,0.01,1.01,4.01,46.01,0.8441650698438503
False,1.01,0.01,0.01,41.01,1.3695080894057263
True,0.01,0.01,0.01,44.01,0.5133880265815168
False,0.01,3.01,1.01,36.01,1.066422653990999
False,2.01,0.01,0.01,27.009999999999998,1.0430039199290988
True,0.01,0.01,0.01,37.01,1.2938108799674948
True,0.01,1.01,2.01,39.01,1.0444189682327463
False,1.01,1.01,0.01,41.01,1.5411490522484412
True,0.01,1.01,1.01,52.01,0.6071016448528562
True,1.01,0.01,1.01,41.01,0.5551453635292081
True,1.01,0.01,0.01,46.01,1.1902702293006777
False,0.01,0.01,1.01,34.01,0.948966870173964
False,1.01,2.01,1.01,49.01,0.8625367017758065
True,2.01,2.01,1.01,30.009999999999998,1.2054387726654894
True,1.01,1.01,0.01,44.01,1.2237750885504417
True,4.01,1.01,2.01,44.01,1.4831104686089387
True,1.01,1.01,2.01,33.01,1.3339249291237252
True,4.01,6.01,2.01,38.01,1.5991702567234356
True,0.01,0.01,0.01,38.01,1.5533957385291444
False,0.01,0.01,0.01,40.01,1.2824606507521492
True,0.01,0.01,0.01,39.01,1.0519909538103223
True,0.01,0.01,2.01,38.01,1.4071649062715677
True,0.01,0.01,1.01,41.01,1.0852778461969639
False,0.01,0.01,0.01,47.01,1.6492211141152677
True,0.01,0.01,1.01,26.009999999999998,1.1301708581029446
False,0.01,0.01,0.01,31.009999999999998,0.6043743762723567
True,0.01,1.01,1.01,48.01,1.5600058752314483
True,0.01,0.01,1.01,33.01,1.446196834821854
False,0.01,1.01,0.01,36.01,1.1584381239918218
True,0.01,0.01,1.01,41.01,0.9875112533986309
True,0.01,0.01,0.01,31.009999999999998,1.2537708849121894
False,0.01,0.01,1.01,36.01,1.1972004538837224
False,1.01,0.01,0.01,43.01,0.8261039247714896
False,1.01,0.01,0.01,32.01,0.5070258757279058
True,0.01,0.01,1.01,35.01,1.439614637114105
False,0.01,0.01,1.01,46.01,1.3903741096283113
False,1.01,1.01,1.01,37.01,1.6832922286891787
False,0.01,1.01,0.01,32.01,0.8356813691055244
False,0.01,1.01,1.01,40.01,0.7982542416128495
False,1.01,1.01,1.01,41.01,1.9210762825399004
False,0.01,1.01,0.01,43.01,0.9948400325346479
False,0.01,0.01,0.01,33.01,0.9550631379202806
True,2.01,0.01,2.01,37.01,1.2785488505533529
False,0.01,2.01,3.01,51.01,0.7754886141955106
False,1.01,0.01,0.01,59.01,0.7575021558974009
False,0.01,2.01,0.01,27.009999999999998,0.8897655538644913
False,1.01,1.01,1.01,37.01,1.6801468355578453
True,3.01,7.01,1.01,27.009999999999998,0.6654810742105824
True,2.01,2.01,2.01,36.01,1.082643280316888
True,3.01,3.01,3.01,49.01,1.2349326832054066
True,2.01,2.01,2.01,43.01,1.190954501414839
True,0.01,0.01,1.01,36.01,0.9287410154519357
True,0.01,0.01,1.01,38.01,1.3973842732550974
False,0.01,0.01,1.01,45.01,0.8369575085507484
False,0.01,0.01,1.01,42.01,0.6190160454103818
False,0.01,0.01,0.01,43.01,1.5091014060965535
True,0.01,0.01,2.01,58.01,0.9581432553178414
False,0.01,0.01,0.01,36.01,0.7363484498548759
True,0.01,0.01,0.01,45.01,0.842607250263839
True,0.01,0.01,2.01,59.01,0.7274225496282388
True,0.01,0.01,1.01,28.009999999999998,0.9294073085991098
True,0.01,0.01,0.01,39.01,0.7483523591070201
False,1.01,0.01,0.01,37.01,0.35833349272959536
False,0.01,1.01,1.01,33.01,1.1481463499580604
True,0.01,0.01,0.01,54.01,1.2969594705055827
False,0.01,1.01,0.01,40.01,1.566401313887805
True,1.01,0.01,0.01,36.01,0.8583082867260036
False,0.01,0.01,1.01,48.01,0.9166761522964376
True,0.01,0.01,2.01,53.01,1.050574802424018
True,0.01,0.01,3.01,42.01,0.9997385174006653
False,2.01,0.01,2.01,48.01,0.7869454433602024
False,0.01,0.01,0.01,36.01,0.8391109741432822
False,0.01,0.01,1.01,39.01,0.7809349324670847
False,0.01,2.01,1.01,36.01,0.8815381863913901
False,1.01,0.01,0.01,37.01,0.4897053133068672
True,1.01,3.01,5.01,40.01,0.6518869705341006
True,0.01,0.01,0.01,40.01,1.323187296570393
False,0.01,1.01,0.01,43.01,0.9662877716202525
False,2.01,0.01,2.01,29.009999999999998,1.2870526041357528
False,1.01,1.01,0.01,51.01,1.3482599659514671
False,0.01,2.01,1.01,35.01,0.8693719497746517
False,1.01,0.01,1.01,41.01,1.2444200892817043
False,1.01,2.01,3.01,34.01,1.2065906671330606
False,1.01,0.01,0.01,48.01,0.6975649061571737
False,0.01,0.01,0.01,42.01,0.6302010513930247
False,2.01,0.01,1.01,47.01,0.86867715543732
True,0.01,0.01,0.01,39.01,0.6558148714031068
False,0.01,0.01,1.01,49.01,0.9151608816220229
True,0.01,1.01,0.01,36.01,0.5354729417996695
False,0.01,0.01,1.01,32.01,0.7800530749443793
False,0.01,1.01,0.01,37.01,0.9723697149717956
False,0.01,0.01,1.01,40.01,1.153719245149541
True,0.01,0.01,0.01,45.01,1.060325246935154
False,0.01,0.01,0.01,40.01,0.7947079292964292
False,0.01,0.01,1.01,40.01,0.7053265895805574
False,0.01,0.01,0.01,35.01,0.5946141926589965
False,0.01,0.01,0.01,43.01,0.8069470759244651
True,0.01,3.01,0.01,34.01,0.8291384732096801
False,0.01,0.01,0.01,46.01,0.9910798772341783
True,0.01,1.01,1.01,40.01,1.1059694185527276
True,1.01,0.01,0.01,43.01,0.8246161063066096
True,0.01,1.01,1.01,43.01,1.3612087353216664
False,0.01,0.01,1.01,42.01,1.5750039248935683
False,0.01,0.01,0.01,51.01,0.8599954044369222
False,0.01,1.01,1.01,50.01,0.6394713591907241
False,1.01,0.01,0.01,42.01,1.0322784546469395
True,1.01,0.01,1.01,36.01,0.7817247953364105
False,0.01,1.01,1.01,37.01,0.9835383084508352
False,2.01,1.01,2.01,48.01,0.9577898550724635
True,0.01,1.01,0.01,43.01,1.0537004059680997
True,1.01,3.01,1.01,31.009999999999998,0.7266373034345298
True,1.01,1.01,2.01,44.01,0.49831511446248566
True,2.01,2.01,0.01,33.01,0.786618955031562
False,3.01,2.01,1.01,27.009999999999998,0.71222506251918
False,3.01,0.01,0.01,56.01,1.1992752357148642
True,0.01,2.01,3.01,42.01,0.6159953974238581
False,4.01,1.01,4.01,44.01,1.2581102134565134
True,0.01,0.01,0.01,54.01,1.284751349105998
False,0.01,0.01,0.01,37.01,1.3688521694231
False,0.01,0.01,1.01,38.01,1.565738358949526
False,0.01,0.01,1.01,41.01,1.1804430458525053
False,0.01,0.01,0.01,39.01,1.5767992847651673
True,0.01,0.01,1.01,38.01,0.7426690270933538
True,0.01,1.01,0.01,40.01,0.4753912726314066
False,0.01,0.01,0.01,40.01,1.313569834857841
True,0.01,0.01,0.01,44.01,0.8833044497126652
True,0.01,0.01,0.01,37.01,1.5529314601848956
False,0.01,0.01,0.01,42.01,0.7869911545075684
False,0.01,1.01,0.01,40.01,0.8870892760913051
False,0.01,0.01,0.01,36.01,0.9920420064313606
True,0.01,0.01,1.01,35.01,1.3987167554929032
True,1.01,1.01,1.01,39.01,1.7188284678522527
True,0.01,0.01,0.01,39.01,0.9868098716520278
True,0.01,1.01,2.01,49.01,0.6671242059079883
True,0.01,0.01,1.01,46.01,1.5855518251362453
False,0.01,1.01,1.01,31.009999999999998,0.9077609533784244
False,2.01,1.01,1.01,46.01,1.1132686897140964
False,0.01,0.01,1.01,26.009999999999998,0.9880771246734245
False,1.01,0.01,2.01,33.01,0.7922273502188721
True,0.01,0.01,0.01,37.01,1.1573462859968666
False,2.01,1.01,1.01,41.01,1.0835202745283392
True,1.01,0.01,1.01,43.01,1.4702829591903557
True,0.01,2.01,1.01,49.01,1.119971348105427
False,0.01,1.01,3.01,34.01,1.2335325004711664
False,0.01,2.01,1.01,37.01,1.140224470130637
False,0.01,0.01,2.01,47.01,0.8957577253900784
False,1.01,0.01,1.01,42.01,1.0101620828827602
False,3.01,2.01,2.01,35.01,1.705855990437909
False,3.01,1.01,0.01,46.01,1.4109716466896047
False,5.01,3.01,2.01,40.01,1.4314902964122673
True,0.01,0.01,1.01,35.01,1.142046632926451
False,0.01,0.01,1.01,40.01,1.1998398771060295
False,0.01,0.01,1.01,35.01,0.99097065939831
False,0.01,0.01,1.01,53.01,0.562736351261038
False,1.01,1.01,0.01,52.01,0.8917841978332545
False,1.01,1.01,0.01,50.01,0.5818787429521652
True,0.01,0.01,0.01,40.01,1.112163949851527
False,0.01,0.01,2.01,38.01,0.903656592837938
False,1.01,0.01,0.01,39.01,0.9266977022666301
False,0.01,0.01,0.01,42.01,1.6388020581343992
False,0.01,1.01,1.01,55.01,0.8377614869326997
False,2.01,1.01,1.01,39.01,0.4311943853248202
True,0.01,1.01,0.01,41.01,0.8436665854888361
False,0.01,2.01,0.01,28.009999999999998,0.7793908594534622
True,1.01,2.01,0.01,36.01,1.1519960881095834
False,0.01,1.01,0.01,37.01,0.9722391320159669
True,1.01,1.01,0.01,38.01,1.1670650883039386
False,0.01,0.01,0.01,37.01,0.7120875223415333
False,0.01,0.01,1.01,43.01,0.9402630112117
False,0.01,1.01,3.01,42.01,0.9552281378751967
False,2.01,3.01,1.01,52.01,1.0479384652740706
False,1.01,3.01,4.01,36.01,0.9088434638810872
True,1.01,1.01,2.01,44.01,1.0949711742578812
False,0.01,1.01,0.01,40.01,1.4799675465446447
True,1.01,6.01,1.01,35.01,0.7601743220634646
True,2.01,3.01,1.01,44.01,0.8047718132479795
True,2.01,1.01,2.01,42.01,1.222717863332852
False,3.01,2.01,2.01,31.009999999999998,0.7066372422304626
True,1.01,6.01,1.01,38.01,1.3426424282942666
False,3.01,3.01,0.01,41.01,1.2452983028094595
False,3.01,2.01,2.01,28.009999999999998,1.483692673102762
False,5.01,1.01,2.01,41.01,0.8439984029924713
False,5.01,2.01,4.01,47.01,1.1969714572920576
False,0.01,0.01,3.01,29.009999999999998,0.6076398117386489
False,1.01,0.01,3.01,22.009999999999998,0.44354267199474057
False,0.01,0.01,0.01,35.01,0.757744182246578
True,0.01,0.01,0.01,29.009999999999998,0.7463891687594019
False,0.01,0.01,1.01,43.01,0.599995078211776
False,1.01,0.01,1.01,41.01,0.5643831780585853
True,0.01,0.01,2.01,50.01,0.8536029193491386
False,0.01,0.01,0.01,39.01,0.8134138506264772
False,0.01,0.01,2.01,39.01,0.43787479037479043
True,0.01,1.01,0.01,36.01,0.6538678564763589
False,0.01,1.01,1.01,30.009999999999998,0.9634971403322492
True,0.01,0.01,1.01,36.01,0.7648725606791127
True,1.01,0.01,0.01,42.01,0.7119707753260385
False,1.01,0.01,1.01,41.01,0.6562999658286082
False,0.01,0.01,0.01,35.01,1.3067668187551431
True,0.01,2.01,1.01,35.01,1.106438371705335
True,0.01,2.01,1.01,30.009999999999998,1.4710284759374024
True,2.01,0.01,1.01,32.01,0.6720332670250019
False,0.01,0.01,0.01,31.009999999999998,1.4044191947886875
True,0.01,2.01,2.01,33.01,0.7764118963914046
False,0.01,0.01,0.01,37.01,0.6766050726154668
False,0.01,2.01,0.01,49.01,1.212041881754972
False,2.01,1.01,0.01,38.01,0.87578038427076
False,1.01,0.01,1.01,32.01,0.5741654322146605
False,1.01,0.01,1.01,42.01,0.5407314090202961
False,1.01,0.01,1.01,45.01,0.8248193988034351
False,0.01,1.01,0.01,38.01,1.3305054643920085
False,3.01,1.01,0.01,36.01,0.9459289371719972
True,2.01,4.01,1.01,33.01,1.2071739036905365
False,4.01,0.01,1.01,34.01,1.0064386532470475
False,1.01,2.01,2.01,28.009999999999998,0.6675605989122981
False,1.01,2.01,1.01,31.009999999999998,0.910737710006316
False,1.01,1.01,2.01,39.01,0.7690530942863825
False,0.01,2.01,1.01,44.01,1.452689733332229
True,0.01,0.01,3.01,46.01,1.6168444721915152
False,1.01,0.01,0.01,47.01,0.818323392321179
False,0.01,0.01,0.01,45.01,0.589777832305773
True,0.01,0.01,2.01,38.01,1.1557968758642028
True,0.01,0.01,0.01,46.01,1.5615980852119382
True,0.01,1.01,0.01,40.01,1.1132749127323782
False,0.01,1.01,1.01,43.01,1.2762886178178536
False,0.01,1.01,1.01,35.01,0.9408465779549184
True,0.01,1.01,1.01,40.01,0.9281010703578427
True,1.01,0.01,2.01,36.01,0.7527865942040829
False,0.01,0.01,0.01,32.01,0.44007823185950773
False,0.01,1.01,2.01,30.009999999999998,0.8129030436108912
True,0.01,1.01,1.01,42.01,1.2027975982257775
True,0.01,1.01,0.01,37.01,0.7920560771748792
False,0.01,0.01,2.01,39.01,0.9858486424982396
False,0.01,0.01,1.01,42.01,1.0098267938651513
False,1.01,0.01,0.01,42.01,0.9640074842916715
True,0.01,1.01,1.01,40.01,1.4600598597301233
False,0.01,0.01,0.01,40.01,1.5563250311627077
False,0.01,1.01,0.01,42.01,0.9835748928131098
True,1.01,2.01,0.01,46.01,1.7893200408214065
False,1.01,1.01,0.01,31.009999999999998,1.450043463399283
True,2.01,0.01,1.01,43.01,0.7761727112758006
False,3.01,0.01,2.01,48.01,1.1587558271496012
False,1.01,3.01,1.01,42.01,1.2859471890902305
False,2.01,0.01,0.01,44.01,0.5883366995323517
False,1.01,0.01,0.01,34.01,0.9147571381120134
True,3.01,1.01,3.01,35.01,1.0544269544882598
True,4.01,2.01,1.01,36.01,1.1829959799759455
False,1.01,1.01,0.01,42.01,1.01524125540695
False,3.01,0.01,1.01,43.01,0.5849482831825786
False,5.01,3.01,3.01,39.01,0.9695529530358319
False,0.01,0.01,1.01,42.01,0.7121260843947601
True,1.01,0.01,1.01,34.01,1.1302807057128923
True,0.01,0.01,2.01,38.01,0.5573535987293418
True,1.01,0.01,1.01,57.01,0.48141548635726855
False,0.01,0.01,1.01,42.01,0.5900064324482147
False,0.01,0.01,2.01,42.01,1.135557262170384
False,0.01,0.01,2.01,37.01,1.04533215936921
False,0.01,1.01,1.01,44.01,0.970183942454304
False,1.01,0.01,1.01,41.01,0.6496800147526892
True,2.01,2.01,1.01,40.01,0.6964012595591542
False,1.01,1.01,2.01,31.009999999999998,0.9744233185233826
False,0.01,0.01,3.01,34.01,0.5141724461509608
True,2.01,0.01,0.01,40.01,0.4032283635205039
False,1.01,0.01,0.01,46.01,0.9558474524840087
True,0.01,0.01,0.01,41.01,1.157912137265491
False,1.01,1.01,1.01,39.01,1.2121978666814537
True,0.01,1.01,2.01,37.01,1.5514385300900515
False,1.01,1.01,1.01,43.01,0.9081670693373198
False,0.01,0.01,1.01,38.01,0.810972611266729
False,0.01,0.01,2.01,30.009999999999998,0.8553395851893475
False,0.01,2.01,2.01,54.01,1.0790753831745714
False,0.01,1.01,2.01,40.01,0.8418348441586979
True,1.01,0.01,3.01,40.01,0.8278076817277715
False,1.01,1.01,1.01,38.01,1.1438752962883083
False,0.01,4.01,0.01,30.009999999999998,0.9539283625151012
True,2.01,2.01,2.01,47.01,1.121398986469211
False,2.01,2.01,1.01,42.01,1.1617916495287854
False,2.01,4.01,2.01,36.01,0.5281241185662042
True,2.01,2.01,1.01,38.01,0.7352319882472562
False,0.01,3.01,0.01,49.01,1.0990561692284682
False,2.01,5.01,1.01,43.01,1.1481874213103591
True,3.01,1.01,4.01,49.01,1.9778084924009782
False,4.01,9.01,4.01,41.01,0.7768526244396363
True,0.01,0.01,0.01,38.01,0.6933216395609638
True,0.01,0.01,0.01,34.01,1.34383491356403
True,0.01,0.01,1.01,46.01,1.1750231682118337
False,0.01,0.01,0.01,41.01,1.1390075482687336
True,0.01,1.01,0.01,46.01,0.6950159155584805
True,0.01,0.01,1.01,39.01,1.3532898432742515
False,0.01,0.01,2.01,44.01,1.1930253571825218
True,0.01,0.01,0.01,45.01,0.7533143377746092
False,0.01,0.01,1.01,39.01,1.3298790683706523
False,0.01,1.01,0.01,46.01,1.4678658320137656
False,2.01,0.01,2.01,40.01,1.1018547005192907
False,0.01,0.01,3.01,37.01,0.7723156258670337
False,0.01,1.01,1.01,36.01,0.7027286422208554
False,0.01,0.01,1.01,33.01,0.9960827340748506
False,0.01,1.01,1.01,32.01,1.2743384642461624
True,0.01,0.01,2.01,40.01,1.2645275241738956
False,0.01,0.01,2.01,40.01,1.1163048008234893
True,0.01,1.01,2.01,33.01,0.8894315876664857
False,1.01,0.01,0.01,38.01,1.1962017634161333
True,1.01,1.01,0.01,46.01,0.9607330200450998
True,1.01,0.01,0.01,48.01,1.1818800276520864
False,0.01,1.01,0.01,42.01,0.8529737326142831
True,0.01,0.01,0.01,48.01,0.8600790218523846
False,1.01,1.01,1.01,25.009999999999998,0.7639647529964875
True,1.01,1.01,0.01,48.01,0.8529492067221673
False,2.01,0.01,4.01,38.01,1.4858173132183776
False,4.01,0.01,0.01,41.01,1.3172134944627842
True,3.01,1.01,1.01,35.01,0.8093383999662362
False,0.01,1.01,2.01,56.01,1.3222282964547096
False,3.01,1.01,0.01,41.01,1.2485819638769888
False,3.01,1.01,1.01,45.01,1.0303894098636592
True,1.01,0.01,1.01,42.01,1.4348942507944014
False,6.01,2.01,1.01,41.01,1.3892105710716895
False,0.01,0.01,1.01,37.01,1.1481854800448694
False,0.01,0.01,0.01,36.01,0.8370307227330556
False,0.01,0.01,0.01,35.01,0.604256567994382
True,1.01,0.01,1.01,41.01,0.9127220282559156
True,0.01,0.01,0.01,43.01,1.4627767087932744
False,0.01,0.01,0.01,39.01,0.9056829766834942
False,0.01,2.01,0.01,39.01,1.3174161094893955
False,1.01,0.01,2.01,38.01,0.9234728098698688
False,0.01,0.01,2.01,46.01,0.8990932444177966
False,0.01,0.01,1.01,51.01,0.84066596559799
True,0.01,1.01,2.01,35.01,0.6674109198654479
True,0.01,0.01,0.01,23.009999999999998,0.8683455442326411
False,0.01,0.01,0.01,47.01,0.5376606264426829
True,0.01,0.01,0.01,35.01,0.8777230417014201
True,3.01,0.01,0.01,44.01,0.5667774359587489
True,0.01,1.01,2.01,26.009999999999998,0.7888672107984646
False,0.01,0.01,0.01,54.01,1.5375331810772312
True,0.01,0.01,3.01,40.01,0.8179035995597982
False,0.01,0.01,2.01,31.009999999999998,1.0120128889721711
False,0.01,3.01,1.01,34.01,1.2207240243242996
True,1.01,0.01,2.01,32.01,1.4924301746592894
False,0.01,1.01,0.01,46.01,0.7247317374861544
False,1.01,2.01,1.01,31.009999999999998,1.0848643500047648
True,1.01,0.01,0.01,39.01,1.521032741519564
True,1.01,0.01,2.01,35.01,0.8384251581280444
True,0.01,1.01,0.01,39.01,0.5912583783368126
False,3.01,0.01,2.01,39.01,0.8215275121854068
False,3.01,1.01,0.01,40.01,0.8765704665704667
False,2.01,1.01,1.01,30.009999999999998,1.2273712038656093
True,2.01,1.01,1.01,47.01,0.9202305322909544
False,4.01,0.01,0.01,47.01,1.6786864878178984
True,1.01,1.01,3.01,34.01,1.7285742503229107
False,2.01,2.01,5.01,45.01,1.2541834825734461
False,0.01,0.01,0.01,40.01,2.148205849002933
True,0.01,0.01,0.01,34.01,1.1599792709627976
False,0.01,0.01,1.01,31.009999999999998,1.1450081539094896
True,0.01,0.01,0.01,48.01,2.115389606013384
False,1.01,0.01,0.01,58.01,1.294286880753309
False,0.01,0.01,1.01,39.01,1.2440059357453772
False,0.01,0.01,0.01,37.01,1.3543214738544713
False,0.01,0.01,0.01,48.01,1.21117167144352
False,0.01,0.01,2.01,45.01,1.1676933960095568
False,0.01,1.01,1.01,37.01,1.9636215872815146
False,0.01,0.01,1.01,49.01,1.615319658570512
False,1.01,0.01,1.01,39.01,0.873397719698229
True,0.01,0.01,0.01,45.01,0.6269582717708209
True,0.01,0.01,1.01,43.01,1.8549539340229384
False,0.01,0.01,3.01,40.01,1.5328772555055346
True,0.01,0.01,3.01,44.01,0.8428173719098017
True,0.01,2.01,1.01,46.01,0.6490046349729834
False,0.01,1.01,1.01,32.01,0.994365884621052
True,0.01,0.01,2.01,45.01,0.9811422598793399
True,0.01,0.01,2.01,35.01,0.9280138273052095
True,0.01,0.01,1.01,38.01,1.1838441599690745
True,0.01,1.01,2.01,38.01,1.2095679387214058
False,0.01,0.01,1.01,49.01,1.0431511633913455
False,0.01,0.01,1.01,35.01,1.068747600486941
True,1.01,0.01,2.01,46.01,1.2363779049342176
True,0.01,0.01,1.01,40.01,1.2227429521494595
False,2.01,0.01,3.01,42.01,1.7375430568072767
False,0.01,0.01,2.01,46.01,1.3917463118515185
False,0.01,1.01,0.01,47.01,1.02298845708786
False,2.01,0.01,1.01,34.01,1.4153673736305235
False,0.01,0.01,1.01,44.01,1.8054419461805764
True,2.01,1.01,2.01,55.01,1.4513080522277049
False,1.01,2.01,5.01,43.01,0.3681785790541262
False,0.01,0.01,0.01,42.01,1.2640327476750255
False,0.01,0.01,1.01,41.01,0.9717162299631771
False,0.01,0.01,0.01,38.01,0.6994116665187855
True,0.01,0.01,0.01,36.01,0.9961513879229786
False,0.01,0.01,2.01,55.01,1.1841413927261633
False,0.01,0.01,0.01,34.01,0.7384908423058613
True,0.01,0.01,1.01,46.01,0.8913276897090845
True,0.01,0.01,0.01,34.01,0.784725364112767
False,0.01,0.01,0.01,35.01,0.49121546446532105
False,0.01,0.01,0.01,31.009999999999998,1.2470703419964804
False,0.01,0.01,0.01,40.01,1.440661589837936
False,0.01,1.01,0.01,39.01,0.6148185068706217
True,0.01,0.01,1.01,30.009999999999998,0.9344295351779861
False,0.01,1.01,1.01,35.01,0.8783960186265326
True,0.01,0.01,1.01,46.01,1.405282553958518
False,0.01,0.01,0.01,33.01,1.2061135617620307
True,1.01,1.01,1.01,37.01,0.7773450197018477
False,2.01,0.01,1.01,42.01,1.4139089978145196
False,0.01,0.01,0.01,40.01,1.2128042881798236
True,1.01,0.01,1.01,38.01,0.8078098737974819
True,1.01,3.01,0.01,27.009999999999998,1.1428369196165362
False,0.01,0.01,4.01,36.01,0.9586789277600887
True,0.01,0.01,1.01,49.01,0.8428693588403451
False,2.01,1.01,2.01,34.01,1.28517462034471
True,2.01,0.01,0.01,45.01,1.1295224275829383
True,1.01,4.01,1.01,34.01,1.0559766629615361
False,1.01,2.01,2.01,49.01,1.0106638847091174
True,1.01,1.01,1.01,39.01,1.2673994624217353
False,0.01,1.01,0.01,50.01,1.1733503334230801
False,3.01,3.01,3.01,32.01,1.1777268597227524
True,1.01,1.01,1.01,31.009999999999998,0.6248474812858376
True,2.01,6.01,2.01,41.01,0.7119350166398962
False,4.01,1.01,4.01,38.01,1.7899360390004408
True,0.01,1.01,0.01,43.01,1.8511434345776072
False,0.01,0.01,2.01,54.01,0.7815620815774991
False,2.01,0.01,1.01,36.01,0.8292075642967895
False,0.01,0.01,2.01,54.01,1.0185583012806476
True,0.01,1.01,1.01,45.01,0.6826739211962513
False,0.01,0.01,0.01,54.01,1.4076016290312385
False,0.01,0.01,1.01,35.01,0.7801337055874261
False,0.01,1.01,0.01,37.01,0.7398827433578072
False,0.01,0.01,0.01,51.01,0.8674320330311847
False,0.01,1.01,1.01,36.01,1.3035345866817951
True,1.01,0.01,0.01,39.01,1.0002361006918394
False,0.01,0.01,2.01,42.01,1.1115597383589375
False,0.01,0.01,0.01,39.01,1.1895053901085748
False,0.01,0.01,1.01,63.01,0.7572433583503577
True,0.01,0.01,0.01,39.01,0.81804844914329
False,0.01,0.01,1.01,38.01,0.6037397003208609
True,0.01,1.01,0.01,41.01,1.2252942708113965
False,1.01,1.01,0.01,41.01,1.7753295562380036
True,1.01,0.01,0.01,35.01,0.727933101218991
True,0.01,0.01,1.01,42.01,0.49535436364183993
False,0.01,0.01,0.01,50.01,0.8115871133300039
False,2.01,0.01,1.01,32.01,0.7354557942057942
True,1.01,0.01,1.01,47.01,0.5047065953578558
False,0.01,1.01,2.01,49.01,0.7915721163639053
False,0.01,3.01,0.01,47.01,0.9969906838947087
False,2.01,0.01,0.01,38.01,1.4060849098484942
False,2.01,1.01,2.01,40.01,0.9932909374436952
True,3.01,5.01,3.01,37.01,1.2095740929736143
True,1.01,0.01,0.01,47.01,0.7529193838731005
True,3.01,0.01,4.01,62.01,1.503026948515374
True,1.01,2.01,6.01,35.01,1.7305897895795592
True,5.01,4.01,1.01,28.009999999999998,1.0454157337280907
True,3.01,1.01,1.01,49.01,1.1306577570362195
True,1.01,0.01,1.01,39.01,1.105617308500267
False,1.01,0.01,0.01,27.009999999999998,0.5375405660538097
False,0.01,0.01,0.01,44.01,0.7741875452188377
True,0.01,1.01,1.01,41.01,0.8783153120331068
False,1.01,1.01,0.01,39.01,1.5052235396683955
True,0.01,1.01,1.01,37.01,0.8178020019196489
False,0.01,1.01,1.01,40.01,0.6367058276001684
False,0.01,1.01,1.01,39.01,0.9746996734787773
True,0.01,2.01,0.01,27.009999999999998,0.8081576373534644
False,0.01,0.01,1.01,38.01,1.2946007213738402
False,0.01,0.01,1.01,46.01,1.1131165946972694
False,0.01,1.01,1.01,41.01,0.6054331655248133
False,0.01,0.01,0.01,33.01,0.9540294957766773
False,0.01,0.01,0.01,36.01,0.8790429357641649
True,0.01,1.01,1.01,39.01,0.883734546454695
False,1.01,0.01,2.01,29.009999999999998,1.1608346738921511
False,1.01,1.01,1.01,42.01,0.8165955506061898
True,1.01,1.01,0.01,42.01,0.9841984975250346
False,1.01,0.01,0.01,28.009999999999998,1.1068859616370386
True,0.01,1.01,1.01,40.01,0.5685584565042054
False,1.01,2.01,1.01,38.01,0.9676674525527211
True,0.01,1.01,1.01,44.01,0.9674224409744963
True,0.01,1.01,0.01,49.01,0.9529294275644761
True,0.01,0.01,0.01,39.01,1.1005460206971378
False,0.01,0.01,1.01,38.01,0.9901265461876552
False,1.01,2.01,0.01,36.01,0.816139219515512
False,1.01,1.01,1.01,30.009999999999998,0.4008095110759578
True,1.01,2.01,0.01,35.01,0.35141569057939964
False,1.01,0.01,1.01,39.01,0.8630471294557168
False,4.01,1.01,2.01,30.009999999999998,0.9558509197388131
True,4.01,1.01,2.01,53.01,0.8261190636848531
False,0.01,2.01,1.01,47.01,0.7575128845730986
False,3.01,2.01,3.01,29.009999999999998,0.6776538242733172
False,0.01,0.01,0.01,54.01,1.2164262019850298
False,0.01,0.01,1.01,46.01,0.9426513670200176
True,0.01,0.01,0.01,44.01,1.022598727054871
False,1.01,0.01,0.01,47.01,0.6376345085546695
False,1.01,0.01,0.01,34.01,0.6627879898416126
False,1.01,0.01,0.01,40.01,0.581852705910677
True,0.01,0.01,2.01,38.01,0.9888621687101765
False,0.01,0.01,2.01,37.01,0.6897612483469806
False,0.01,0.01,1.01,36.01,0.641948680936339
False,0.01,0.01,0.01,38.01,0.5307848002294947
True,0.01,0.01,2.01,36.01,1.539846771055927
True,0.01,0.01,1.01,32.01,0.5873747275841105
False,1.01,1.01,2.01,42.01,0.9779744494068754
True,1.01,0.01,3.01,38.01,1.2638855797460442
False,0.01,0.01,1.01,31.009999999999998,1.3090854095073572
False,0.01,0.01,0.01,44.01,0.8740784080050676
False,0.01,0.01,0.01,39.01,0.8318389951747198
False,1.01,0.01,0.01,37.01,0.3718081166707499
True,0.01,0.01,0.01,44.01,1.2296697816287439
False,0.01,0.01,0.01,32.01,0.8053431996887015
True,3.01,0.01,0.01,38.01,1.0758469002581639
True,1.01,0.01,0.01,44.01,0.5525357431695512
False,2.01,1.01,1.01,33.01,1.0503850695626031
False,1.01,1.01,2.01,32.01,0.44413228593827153
True,2.01,1.01,0.01,46.01,0.47183714642070007
True,0.01,1.01,0.01,27.009999999999998,0.6227526471276472
True,4.01,1.01,1.01,27.009999999999998,0.7662784151762044
False,0.01,0.01,3.01,46.01,1.4070537525835392
True,1.01,1.01,1.01,35.01,1.1713640644304724
False,1.01,2.01,1.01,34.01,1.4031066606921723
False,7.01,1.01,4.01,39.01,1.0169052053478393
True,5.01,2.01,1.01,42.01,1.2551804527164407
False,3.01,2.01,0.01,36.01,0.8377375568454304
True,0.01,1.01,1.01,28.009999999999998,1.3404917651750252
False,0.01,0.01,1.01,37.01,0.807373420899889
False,0.01,0.01,1.01,40.01,0.9082563184734308
True,0.01,1.01,0.01,29.009999999999998,1.290926248774598
False,1.01,0.01,0.01,39.01,1.2322400038905859
True,0.01,0.01,0.01,43.01,0.9902605335520696
True,0.01,1.01,0.01,41.01,1.6115990768585229
False,1.01,0.01,0.01,44.01,0.7387646572333273
False,0.01,0.01,1.01,45.01,0.96264648407585
True,0.01,0.01,1.01,38.01,0.4395945467965592
True,0.01,0.01,0.01,50.01,1.253714574542559
False,0.01,0.01,0.01,40.01,0.9369586725988728
False,0.01,0.01,0.01,34.01,0.6603039186912567
True,1.01,0.01,0.01,37.01,1.2641818065044872
False,0.01,0.01,1.01,40.01,0.7699834188843646
True,0.01,0.01,2.01,43.01,1.375604695992396
True,1.01,0.01,0.01,47.01,1.408701613933623
False,0.01,1.01,0.01,38.01,1.0898827665153663
False,0.01,0.01,1.01,39.01,1.1617466961427236
False,1.01,0.01,1.01,48.01,0.9047738436434573
False,0.01,1.01,1.01,41.01,0.7669092239587211
False,0.01,0.01,0.01,33.01,0.975226223193712
False,0.01,3.01,0.01,42.01,1.7190222577971108
False,0.01,1.01,0.01,33.01,1.7784740983182363
True,0.01,0.01,2.01,43.01,0.5424432828411225
True,0.01,1.01,2.01,33.01,0.9559573434687851
False,3.01,3.01,2.01,39.01,1.5105581117998468
True,0.01,0.01,1.01,39.01,1.2625151764954567
True,1.01,2.01,2.01,40.01,0.8663092404095776
False,1.01,1.01,2.01,46.01,1.556110257985793
False,4.01,4.01,1.01,50.01,0.7051865841882756
False,6.01,3.01,4.01,37.01,0.9088846278785749
False,2.01,3.01,0.01,40.01,1.175500376816166
True,0.01,1.01,0.01,41.01,0.8596737677031732
True,0.01,0.01,0.01,35.01,1.0107370672285343
False,0.01,0.01,0.01,37.01,0.7671788654434832
True,1.01,0.01,1.01,34.01,0.5626486655670225
False,1.01,1.01,0.01,35.01,1.365976356028538
True,0.01,1.01,0.01,37.01,0.6337205332171008
False,0.01,0.01,0.01,37.01,0.8317746327251843
True,0.01,0.01,0.01,39.01,1.0508870223623545
True,0.01,1.01,1.01,39.01,0.9813698877270103
True,0.01,1.01,1.01,32.01,0.9215283380613358
False,0.01,0.01,0.01,42.01,0.6053577999612363
False,0.01,1.01,0.01,40.01,0.84772079826593
False,0.01,1.01,0.01,29.009999999999998,1.0623622400362638
True,0.01,1.01,1.01,43.01,0.8411838856642466
False,0.01,0.01,0.01,32.01,0.9873983476029511
False,0.01,0.01,1.01,31.009999999999998,0.5969232768865121
True,0.01,0.01,0.01,42.01,1.2263304880272183
True,1.01,0.01,2.01,37.01,1.1773997270046024
False,0.01,0.01,2.01,35.01,0.34165017331300607
False,0.01,0.01,0.01,46.01,0.891365158911999
True,0.01,0.01,0.01,46.01,0.7398451417463869
False,0.01,0.01,1.01,41.01,0.6232529555913532
False,0.01,0.01,1.01,44.01,1.065599459056279
False,0.01,1.01,0.01,32.01,1.3432769651118954
False,2.01,1.01,2.01,48.01,0.659337723987093
False,0.01,0.01,3.01,46.01,0.7616696285825353
False,1.01,0.01,0.01,41.01,0.6267401353902616
False,0.01,2.01,0.01,38.01,0.8158751059433779
False,2.01,1.01,1.01,51.01,0.7257522641214249
False,0.01,0.01,1.01,45.01,1.0498167106634704
True,1.01,1.01,1.01,47.01,0.7419271449219962
False,2.01,2.01,1.01,51.01,1.2036608925885492
False,4.01,1.01,5.01,46.01,0.692373125707897
False,2.01,0.01,0.01,42.01,1.14513069620795
False,1.01,0.01,1.01,38.01,1.0802987503514776
False,0.01,0.01,1.01,48.01,0.9864749414958235
True,0.01,0.01,3.01,29.009999999999998,1.5684563883878797
False,1.01,1.01,3.01,38.01,0.7367670232633048
False,1.01,0.01,3.01,40.01,0.7883606476604441
False,0.01,1.01,0.01,31.009999999999998,0.5503279021350582
False,0.01,1.01,0.01,37.01,1.3743339742298146
True,0.01,1.01,2.01,49.01,0.8652909364980303
False,0.01,2.01,0.01,39.01,0.9748334539966583
False,1.01,1.01,1.01,49.01,1.2581376661501005
False,1.01,1.01,1.01,34.01,1.3020284790457441
False,0.01,2.01,0.01,37.01,1.4633292460266145
True,2.01,1.01,0.01,36.01,1.3732550028452684
True,3.01,0.01,0.01,35.01,0.3682454828948517
True,2.01,3.01,1.01,35.01,1.559753461703309
False,2.01,1.01,2.01,30.009999999999998,1.1287651448711609
True,2.01,0.01,1.01,34.01,0.8523914293305325
True,0.01,1.01,0.01,36.01,1.542726212719892
False,0.01,2.01,0.01,33.01,1.2684833360732797
False,0.01,0.01,1.01,28.009999999999998,0.9558999753950491
False,2.01,0.01,0.01,46.01,1.1977697964260723
False,1.01,1.01,0.01,35.01,1.685504854589958
True,0.01,2.01,0.01,32.01,0.8424406430924387
True,2.01,1.01,0.01,34.01,1.3328604273460944
False,2.01,1.01,1.01,37.01,0.9880859820186216
False,0.01,2.01,4.01,44.01,1.4431349764015666
True,2.01,6.01,1.01,36.01,1.3024989610018805
True,3.01,5.01,3.01,28.009999999999998,0.909133356491225
False,0.01,0.01,0.01,35.01,0.7881591710377281
True,2.01,0.01,3.01,39.01,0.5316631858383777
False,3.01,1.01,0.01,23.009999999999998,1.501365190833276
True,5.01,2.01,3.01,42.01,1.1924989094725935
False,0.01,0.01,1.01,39.01,0.6969548911492645
True,0.01,1.01,0.01,47.01,0.7493131992949447
False,0.01,0.01,1.01,36.01,0.7130597600074345
False,0.01,0.01,0.01,36.01,0.6088338471082526
False,0.01,0.01,2.01,30.009999999999998,0.3369790504310628
False,0.01,0.01,1.01,29.009999999999998,1.1201034805153218
False,0.01,0.01,2.01,32.01,1.51214925970558
True,0.01,0.01,1.01,41.01,0.8941076885539756
False,0.01,0.01,0.01,44.01,0.8254325794031674
True,1.01,0.01,1.01,46.01,0.4985485701741058
False,0.01,1.01,1.01,41.01,1.1424152144032917
False,0.01,1.01,0.01,34.01,1.1973168270284542
True,0.01,0.01,0.01,27.009999999999998,1.3401569503030804
True,0.01,0.01,2.01,42.01,1.1958327953104204
True,0.01,1.01,0.01,34.01,0.6264248532252236
True,0.01,0.01,2.01,41.01,1.2371885241565113
True,0.01,1.01,1.01,39.01,0.7881845118936429
False,0.01,0.01,0.01,51.01,0.9955313904210548
False,0.01,0.01,0.01,34.01,0.9129201076157992
True,0.01,0.01,2.01,34.01,0.38036654576607887
False,0.01,0.01,0.01,44.01,1.1056147970765822
False,1.01,0.01,0.01,48.01,1.8638047339424637
False,0.01,0.01,1.01,42.01,1.1401997273213829
False,0.01,1.01,0.01,44.01,1.4064447492910488
True,0.01,0.01,2.01,35.01,0.6871408302605023
False,3.01,0.01,1.01,25.009999999999998,0.9151223794613583
True,1.01,0.01,3.01,44.01,0.9696714085028213
True,0.01,0.01,2.01,41.01,0.7661540665217136
False,1.01,0.01,2.01,45.01,0.7193831095250794
False,1.01,2.01,3.01,34.01,0.44519699649917865
False,0.01,1.01,0.01,44.01,0.6951505393259543
True,1.01,3.01,1.01,40.01,1.1868978124358347
False,2.01,1.01,1.01,40.01,1.2974520041126323
False,0.01,0.01,1.01,35.01,0.8948961051102319
True,0.01,0.01,0.01,25.009999999999998,1.8651993314339328
False,0.01,0.01,1.01,35.01,0.8360439843887175
False,0.01,1.01,0.01,38.01,0.6793931421872598
True,0.01,0.01,0.01,40.01,0.9750920024608138
False,0.01,0.01,0.01,42.01,0.9460470897748338
True,1.01,0.01,1.01,37.01,1.17333445212205
False,0.01,0.01,0.01,45.01,1.4419695052033648
True,0.01,0.01,1.01,39.01,0.9860277483378898
True,0.01,0.01,2.01,44.01,0.9125518015761704
False,1.01,0.01,0.01,44.01,0.5344206727879819
False,1.01,0.01,0.01,25.009999999999998,1.6255628179386428
False,0.01,0.01,1.01,41.01,0.8875869248836529
True,0.01,0.01,1.01,39.01,0.8146756533184787
False,0.01,0.01,0.01,29.009999999999998,0.5268572006868613
True,0.01,0.01,2.01,44.01,1.326685545823477
False,0.01,0.01,2.01,46.01,1.0297887434854982
False,1.01,1.01,1.01,32.01,1.1099931787002726
False,0.01,0.01,0.01,51.01,0.7479303871050169
False,0.01,0.01,0.01,31.009999999999998,0.5042888939155953
False,1.01,1.01,0.01,47.01,1.1729501705038743
True,1.01,0.01,3.01,39.01,0.9047733913832985
True,0.01,2.01,0.01,33.01,1.3837583192439467
False,0.01,1.01,1.01,37.01,1.4129612492081227
False,0.01,0.01,2.01,35.01,0.6347322258772784
True,1.01,1.01,0.01,37.01,1.4067451878491435
True,0.01,1.01,0.01,48.01,1.154809990308145
True,5.01,1.01,1.01,41.01,1.3720359644934463
False,1.01,0.01,2.01,32.01,1.4987695682321276
False,0.01,0.01,1.01,33.01,1.1899430774360809
False,4.01,0.01,1.01,40.01,0.9537910990899605
True,0.01,2.01,2.01,32.01,0.6754771749825452
False,5.01,1.01,3.01,33.01,0.9360100463176951
False,0.01,0.01,0.01,33.01,0.9448857653872629
True,0.01,0.01,1.01,32.01,1.959202193308629
False,0.01,0.01,0.01,36.01,1.0361630314804426
False,0.01,0.01,1.01,33.01,1.0680853418576792
False,0.01,0.01,3.01,52.01,1.0941424675298055
False,0.01,0.01,1.01,30.009999999999998,0.5630214530421664
False,0.01,0.01,2.01,38.01,0.5876534612518595
False,0.01,0.01,0.01,42.01,0.7642648222856765
True,1.01,0.01,0.01,37.01,1.0754607619698227
True,0.01,0.01,1.01,29.009999999999998,0.4362303688105065
False,1.01,0.01,1.01,31.009999999999998,0.7400864479435908
True,0.01,0.01,0.01,32.01,1.8691083078513604
True,0.01,0.01,1.01,39.01,0.9866662526721238
True,0.01,0.01,0.01,33.01,1.7858231743913788
True,0.01,0.01,1.01,36.01,0.6991937563341428
True,0.01,1.01,3.01,40.01,0.758660468751619
False,0.01,0.01,0.01,42.01,0.7338710665475728
False,1.01,0.01,0.01,35.01,1.5773455541158137
False,0.01,0.01,2.01,34.01,1.1622679727699932
False,0.01,0.01,0.01,36.01,0.946881060967233
False,1.01,0.01,0.01,39.01,1.260157730273011
False,1.01,0.01,1.01,34.01,1.6692406741132026
True,0.01,0.01,1.01,33.01,0.9959452665777163
False,0.01,1.01,1.01,27.009999999999998,0.6793567890195764
True,1.01,1.01,1.01,40.01,0.622448071928603
True,0.01,0.01,0.01,43.01,1.2821090448602563
False,0.01,0.01,1.01,34.01,0.663957434249617
False,0.01,1.01,0.01,44.01,0.7281875120527195
False,3.01,0.01,2.01,41.01,0.9592605165857447
False,1.01,0.01,0.01,53.01,0.8842787080567096
False,0.01,2.01,1.01,35.01,1.3943570475023463
True,0.01,2.01,5.01,43.01,0.8108198274866011
False,2.01,1.01,1.01,24.009999999999998,1.3879199642962963
False,1.01,1.01,0.01,40.01,0.8423210013107713
False,0.01,0.01,1.01,37.01,0.8755511037340066
False,0.01,0.01,0.01,41.01,0.8762290936579017
False,0.01,0.01,0.01,37.01,0.8632037139620201
True,0.01,0.01,0.01,37.01,1.24644580783012
True,0.01,0.01,3.01,40.01,0.4304594689930582
True,1.01,0.01,0.01,38.01,0.8516166113416752
False,0.01,0.01,0.01,47.01,0.8709713554135106
False,0.01,1.01,2.01,48.01,1.1008140002355165
True,0.01,0.01,2.01,37.01,1.0933980449103649
False,0.01,0.01,0.01,38.01,0.7188081667937855
False,1.01,0.01,0.01,38.01,0.6882576337355124
False,2.01,0.01,1.01,39.01,0.8104321520272435
True,0.01,1.01,1.01,35.01,0.931399714606752
True,0.01,1.01,0.01,36.01,0.8463922937204029
True,0.01,1.01,1.01,39.01,0.9507753132718998
False,0.01,1.01,0.01,41.01,0.9356164819844537
False,0.01,0.01,1.01,37.01,1.220191963092709
False,1.01,0.01,1.01,31.009999999999998,0.8081826274520044
True,0.01,0.01,1.01,38.01,0.6723118879722653
False,0.01,0.01,1.01,28.009999999999998,0.9129113475760076
False,1.01,0.01,1.01,36.01,0.7110243848910212
False,0.01,0.01,1.01,40.01,0.9554235448493404
False,1.01,0.01,1.01,37.01,1.1661172525036376
True,1.01,0.01,2.01,47.01,1.142785882262049
False,1.01,2.01,1.01,40.01,0.6587151419502473
True,2.01,2.01,0.01,44.01,1.0820855673212741
False,2.01,1.01,2.01,47.01,1.1338082643733223
True,4.01,0.01,0.01,37.01,0.8812522884555801
False,0.01,3.01,0.01,38.01,1.1743341599133594
True,1.01,4.01,1.01,45.01,1.1160587869382037
False,4.01,2.01,1.01,45.01,0.8496697204678252
False,3.01,5.01,2.01,43.01,1.1545905572410626
False,0.01,0.01,1.01,42.01,1.6129358603426034
True,1.01,0.01,0.01,46.01,1.119393586382431
False,0.01,0.01,0.01,51.01,1.307076981057349
True,0.01,0.01,0.01,39.01,1.3835806920483327
False,0.01,0.01,0.01,40.01,0.9303746077332553
True,0.01,0.01,0.01,42.01,0.5574463643850301
False,0.01,0.01,0.01,38.01,1.131825699511121
False,2.01,0.01,1.01,36.01,1.0664093683116438
True,0.01,1.01,1.01,37.01,1.890834208519682
True,0.01,0.01,0.01,50.01,1.85598157960507
False,0.01,1.01,0.01,49.01,1.7875746521324365
True,0.01,0.01,1.01,59.01,0.6742623077846526
False,0.01,0.01,0.01,40.01,1.0962276570003302
False,0.01,1.01,2.01,45.01,0.8112310974633995
True,0.01,0.01,0.01,45.01,1.2242042818188452
False,2.01,1.01,1.01,39.01,0.7532521972506445
True,0.01,1.01,1.01,41.01,1.106526918374719
False,0.01,0.01,0.01,45.01,0.9549984715278819
False,1.01,1.01,1.01,44.01,1.087806584989858
False,0.01,0.01,0.01,43.01,1.019460529966191
True,0.01,0.01,1.01,42.01,0.9182261037496396
False,1.01,1.01,2.01,48.01,0.6879982005608636
True,0.01,1.01,0.01,45.01,0.5504611181780988
False,1.01,0.01,0.01,35.01,1.8310358357173857
False,2.01,2.01,0.01,55.01,1.538967866066312
True,1.01,0.01,0.01,48.01,1.3813506601751753
False,2.01,0.01,1.01,46.01,0.9336302948259471
True,2.01,2.01,4.01,43.01,1.2256970554009563
False,2.01,2.01,1.01,39.01,0.9894910155204272
True,1.01,7.01,3.01,39.01,1.1769837569780661
False,2.01,1.01,2.01,32.01,1.5572504608646507
False,1.01,0.01,1.01,40.01,1.01355732691259
False,4.01,5.01,4.01,52.01,0.802167209127029
True,0.01,0.01,0.01,44.01,1.130650636626803
True,1.01,0.01,0.01,36.01,0.9906088977668348
True,0.01,0.01,0.01,43.01,0.8415797165124588
False,0.01,0.01,1.01,39.01,1.5666045485727793
False,1.01,0.01,0.01,47.01,1.0404564319997325
False,0.01,1.01,1.01,38.01,0.6696461321509396
False,1.01,0.01,1.01,40.01,1.3912842564488608
False,1.01,0.01,3.01,41.01,0.7786450894718444
False,1.01,0.01,1.01,38.01,0.8921765843985185
False,1.01,0.01,0.01,40.01,0.7973423394029939
False,0.01,0.01,1.01,33.01,0.9042296660090756
True,0.01,0.01,1.01,52.01,1.3009668562321972
True,1.01,1.01,0.01,39.01,0.9623582206066094
False,0.01,0.01,0.01,43.01,1.034081354425277
False,0.01,0.01,0.01,48.01,0.8291536388043621
False,0.01,1.01,2.01,42.01,1.181016027033074
True,1.01,1.01,0.01,40.01,0.8642943835079384
True,1.01,1.01,0.01,47.01,0.871211301088228
False,1.01,1.01,1.01,41.01,0.7998289011993555
False,1.01,0.01,0.01,57.01,0.8912225674756892
True,1.01,0.01,1.01,44.01,1.273011361125295
False,1.01,1.01,0.01,37.01,1.267735980691183
True,0.01,1.01,0.01,44.01,1.166314042872967
True,1.01,2.01,2.01,46.01,0.6421902499990927
True,0.01,3.01,0.01,46.01,0.5001892419124582
False,0.01,0.01,1.01,29.009999999999998,0.873021789569584
False,1.01,1.01,1.01,48.01,0.720527603193348
False,1.01,3.01,1.01,42.01,0.7756570991776534
False,2.01,1.01,0.01,44.01,1.7483043122061783
True,2.01,2.01,1.01,41.01,1.1059254974919936
True,1.01,0.01,2.01,25.009999999999998,1.1091249473701221
False,1.01,1.01,0.01,44.01,1.0544856279978307
True,3.01,9.01,0.01,62.01,1.492839072238167
False,1.01,2.01,1.01,44.01,0.974287250105174
True,0.01,0.01,0.01,42.01,0.9981713636509033
False,0.01,0.01,1.01,29.009999999999998,0.8423527478247569
True,0.01,2.01,0.01,33.01,0.6438600742535748
False,0.01,0.01,0.01,45.01,1.0871685689195991
True,0.01,1.01,1.01,36.01,1.1529924202161408
False,0.01,0.01,1.01,36.01,0.7003138528138528
False,0.01,0.01,1.01,50.01,0.47521837212239687
True,0.01,0.01,0.01,39.01,0.7188870819557992
False,0.01,0.01,1.01,46.01,0.768835492411512
True,0.01,1.01,2.01,47.01,1.3899722083339523
True,0.01,0.01,1.01,42.01,1.2955673392129514
True,0.01,1.01,0.01,40.01,1.0145545419360673
False,0.01,0.01,0.01,42.01,0.8179565593208538
True,1.01,0.01,1.01,42.01,0.8798592345176786
False,2.01,0.01,1.01,38.01,1.0979970226111033
False,0.01,1.01,2.01,31.009999999999998,1.3305973358349399
False,0.01,1.01,2.01,35.01,0.8462236740699738
True,1.01,1.01,0.01,41.01,1.2325591504041749
False,0.01,0.01,2.01,46.01,0.7270237024969034
False,1.01,0.01,0.01,39.01,1.2366791964883903
False,2.01,0.01,1.01,44.01,1.1439423067265544
True,2.01,0.01,1.01,39.01,1.0174095841558777
False,1.01,1.01,0.01,35.01,1.0822207276391693
True,3.01,0.01,2.01,38.01,1.3079621392241634
True,0.01,4.01,1.01,49.01,0.9157669564490052
True,1.01,2.01,1.01,36.01,0.9727348940249164
False,2.01,0.01,2.01,32.01,1.2506224029819126
False,3.01,2.01,4.01,39.01,1.1844242624178323
False,4.01,1.01,4.01,30.009999999999998,0.9568616999412893
True,3.01,4.01,1.01,39.01,1.3484304809691443
True,3.01,2.01,0.01,36.01,1.194804519174556
False,7.01,4.01,5.01,36.01,0.6773061619752796
False,0.01,0.01,0.01,36.01,1.289015803513692
True,0.01,0.01,0.01,53.01,0.620950604332405
False,0.01,0.01,1.01,48.01,0.9634441195602359
False,0.01,0.01,1.01,39.01,0.8786000517656603
False,0.01,0.01,1.01,42.01,0.6701054904411167
True,1.01,0.01,2.01,36.01,0.9857767323795725
False,0.01,0.01,0.01,40.01,0.9950572462316776
False,0.01,0.01,0.01,42.01,0.9370856999749908
True,0.01,0.01,0.01,38.01,0.9183379773460839
False,0.01,0.01,1.01,32.01,1.0158926646189945
True,0.01,1.01,2.01,36.01,1.3418929765696963
True,0.01,0.01,0.01,38.01,1.262191719157446
True,0.01,0.01,1.01,50.01,0.6278953434825043
False,1.01,0.01,0.01,40.01,1.0227911469780036
False,0.01,0.01,0.01,40.01,0.8570195843548802
False,0.01,1.01,0.01,28.009999999999998,0.9676674994513869
False,1.01,0.01,2.01,34.01,1.7481371855386785
False,0.01,2.01,0.01,32.01,1.4303993466022935
False,1.01,0.01,2.01,38.01,0.929954652362559
False,0.01,1.01,0.01,36.01,0.8366809471277229
True,0.01,0.01,0.01,45.01,0.6564736395004599
False,0.01,3.01,1.01,36.01,0.6797381730700915
True,0.01,0.01,1.01,35.01,1.4147562162616754
True,1.01,0.01,2.01,40.01,0.6718485489752016
False,1.01,0.01,1.01,38.01,0.6897454970683635
False,2.01,0.01,0.01,52.01,1.3676303665086993
True,0.01,1.01,2.01,39.01,0.9971227781449857
True,0.01,0.01,3.01,37.01,1.1149504692922758
False,1.01,1.01,2.01,32.01,0.7653434820561338
True,1.01,0.01,0.01,46.01,0.7796127069660038
False,2.01,0.01,2.01,44.01,0.8858541084009595
False,1.01,1.01,1.01,39.01,1.6766623043891646
False,1.01,2.01,3.01,44.01,0.909627361948363
False,0.01,0.01,1.01,44.01,0.6093470219131338
True,0.01,0.01,0.01,44.01,0.6157182208238545
False,0.01,0.01,1.01,29.009999999999998,1.191975947900846
False,0.01,0.01,0.01,47.01,0.8660744311748615
False,0.01,0.01,0.01,39.01,0.9895047780457373
True,1.01,0.01,1.01,47.01,0.9324370943949417
True,0.01,0.01,0.01,47.01,1.1458190959874544
False,1.01,0.01,0.01,40.01,0.7823789661961188
False,0.01,1.01,1.01,31.009999999999998,1.7333533653512723
True,2.01,0.01,0.01,29.009999999999998,1.3036136932259381
False,0.01,0.01,2.01,45.01,1.1256628329120923
True,0.01,0.01,1.01,38.01,1.172723158787324
True,0.01,1.01,2.01,45.01,0.8367635990932957
False,0.01,1.01,1.01,33.01,0.6487410739509435
True,0.01,1.01,0.01,41.01,0.7151159417315229
True,0.01,0.01,0.01,30.009999999999998,0.918075995407421
False,0.01,0.01,2.01,39.01,0.8016436300496074
False,0.01,0.01,0.01,33.01,0.9283909528230014
True,1.01,1.01,0.01,42.01,1.551150572943627
True,0.01,0.01,1.01,40.01,1.3180247447695959
False,0.01,0.01,1.01,35.01,0.8300918356756312
False,0.01,0.01,1.01,48.01,0.634444580614065
False,0.01,1.01,1.01,38.01,1.226456265254529
True,1.01,0.01,1.01,40.01,1.0099255237164184
False,0.01,0.01,2.01,43.01,0.7726760397894018
False,2.01,1.01,2.01,40.01,1.4709000701033283
False,2.01,0.01,2.01,36.01,0.7327597591910113
False,0.01,2.01,0.01,44.01,1.0393875796563536
False,1.01,0.01,2.01,51.01,0.8913287946283018
True,0.01,3.01,0.01,31.009999999999998,1.2601152564407376
True,2.01,1.01,3.01,32.01,0.5834201391279864
True,0.01,1.01,2.01,40.01,1.2344371198598583
True,5.01,1.01,3.01,47.01,1.2611939609742673
False,0.01,0.01,0.01,44.01,1.1497473787781254
False,0.01,1.01,2.01,34.01,0.7695145449035911
True,0.01,0.01,1.01,48.01,1.4246798496997755
True,0.01,0.01,1.01,37.01,0.5113159202172559
False,0.01,0.01,1.01,40.01,0.9586714096047229
False,0.01,0.01,0.01,27.009999999999998,0.4409575808681102
False,0.01,0.01,2.01,46.01,1.2624068535892035
True,0.01,1.01,0.01,45.01,1.6035968608720015
False,0.01,0.01,0.01,47.01,1.346412793022027
False,0.01,1.01,0.01,38.01,0.947504499588657
False,0.01,0.01,3.01,41.01,1.398718651537111
False,0.01,1.01,0.01,30.009999999999998,0.6163149397870044
True,0.01,0.01,1.01,39.01,1.4858282544264552
True,1.01,0.01,0.01,37.01,0.7186121145432816
False,2.01,0.01,1.01,29.009999999999998,0.9378651921509497
False,0.01,0.01,0.01,34.01,0.7822890325199843
False,1.01,0.01,1.01,33.01,0.4864827850613159
True,1.01,0.01,1.01,50.01,1.2523738702741465
True,0.01,0.01,1.01,40.01,1.09896717845933
False,2.01,0.01,0.01,36.01,1.1427037732513112
False,0.01,1.01,1.01,45.01,1.547944135315953
True,0.01,2.01,1.01,53.01,0.8867718233402098
False,0.01,0.01,0.01,41.01,0.5297942380372102
True,0.01,0.01,0.01,51.01,0.7877382563672887
False,0.01,0.01,2.01,40.01,1.2492341153282531
False,0.01,0.01,0.01,40.01,0.5921673850220206
False,0.01,0.01,1.01,33.01,1.2333747955181635
True,0.01,0.01,1.01,39.01,1.1268214889494208
False,0.01,0.01,0.01,37.01,0.7847336615805742
False,2.01,0.01,0.01,32.01,0.6345588595829031
True,2.01,0.01,0.01,41.01,1.1298113159065464
False,1.01,1.01,0.01,39.01,1.1401829693211165
False,3.01,1.01,5.01,25.009999999999998,1.5399673369993636
True,0.01,0.01,0.01,35.01,1.3436301450974324
True,0.01,0.01,0.01,39.01,1.1847228776552508
False,1.01,0.01,3.01,37.01,0.7190472066110387
False,0.01,0.01,1.01,40.01,0.9550343419215106
True,0.01,0.01,0.01,46.01,0.7480333058228891
False,0.01,1.01,0.01,30.009999999999998,0.8313114059032305
False,0.01,0.01,0.01,47.01,0.7062679199365259
True,0.01,1.01,0.01,52.01,0.9411699074429178
False,0.01,0.01,0.01,33.01,1.202139453598552
False,0.01,0.01,0.01,41.01,0.9130391183571654
False,1.01,0.01,0.01,38.01,0.7317744808646812
True,0.01,0.01,0.01,36.01,1.1644191082355706
True,1.01,0.01,0.01,43.01,0.8322130636863528
False,1.01,0.01,0.01,29.009999999999998,1.3104449815818648
False,0.01,0.01,0.01,34.01,1.2060248745548792
False,0.01,0.01,1.01,35.01,0.8781422454203661
False,2.01,0.01,0.01,39.01,0.9454179347237046
False,0.01,0.01,1.01,32.01,0.7875221866715593
False,0.01,0.01,1.01,33.01,1.4005154825406316
True,1.01,0.01,0.01,43.01,1.5326938331468634
False,1.01,0.01,0.01,33.01,1.307500972250102
False,0.01,2.01,2.01,41.01,0.9031761546364611
False,0.01,1.01,0.01,46.01,0.9598258774108943
False,1.01,2.01,2.01,46.01,0.8698247708994553
True,0.01,0.01,1.01,34.01,1.2599826554468632
True,1.01,1.01,0.01,31.009999999999998,0.9855256334712286
True,0.01,1.01,0.01,44.01,0.784934328614972
False,2.01,4.01,1.01,38.01,0.819848218104894
False,3.01,1.01,0.01,44.01,1.0528112844918347
True,1.01,1.01,1.01,35.01,1.122657230604392
False,4.01,0.01,1.01,35.01,1.4715174788235192
True,3.01,1.01,1.01,31.009999999999998,0.7314015870012638
True,0.01,5.01,4.01,43.01,0.8657745977426828
False,0.01,0.01,0.01,36.01,0.603451288736784
False,0.01,0.01,2.01,40.01,1.060358288498706
True,0.01,0.01,1.01,46.01,0.7047233529323083
False,0.01,0.01,1.01,36.01,0.701280495197838
False,0.01,0.01,1.01,38.01,1.4473802739221262
False,0.01,0.01,0.01,42.01,0.6174204474837509
True,0.01,0.01,1.01,32.01,0.9256107876797535
False,0.01,0.01,1.01,42.01,0.6829392802933991
False,0.01,0.01,0.01,39.01,0.9608510823754726
False,0.01,1.01,0.01,37.01,1.1481529347953168
True,1.01,0.01,0.01,36.01,0.8732649757649756
False,1.01,0.01,0.01,46.01,1.0142794422589818
False,1.01,1.01,1.01,48.01,0.8768626623502537
True,0.01,1.01,0.01,42.01,0.8594884499061846
True,0.01,0.01,1.01,47.01,1.0210321135216092
False,1.01,0.01,0.01,47.01,0.9471936000542378
True,1.01,0.01,1.01,38.01,0.9530602451018596
False,0.01,0.01,1.01,42.01,1.0645073525398323
False,0.01,0.01,0.01,45.01,0.6871359076418103
True,0.01,0.01,0.01,47.01,1.4820963779243623
True,0.01,0.01,0.01,35.01,1.1474364418479341
False,0.01,0.01,0.01,38.01,0.858415162788973
False,0.01,0.01,1.01,31.009999999999998,1.0413161140034726
True,0.01,1.01,2.01,56.01,0.787942262080193
False,0.01,0.01,2.01,40.01,1.0011602085515128
True,0.01,0.01,0.01,50.01,0.8944989621676048
False,0.01,0.01,1.01,36.01,1.030579300967232
False,1.01,0.01,3.01,50.01,0.47552672576060373
True,1.01,0.01,0.01,43.01,0.8253936875060222
False,1.01,1.01,0.01,39.01,0.6117524728100546
True,1.01,0.01,2.01,42.01,0.9381029749207185
False,0.01,0.01,0.01,36.01,0.759038349038349
False,2.01,0.01,4.01,42.01,1.243205983062121
True,0.01,1.01,1.01,33.01,0.9382847626913371
True,0.01,0.01,0.01,32.01,0.8211264186403429
False,0.01,0.01,1.01,30.009999999999998,0.9128583491201703
True,0.01,0.01,3.01,41.01,0.410954903480072
True,0.01,0.01,2.01,44.01,1.2659137358425976
False,0.01,1.01,0.01,35.01,1.1226668003700722
False,0.01,0.01,1.01,35.01,1.089877014988571
False,0.01,0.01,1.01,23.009999999999998,0.8175863678804857
True,0.01,0.01,0.01,34.01,0.8507456072144466
False,0.01,0.01,2.01,32.01,0.6259359089599018
False,0.01,0.01,2.01,31.009999999999998,0.932056980228955
False,1.01,0.01,1.01,43.01,1.229929543654904
False,0.01,1.01,1.01,36.01,1.342951034909096
False,0.01,1.01,1.01,45.01,0.6071150672330254
True,0.01,0.01,1.01,39.01,0.6581103928259671
True,0.01,2.01,0.01,40.01,1.0346098182862888
False,0.01,0.01,0.01,42.01,0.7532449765580995
False,1.01,0.01,1.01,36.01,1.2156802595885756
True,0.01,0.01,1.01,45.01,0.700186741363212
False,1.01,0.01,2.01,42.01,1.4485098696171101
False,2.01,0.01,1.01,31.009999999999998,1.3315059481490008
False,0.01,0.01,0.01,37.01,1.1751632248517352
False,1.01,0.01,1.01,36.01,0.740350732484684
False,0.01,0.01,0.01,36.01,0.9982071915983644
False,1.01,1.01,1.01,36.01,1.0893743926148565
True,0.01,0.01,0.01,38.01,1.1743344413295154
True,0.01,3.01,2.01,43.01,0.528691175953087
False,1.01,1.01,2.01,37.01,0.8028406410868204
False,2.01,0.01,2.01,41.01,0.8516771122243245
True,0.01,4.01,3.01,50.01,1.5908940506202172
True,0.01,1.01,1.01,36.01,1.4823130110630114
True,1.01,2.01,1.01,39.01,1.0570274486721853
True,3.01,1.01,4.01,33.01,0.878034880496181
True,0.01,0.01,0.01,38.01,1.2921533788598405
True,0.01,0.01,1.01,28.009999999999998,0.6828520121222718
False,0.01,0.01,1.01,38.01,0.9926045164766264
True,1.01,1.01,0.01,52.01,1.014446313959778
False,0.01,0.01,0.01,41.01,0.5983659178292257
True,0.01,0.01,0.01,44.01,0.8911526676811746
True,0.01,0.01,1.01,37.01,1.05892276957403
False,0.01,1.01,1.01,49.01,1.0312035997459088
False,0.01,0.01,1.01,34.01,1.1661791513690245
False,0.01,1.01,0.01,45.01,1.1514458455038348
True,0.01,1.01,0.01,39.01,1.5162467705306584
True,0.01,0.01,0.01,52.01,0.9077259450926819
True,0.01,0.01,0.01,37.01,0.8908527181896747
False,0.01,0.01,1.01,42.01,0.9267046454973471
True,0.01,0.01,1.01,37.01,0.954141051638886
False,0.01,0.01,1.01,37.01,1.1583942341420723
False,1.01,0.01,1.01,37.01,1.239333768437041
True,1.01,0.01,2.01,44.01,0.952766401094406
False,0.01,0.01,0.01,53.01,0.7838502860444829
False,0.01,0.01,0.01,34.01,1.2322769655908392
False,0.01,1.01,1.01,37.01,1.6562771110197076
False,0.01,3.01,0.01,45.01,0.7351503637779216
False,0.01,0.01,0.01,41.01,1.2057233464733965
False,0.01,0.01,1.01,52.01,1.2784756818118046
False,1.01,0.01,3.01,36.01,0.9526196072873496
False,0.01,0.01,1.01,42.01,0.9659156998652385
False,2.01,2.01,0.01,42.01,1.0769435799630895
False,0.01,2.01,5.01,49.01,0.7077848820687695
True,2.01,5.01,1.01,52.01,0.49529066461227
False,1.01,0.01,2.01,27.009999999999998,1.3364745545146874
True,0.01,3.01,2.01,33.01,1.3261765759895634
True,2.01,5.01,1.01,41.01,1.0627263177998474
True,1.01,5.01,2.01,39.01,0.6977436210836797
True,0.01,0.01,1.01,29.009999999999998,1.1695570198726095
False,0.01,0.01,1.01,35.01,1.3115692707760105
False,1.01,0.01,0.01,40.01,1.703540000474985
False,0.01,0.01,0.01,42.01,0.9638965023310374
True,0.01,0.01,1.01,46.01,1.561226267542303
True,0.01,0.01,0.01,48.01,1.1226798000006144
True,0.01,0.01,0.01,44.01,1.12224346708147
True,0.01,1.01,2.01,33.01,1.1640369520972673
False,0.01,0.01,0.01,46.01,0.8852177294515684
True,0.01,0.01,1.01,40.01,1.2867020057288183
False,0.01,0.01,0.01,42.01,1.2879426114344292
True,0.01,0.01,0.01,46.01,0.7781264680810142
False,0.01,1.01,1.01,41.01,0.8408511361989478
False,0.01,0.01,0.01,46.01,1.0874816205232274
False,0.01,1.01,0.01,33.01,0.819421197050141
True,0.01,0.01,0.01,50.01,0.8021079261868738
False,2.01,1.01,2.01,44.01,1.42235112918882
True,1.01,1.01,1.01,37.01,0.741661394468658
False,0.01,1.01,0.01,47.01,0.7021074189634136
False,1.01,1.01,1.01,40.01,1.3396019032724384
False,2.01,1.01,3.01,45.01,1.4474826659741271
False,0.01,0.01,0.01,37.01,1.311365734231959
False,1.01,0.01,2.01,51.01,0.9204903245146933
True,0.01,0.01,1.01,45.01,1.0289427928715007
False,0.01,0.01,0.01,28.009999999999998,0.8067648518257079
False,2.01,1.01,0.01,39.01,1.148582124240019
True,0.01,1.01,1.01,46.01,1.3035807006383733
True,0.01,0.01,1.01,35.01,0.8448223479153248
True,0.01,3.01,0.01,35.01,0.6985321762156557
False,1.01,2.01,1.01,33.01,0.5983865103660371
False,2.01,2.01,3.01,44.01,1.4330958728398475
False,0.01,2.01,1.01,51.01,1.613253967036951
False,1.01,2.01,1.01,55.01,0.8539399514683883
True,0.01,1.01,1.01,39.01,1.018365304007838
False,0.01,0.01,0.01,34.01,0.8223801670634564
False,0.01,0.01,1.01,46.01,1.247844500747121
True,0.01,0.01,1.01,47.01,1.0141323581341202
False,0.01,1.01,0.01,45.01,1.2103598073035533
True,0.01,0.01,1.01,40.01,1.548377891139915
False,0.01,0.01,0.01,47.01,1.2209666668644918
True,0.01,2.01,1.01,42.01,0.699527742865958
False,0.01,1.01,1.01,38.01,1.192633711945334
True,0.01,0.01,1.01,54.01,1.0012812443614076
False,0.01,1.01,2.01,24.009999999999998,0.5989253137136432
True,0.01,1.01,1.01,45.01,1.6581174778485144
False,2.01,1.01,0.01,38.01,0.7876068263798099
False,1.01,0.01,1.01,30.009999999999998,1.570685322429174
True,0.01,0.01,0.01,46.01,0.9943707691665951
False,0.01,0.01,0.01,44.01,1.0234360751276939
True,0.01,0.01,1.01,43.01,1.2607104983924036
False,2.01,0.01,0.01,44.01,0.7452999208872387
False,0.01,0.01,0.01,38.01,1.1220234490917178
False,0.01,1.01,1.01,34.01,1.4386835862064695
False,0.01,0.01,2.01,36.01,1.123520448600437
True,2.01,2.01,1.01,43.01,0.6995879175290941
True,1.01,2.01,1.01,42.01,0.8669189077221513
True,2.01,1.01,2.01,48.01,1.3430835176768343
False,1.01,2.01,0.01,53.01,0.7922730677267882
False,0.01,1.01,2.01,37.01,1.1429670983626041
True,1.01,0.01,0.01,34.01,1.337359933371778
False,1.01,3.01,1.01,40.01,1.223289585997694
False,2.01,2.01,3.01,45.01,0.8837840167261724
False,2.01,1.01,0.01,53.01,1.6057051858473113
False,3.01,3.01,2.01,39.01,0.6720641734540156
True,3.01,4.01,4.01,40.01,1.4767380117383024
False,3.01,4.01,0.01,31.009999999999998,0.4617645955631007
True,0.01,1.01,1.01,36.01,1.3038474710070658
False,1.01,2.01,1.01,43.01,1.391759711213541
True,0.01,1.01,1.01,50.01,1.424475030075473
True,0.01,0.01,1.01,32.01,1.0263200939723383
False,0.01,0.01,0.01,45.01,0.8447689791183718
False,0.01,0.01,0.01,35.01,0.6299120239940108
False,0.01,0.01,1.01,39.01,1.1150275007294743
True,0.01,1.01,1.01,41.01,0.9796568754941956
True,1.01,2.01,1.01,46.01,1.2253631102835183
False,1.01,0.01,0.01,37.01,0.8490182210785806
True,0.01,0.01,1.01,36.01,0.7182110555216106
False,0.01,0.01,2.01,33.01,1.3769552044754882
False,0.01,0.01,1.01,40.01,0.7385198841211346
False,1.01,1.01,0.01,47.01,1.3195870414340272
True,1.01,0.01,1.01,38.01,1.2441960102518848
True,1.01,1.01,0.01,41.01,0.5013505032605374
True,1.01,1.01,0.01,33.01,1.2267940621125608
False,1.01,0.01,2.01,30.009999999999998,0.6656389060792275
True,2.01,1.01,1.01,34.01,1.1379978833262092
False,1.01,1.01,0.01,38.01,1.207573761452214
False,1.01,1.01,2.01,46.01,0.6959742206454316
False,0.01,1.01,0.01,33.01,1.0434981617428112
True,2.01,0.01,2.01,47.01,1.8824443701942855
False,1.01,0.01,2.01,36.01,0.4614065364065364
False,0.01,0.01,2.01,47.01,0.853413026401448
False,1.01,1.01,0.01,39.01,0.8894764681247855
False,1.01,1.01,1.01,37.01,1.2034880458262507
True,0.01,3.01,5.01,35.01,0.6903319259315612
False,4.01,2.01,1.01,36.01,0.7326156298964202
False,2.01,8.01,1.01,39.01,0.953269696868095
False,0.01,2.01,1.01,45.01,0.7937993546100088
True,4.01,6.01,3.01,54.01,1.2254528546686188
False,3.01,1.01,6.01,43.01,0.9087933087098737
False,1.01,1.01,1.01,41.01,0.6942538235161168
True,0.01,0.01,1.01,42.01,0.6374992313002138
True,0.01,1.01,2.01,36.01,0.9611932660419488
False,1.01,1.01,1.01,40.01,1.5077881234325095
True,1.01,0.01,0.01,42.01,1.0051145543867581
True,1.01,0.01,1.01,36.01,0.7397168283166984
False,0.01,0.01,2.01,36.01,1.0637162142434469
True,1.01,1.01,2.01,43.01,0.8571683844848209
True,2.01,0.01,1.01,51.01,1.4214270618807823
True,0.01,0.01,1.01,50.01,0.8476914738780865
False,1.01,0.01,0.01,46.01,0.839995326887236
False,1.01,0.01,0.01,39.01,1.2362773820488986
True,1.01,0.01,0.01,42.01,1.1962086442034954
True,1.01,0.01,0.01,44.01,0.9419463923323808
False,1.01,0.01,0.01,34.01,0.8655531742565487
False,0.01,1.01,2.01,47.01,1.0719869405296398
False,1.01,2.01,2.01,32.01,1.3343110118566783
False,0.01,0.01,0.01,49.01,1.0310433503300052
False,1.01,1.01,1.01,45.01,0.5293187505648805
False,2.01,1.01,2.01,33.01,1.1523597933429752
False,1.01,0.01,1.01,39.01,1.202700041540941
False,1.01,2.01,2.01,43.01,0.9096687689368425
False,1.01,2.01,0.01,37.01,1.5834776183944104
False,1.01,1.01,2.01,39.01,1.12684146698022
False,2.01,4.01,0.01,41.01,1.213866551055714
False,4.01,1.01,2.01,46.01,0.9752599860574179
True,0.01,2.01,0.01,40.01,1.2036527629559366
True,3.01,4.01,2.01,32.01,1.0539049770934712
False,4.01,4.01,1.01,42.01,1.3739337145067954
True,2.01,9.01,4.01,32.01,1.2757987826481754
True,6.01,6.01,3.01,39.01,1.5395829959205722
False,7.01,4.01,1.01,34.01,1.2823645493609197
True,10.01,7.01,3.01,49.01,0.9144140668358725
False,0.01,0.01,0.01,51.01,1.1821298523612012
False,0.01,1.01,0.01,40.01,2.0620559134209637
False,0.01,0.01,1.01,36.01,0.9912714341404364
True,0.01,0.01,2.01,43.01,0.9712742800329265
True,0.01,0.01,1.01,43.01,1.001859350590704
False,0.01,0.01,2.01,53.01,1.1581104778898894
False,0.01,0.01,1.01,32.01,0.8365255574517649
False,1.01,0.01,1.01,43.01,1.0645208513472477
True,0.01,0.01,2.01,50.01,1.4635143962648582
False,0.01,0.01,0.01,36.01,1.1651897900684633
False,0.01,0.01,0.01,53.01,0.6797185526434566
True,0.01,0.01,1.01,45.01,0.7101574238670003
False,0.01,0.01,0.01,43.01,1.138993741404705
True,0.01,0.01,0.01,52.01,1.0907318729011153
False,1.01,0.01,1.01,43.01,0.7652899763319323
False,0.01,0.01,1.01,32.01,1.4147847658351276
True,1.01,1.01,1.01,38.01,1.0630274038877408
False,0.01,3.01,0.01,31.009999999999998,1.1443453732159794
True,0.01,2.01,0.01,48.01,0.7233302779309211
False,1.01,0.01,2.01,47.01,1.4600279732100216
True,0.01,0.01,4.01,36.01,1.166238154924934
True,0.01,0.01,0.01,37.01,1.606132091903962
True,1.01,0.01,0.01,42.01,1.3101247209445759
False,0.01,1.01,0.01,40.01,0.7989740638652001
False,2.01,0.01,0.01,49.01,0.8811154890544385
True,1.01,1.01,1.01,51.01,0.8436402399518848
False,1.01,0.01,4.01,41.01,0.6885297398351808
False,2.01,0.01,2.01,43.01,1.4147507930132142
False,3.01,3.01,4.01,47.01,0.7789736589549067
False,0.01,0.01,2.01,38.01,1.066436629287129
True,0.01,3.01,2.01,49.01,1.1755293112798961
False,1.01,0.01,0.01,47.01,1.3491986046912903
False,0.01,2.01,0.01,32.01,1.0942567731410853
False,0.01,0.01,0.01,32.01,0.6716961503251826
True,0.01,0.01,0.01,37.01,1.2055340304844901
True,0.01,0.01,0.01,38.01,0.44632154882154884
True,0.01,2.01,0.01,36.01,0.7598963869786914
False,0.01,0.01,0.01,40.01,0.9461407437310042
False,0.01,0.01,0.01,31.009999999999998,0.8729206438563868
False,0.01,0.01,2.01,45.01,1.0261307066360894
True,0.01,0.01,1.01,42.01,0.8864472726429247
False,0.01,0.01,1.01,34.01,1.159702874947763
False,0.01,1.01,0.01,29.009999999999998,0.5735325168698056
True,0.01,0.01,1.01,42.01,0.788448027309439
True,0.01,0.01,2.01,36.01,1.3318545711294085
True,0.01,0.01,1.01,35.01,0.8529835132002257
False,0.01,0.01,1.01,51.01,0.583472531124575
False,0.01,0.01,0.01,43.01,0.7339354646868386
False,0.01,0.01,1.01,42.01,0.447864243801181
False,1.01,0.01,0.01,34.01,1.0846312939944514
True,0.01,1.01,0.01,66.00999999999999,1.1160863135720116
False,0.01,0.01,2.01,44.01,0.44778203963949553
False,0.01,1.01,0.01,38.01,0.8328144982163534
True,1.01,1.01,2.01,46.01,1.1908289313019675
False,1.01,0.01,2.01,39.01,1.1493412296001813
False,0.01,1.01,2.01,36.01,1.114801150119619
False,1.01,0.01,1.01,39.01,1.1661089508573863
True,0.01,0.01,2.01,38.01,0.9981756018553435
True,1.01,1.01,0.01,41.01,0.5669855726202476
False,0.01,1.01,3.01,32.01,0.9373681192011519
False,1.01,2.01,1.01,46.01,1.0112973510160943
False,1.01,1.01,1.01,41.01,1.5146872465773638
True,2.01,0.01,2.01,40.01,1.2354234055704645
False,4.01,3.01,1.01,44.01,0.991676374280101
True,3.01,3.01,0.01,35.01,0.9230532159411469
False,2.01,2.01,1.01,40.01,1.4442396401735313
True,0.01,0.01,1.01,40.01,1.2601129988795585
False,0.01,0.01,1.01,40.01,0.8921073784889574
True,1.01,0.01,0.01,44.01,0.92064401253524
True,0.01,0.01,1.01,44.01,1.258384116998929
False,0.01,1.01,1.01,47.01,0.3810150673172495
False,0.01,0.01,0.01,44.01,1.0891493406164676
False,0.01,0.01,1.01,49.01,1.1020572909772646
True,0.01,1.01,0.01,41.01,0.7493235160904472
True,0.01,1.01,3.01,50.01,0.902006240557803
True,0.01,1.01,0.01,49.01,1.071986621837344
True,1.01,0.01,0.01,42.01,1.0392020493528098
False,0.01,0.01,0.01,47.01,0.918222939979617
False,1.01,1.01,0.01,51.01,0.8094573872554385
False,0.01,0.01,2.01,37.01,0.9229598028447967
True,0.01,1.01,2.01,44.01,0.7981103688823361
False,0.01,0.01,2.01,37.01,1.2839925782385897
False,1.01,0.01,0.01,41.01,0.7512446842666236
False,1.01,2.01,1.01,39.01,0.8660774730938434
True,1.01,0.01,2.01,50.01,1.20688867568065
False,0.01,0.01,2.01,38.01,1.0986972344044987
False,0.01,0.01,1.01,40.01,0.6136467282122162
True,1.01,2.01,0.01,49.01,0.9831870297890248
False,0.01,1.01,3.01,38.01,1.0605422265946696
False,0.01,1.01,2.01,43.01,0.5136811750627539
False,2.01,0.01,1.01,42.01,1.4480320405855307
True,0.01,0.01,3.01,36.01,1.7580280619634838
True,1.01,2.01,1.01,44.01,1.07134523428075
False,2.01,2.01,3.01,35.01,1.5566832980329195
False,2.01,0.01,2.01,43.01,1.049218656999611
False,1.01,3.01,3.01,48.01,1.1659406952157445
False,2.01,3.01,2.01,41.01,1.0548112079752132
True,1.01,1.01,0.01,38.01,0.570252471028333
False,5.01,1.01,3.01,41.01,0.9461450033711696
False,0.01,0.01,1.01,38.01,0.9050571191775426
False,1.01,0.01,0.01,33.01,0.8837295969930608
True,0.01,0.01,1.01,36.01,0.5548677792033937
True,1.01,0.01,0.01,36.01,1.503625170386079
False,1.01,0.01,1.01,38.01,1.292652056900428
False,0.01,0.01,0.01,32.01,0.8107474979113061
True,0.01,0.01,1.01,50.01,1.4281691133281398
True,0.01,0.01,1.01,45.01,0.907587774264143
False,0.01,0.01,0.01,52.01,0.8012661917205246
False,0.01,1.01,1.01,47.01,0.7795008771472929
True,0.01,0.01,0.01,28.009999999999998,1.0404382879300227
False,1.01,0.01,1.01,38.01,1.2188473779658553
True,0.01,0.01,3.01,46.01,1.0051131621249036
False,2.01,0.01,0.01,48.01,0.5839173221713171
True,1.01,1.01,0.01,51.01,1.0562711670983416
False,1.01,1.01,0.01,41.01,1.225535792568296
True,0.01,0.01,0.01,32.01,1.3803201958763651
False,0.01,0.01,0.01,45.01,1.1009760044350834
False,1.01,0.01,1.01,40.01,0.8267407279689554
True,0.01,0.01,0.01,36.01,1.1604632180090617
False,1.01,0.01,2.01,56.01,1.195808874984067
False,2.01,0.01,1.01,42.01,1.501162507571382
True,3.01,2.01,0.01,47.01,1.2452107728531905
False,0.01,1.01,1.01,43.01,1.2425193645005932
False,0.01,2.01,1.01,34.01,1.1120954348614989
False,1.01,1.01,1.01,36.01,1.2009818574117603
True,4.01,4.01,2.01,49.01,1.140603651682229
False,0.01,0.01,2.01,35.01,1.041072806267048
True,2.01,3.01,0.01,35.01,1.155344291613473
False,4.01,8.01,2.01,27.009999999999998,0.9273962801120715
False,3.01,2.01,4.01,35.01,1.2022918001564378
True,5.01,4.01,0.01,39.01,0.9980694662234909
False,4.01,6.01,2.01,33.01,1.115941166242651
True,0.01,0.01,1.01,47.01,1.3869694388443718
True,0.01,0.01,1.01,48.01,1.6267735051466137
False,0.01,0.01,0.01,47.01,1.1394845310035269
False,1.01,0.01,0.01,39.01,1.0557061674023915
False,0.01,0.01,2.01,38.01,0.7657481301521549
False,1.01,1.01,1.01,41.01,1.2664200146418503
False,0.01,0.01,0.01,44.01,1.3828810829779605
True,2.01,2.01,1.01,35.01,1.1655341299002975
True,1.01,0.01,0.01,37.01,1.2526725348250063
False,1.01,1.01,0.01,38.01,0.9060031614504038
False,0.01,2.01,0.01,40.01,0.8795230898553812
True,0.01,1.01,0.01,47.01,0.7136416999972692
True,2.01,0.01,1.01,38.01,1.8650208459460076
True,0.01,0.01,0.01,41.01,0.5031936332687451
False,1.01,1.01,2.01,40.01,0.9690758423734607
True,1.01,0.01,0.01,38.01,1.2703989171781853
True,0.01,1.01,1.01,41.01,1.508799370864146
False,1.01,0.01,3.01,43.01,1.373367591095015
False,0.01,0.01,1.01,36.01,1.0683271843954056
False,1.01,0.01,1.01,48.01,0.8755021390991862
False,0.01,1.01,2.01,43.01,0.7473969506959743
False,1.01,1.01,0.01,45.01,0.7110407672996851
False,2.01,0.01,2.01,37.01,0.49288204731082796
True,1.01,1.01,2.01,42.01,0.4514992815243093
False,1.01,2.01,0.01,46.01,1.1570626744257575
False,1.01,0.01,0.01,40.01,1.0068088585241013
False,0.01,1.01,0.01,38.01,0.6593600523361792
False,2.01,3.01,1.01,45.01,1.1232066618918097
True,0.01,1.01,2.01,27.009999999999998,0.9076276892391314
False,4.01,2.01,1.01,40.01,1.9977961583975397
True,3.01,3.01,0.01,27.009999999999998,1.0939695114737553
False,2.01,4.01,4.01,37.01,0.7933094084270698
False,3.01,2.01,4.01,25.009999999999998,1.138317583926103
True,0.01,0.01,1.01,41.01,0.6727452803669994
False,0.01,0.01,1.01,35.01,1.00612937424592
False,0.01,0.01,3.01,45.01,1.3783115769293512
False,0.01,1.01,0.01,28.009999999999998,0.7327504888121221
True,0.01,0.01,0.01,42.01,0.8118218426519968
False,0.01,0.01,1.01,32.01,1.1524207157256692
True,0.01,0.01,2.01,37.01,0.6245680583692796
False,0.01,1.01,2.01,33.01,0.3840872935193422
False,0.01,0.01,1.01,43.01,1.5054770846494478
True,1.01,1.01,1.01,42.01,0.8465131412098158
True,2.01,0.01,2.01,47.01,0.7609580353115822
True,0.01,0.01,0.01,41.01,0.6042087656888624
False,0.01,0.01,1.01,59.01,1.164370007055429
False,0.01,0.01,1.01,38.01,0.7735461903389598
True,0.01,0.01,0.01,47.01,0.7132890251540138
False,0.01,1.01,0.01,36.01,1.2627047525602697
False,0.01,0.01,1.01,42.01,0.9133738155593822
True,0.01,0.01,1.01,40.01,1.5295486103337383
True,1.01,1.01,0.01,36.01,0.7600429827805867
True,1.01,0.01,1.01,45.01,0.6192576033831391
False,0.01,2.01,1.01,33.01,0.9187173156482619
False,0.01,1.01,2.01,34.01,0.8541081880589437
False,1.01,2.01,1.01,34.01,0.7321796239880948
False,0.01,2.01,1.01,38.01,0.8812038492708616
False,0.01,0.01,3.01,41.01,1.5077675917464344
False,0.01,0.01,2.01,42.01,1.4377225930911386
False,0.01,1.01,1.01,43.01,1.0956204161345764
False,0.01,0.01,2.01,56.01,1.1333014103201169
True,2.01,0.01,3.01,35.01,1.2233269780926102
True,1.01,2.01,2.01,32.01,0.9635586201150286
False,3.01,2.01,1.01,37.01,0.982599968401052
True,3.01,1.01,3.01,40.01,1.703483334233557
False,3.01,2.01,3.01,37.01,1.0128088568380922
True,0.01,0.01,0.01,36.01,0.7020826683274195
False,0.01,0.01,2.01,48.01,0.785637584341719
False,1.01,0.01,0.01,39.01,0.9987412349133542
True,0.01,0.01,1.01,38.01,1.1661688317078884
True,0.01,0.01,1.01,37.01,1.0392326897122293
False,0.01,0.01,1.01,38.01,1.1734781277910196
False,0.01,0.01,1.01,45.01,1.153950781905007
False,2.01,0.01,2.01,42.01,0.8809880129455939
True,0.01,0.01,1.01,44.01,1.334340606856107
False,0.01,0.01,0.01,35.01,1.1271176667093181
True,1.01,0.01,0.01,35.01,1.3112095209610628
False,0.01,1.01,3.01,42.01,0.9942393335086059
True,0.01,0.01,1.01,45.01,0.7902727259704261
True,0.01,0.01,1.01,36.01,1.706094497219614
False,0.01,0.01,1.01,34.01,1.2978845899640126
False,0.01,0.01,0.01,42.01,0.9319765288497374
False,0.01,0.01,1.01,39.01,0.8014304260835196
True,0.01,1.01,0.01,47.01,0.8323308059562922
True,1.01,2.01,1.01,38.01,0.953072332897561
False,0.01,0.01,2.01,47.01,0.6107194165315761
True,0.01,2.01,2.01,46.01,1.3032272488570114
False,0.01,0.01,0.01,32.01,0.7608074119887266
False,0.01,0.01,0.01,33.01,1.2136497478814965
True,0.01,1.01,0.01,35.01,0.7745115823271065
False,0.01,0.01,0.01,38.01,1.3163446975381838
True,0.01,0.01,1.01,48.01,1.3400510278572242
True,0.01,0.01,1.01,37.01,0.9807088537400203
False,0.01,2.01,0.01,43.01,0.6337124118990324
False,0.01,0.01,0.01,44.01,0.8783671792129687
False,2.01,1.01,4.01,39.01,0.44843043554877643
False,1.01,3.01,2.01,43.01,0.7150908585177951
False,0.01,1.01,1.01,31.009999999999998,0.8980575492488699
False,3.01,1.01,1.01,37.01,1.1880594038438657
False,0.01,0.01,1.01,55.01,0.887127328035385
True,0.01,0.01,0.01,51.01,1.0538452496986546
True,0.01,0.01,1.01,46.01,1.383353610313687
True,0.01,0.01,0.01,43.01,0.997127929850558
False,0.01,0.01,1.01,35.01,1.1190858436615696
True,0.01,0.01,0.01,41.01,1.1421974324422497
False,0.01,0.01,1.01,37.01,0.8110898416462973
False,0.01,0.01,0.01,38.01,0.9009788840412629
False,0.01,0.01,0.01,37.01,0.7580830497565807
True,0.01,0.01,2.01,38.01,0.8665933986876333
True,1.01,0.01,1.01,29.009999999999998,1.0173147963587041
False,0.01,0.01,1.01,43.01,0.5780495903152222
True,0.01,0.01,0.01,38.01,0.5120738898165559
False,0.01,0.01,0.01,36.01,0.9322115999233849
False,0.01,0.01,0.01,44.01,1.0901205870493553
False,0.01,0.01,0.01,49.01,1.063748827864311
False,0.01,0.01,1.01,33.01,0.8230545623718528
False,0.01,0.01,0.01,32.01,1.1536660289601466
False,0.01,0.01,1.01,40.01,0.8814931745083495
False,0.01,1.01,1.01,42.01,0.943844598492458
True,0.01,4.01,1.01,37.01,0.8729516710803865
False,0.01,0.01,2.01,38.01,0.663730916376912
False,0.01,0.01,0.01,30.009999999999998,0.8652593715998654
False,0.01,0.01,2.01,40.01,0.7217125768392308
False,0.01,3.01,2.01,35.01,1.2568618844907928
True,1.01,2.01,0.01,38.01,1.5145412134077127
False,1.01,0.01,0.01,38.01,1.0127394460981554
True,0.01,2.01,2.01,42.01,0.5212417294610183
True,0.01,0.01,5.01,48.01,1.283544726810673
False,2.01,0.01,1.01,36.01,1.4934929214571289
False,0.01,0.01,0.01,40.01,0.9551855687408265
False,2.01,1.01,0.01,35.01,1.3169666654413636
False,4.01,5.01,6.01,44.01,1.8876481521674329
False,0.01,0.01,0.01,33.01,0.5748559976948422
True,0.01,0.01,1.01,47.01,1.30733185836127
False,1.01,1.01,1.01,44.01,1.1427555824990328
False,0.01,0.01,1.01,35.01,1.0906752156164878
False,0.01,0.01,1.01,33.01,0.5464069403397507
True,1.01,0.01,0.01,36.01,1.0491141133115869
True,0.01,0.01,1.01,34.01,1.2309811257874386
False,0.01,1.01,1.01,40.01,0.9510452811206564
False,1.01,0.01,1.01,38.01,0.972543151263526
False,0.01,0.01,0.01,43.01,0.7222326494948523
False,0.01,0.01,1.01,44.01,0.5966950733475048
False,1.01,0.01,1.01,31.009999999999998,0.6699956162059967
False,0.01,0.01,1.01,48.01,1.462144837453543
False,0.01,0.01,0.01,30.009999999999998,0.8212390137984105
False,0.01,0.01,1.01,41.01,0.9153396346717912
True,0.01,1.01,1.01,40.01,1.547106137128501
False,0.01,0.01,0.01,37.01,0.7803493616505018
True,2.01,1.01,1.01,52.01,1.1315361620416595
True,0.01,1.01,1.01,52.01,1.150244826409771
False,0.01,0.01,1.01,43.01,0.5281066427278525
True,1.01,0.01,1.01,42.01,1.5207841972365412
False,1.01,0.01,2.01,35.01,1.1026722164144767
True,0.01,0.01,3.01,46.01,0.7186342137000034
False,2.01,0.01,1.01,55.01,0.5787096962631865
False,1.01,0.01,0.01,41.01,1.2639478906400914
False,0.01,0.01,0.01,37.01,0.6175141782558817
False,1.01,1.01,1.01,41.01,1.329890111119374
False,1.01,0.01,1.01,53.01,0.8309498104700777
False,0.01,0.01,0.01,53.01,0.7769061038718188
True,1.01,1.01,0.01,44.01,0.9576585385249068
False,2.01,0.01,2.01,51.01,0.7462889983579639
False,2.01,2.01,1.01,40.01,0.8631251939709933
False,0.01,2.01,1.01,47.01,1.048665520174058
True,0.01,0.01,0.01,48.01,0.8530824027348747
True,0.01,1.01,1.01,40.01,0.6537654112888237
False,1.01,1.01,0.01,39.01,0.40931657891282974
True,1.01,1.01,0.01,38.01,1.1040091161742767
False,1.01,1.01,0.01,40.01,1.8580420751036109
False,1.01,0.01,1.01,47.01,0.5285395692055922
False,0.01,0.01,0.01,43.01,0.5668609257356989
True,1.01,0.01,0.01,37.01,1.2893459366482924
False,0.01,0.01,1.01,44.01,1.2362532396947477
True,0.01,0.01,1.01,27.009999999999998,0.9799235904091959
False,0.01,1.01,0.01,31.009999999999998,0.9805678734914788
True,0.01,0.01,0.01,39.01,0.536792216444491
False,0.01,1.01,2.01,41.01,0.9140978527230148
False,0.01,1.01,1.01,40.01,0.6262631620716235
False,0.01,0.01,0.01,39.01,1.0785543223941012
True,0.01,1.01,0.01,43.01,0.42098710657534194
False,0.01,0.01,0.01,45.01,0.8227165613039995
True,0.01,2.01,0.01,31.009999999999998,1.5042804638890188
False,1.01,0.01,1.01,37.01,1.0827521662100212
False,1.01,1.01,1.01,46.01,1.0652301244299751
False,1.01,1.01,1.01,43.01,0.9304395206330192
True,2.01,1.01,0.01,46.01,0.8597330546102931
True,0.01,2.01,1.01,41.01,0.9432930301909492
True,1.01,0.01,3.01,35.01,0.6652040149129108
True,1.01,2.01,2.01,41.01,0.7031669365492895
False,0.01,1.01,0.01,33.01,0.596378148878149
False,0.01,0.01,1.01,38.01,0.7712690301249225
False,0.01,0.01,0.01,34.01,1.136149780661976
False,1.01,1.01,1.01,37.01,0.9933921977220248
True,3.01,0.01,0.01,33.01,0.8224107402251418
False,3.01,1.01,1.01,40.01,1.0037254179060902
False,3.01,2.01,1.01,42.01,1.413174042924914
False,3.01,2.01,1.01,43.01,0.9397814984732807
False,0.01,0.01,0.01,43.01,0.7468824788656738
True,1.01,0.01,0.01,49.01,1.2385599185528025
True,1.01,1.01,2.01,38.01,1.032819998975879
False,1.01,0.01,1.01,47.01,1.4838826387402286
False,1.01,0.01,1.01,34.01,1.1644006090989307
False,0.01,0.01,1.01,44.01,0.45695932237776427
False,0.01,0.01,1.01,38.01,0.8022488695218759
False,0.01,0.01,0.01,37.01,0.7092480045030602
True,0.01,1.01,1.01,38.01,0.8983330933582618
False,0.01,0.01,1.01,30.009999999999998,1.2065063139593406
True,0.01,1.01,0.01,41.01,0.4692313241362447
True,0.01,0.01,0.01,39.01,0.6168543397006395
False,0.01,0.01,0.01,51.01,1.102892377732649
True,0.01,1.01,2.01,39.01,0.9309584701213899
True,0.01,0.01,0.01,42.01,0.6640815195782217
False,1.01,2.01,0.01,45.01,0.7409251862042803
True,1.01,0.01,0.01,40.01,0.5264257178594747
False,1.01,0.01,1.01,38.01,0.9561928505502469
False,1.01,2.01,1.01,38.01,0.9821898731791423
False,0.01,0.01,1.01,44.01,0.7939949089562094
True,1.01,0.01,0.01,37.01,1.2081555107850717
False,1.01,0.01,2.01,50.01,0.7759256493034559
True,3.01,0.01,1.01,52.01,1.0601883187663113
False,1.01,0.01,0.01,49.01,0.9217031030984519
False,0.01,2.01,2.01,34.01,0.8211007907106552
True,2.01,1.01,3.01,40.01,0.7888947342141207
False,1.01,0.01,1.01,46.01,0.7452940481403478
False,1.01,2.01,2.01,44.01,0.9463387580674685
False,3.01,0.01,2.01,44.01,1.2065959396625494
False,0.01,0.01,1.01,37.01,0.8021258787115686
True,3.01,2.01,4.01,38.01,1.0679404908255277
True,2.01,4.01,1.01,45.01,1.0492301397096795
False,2.01,2.01,1.01,45.01,1.4468877371466884
False,0.01,0.01,0.01,60.01,1.0472302800221451
False,0.01,0.01,0.01,44.01,1.0251272391408086
False,0.01,0.01,0.01,49.01,0.8729392566308585
False,0.01,0.01,0.01,49.01,0.6272823236997132
False,0.01,0.01,2.01,37.01,1.0366342407898372
False,0.01,0.01,1.01,42.01,0.7333584545196886
False,0.01,0.01,0.01,49.01,0.6713274238334426
True,0.01,0.01,0.01,41.01,1.2587115020986626
True,1.01,1.01,1.01,53.01,1.060957673058443
True,2.01,1.01,0.01,46.01,0.9482765910686897
True,0.01,0.01,1.01,40.01,1.3987039704508408
True,0.01,1.01,0.01,38.01,0.9507107091161964
False,0.01,0.01,0.01,39.01,1.7679333529595473
False,0.01,0.01,1.01,36.01,0.513742501932087
False,0.01,0.01,0.01,46.01,1.4175308229648496
False,1.01,0.01,1.01,41.01,0.8429539515894956
True,0.01,0.01,0.01,43.01,1.008487958508361
True,0.01,2.01,0.01,56.01,0.9877428447129841
False,1.01,1.01,2.01,39.01,0.8533306885547938
True,0.01,0.01,0.01,51.01,0.801163380912584
False,1.01,0.01,1.01,34.01,1.3509961028078135
True,0.01,0.01,1.01,43.01,1.160585310528208
False,1.01,0.01,0.01,40.01,0.883427766461693
False,0.01,0.01,1.01,39.01,0.9602989876562077
False,0.01,2.01,0.01,31.009999999999998,1.3047262468042518
False,1.01,0.01,0.01,38.01,1.136419580272056
True,1.01,1.01,2.01,51.01,0.6242404860868757
True,2.01,1.01,3.01,45.01,1.1305491079212098
True,1.01,1.01,1.01,35.01,1.2206616386689548
True,0.01,0.01,0.01,39.01,0.9207669389387579
False,0.01,1.01,1.01,34.01,0.8263696996882153
False,2.01,0.01,0.01,48.01,1.0029596791831903
False,0.01,0.01,0.01,42.01,1.3534892317731062
True,1.01,0.01,0.01,42.01,0.9734345548777961
True,0.01,0.01,2.01,39.01,1.2005715976511744
False,0.01,1.01,0.01,49.01,1.0814877849113202
False,0.01,0.01,0.01,40.01,1.5771908684259632
True,0.01,0.01,1.01,44.01,1.1584221052031167
False,0.01,0.01,0.01,44.01,0.9043518698354792
False,0.01,2.01,0.01,37.01,0.5897602428625083
False,0.01,1.01,1.01,33.01,0.5944053917974645
False,0.01,0.01,1.01,32.01,0.5802309088709822
False,0.01,1.01,0.01,34.01,0.9877492646832654
True,0.01,0.01,0.01,34.01,1.0258175975143733
True,0.01,0.01,0.01,37.01,1.2787424384046913
True,1.01,0.01,1.01,46.01,1.0684999882610775
False,0.01,0.01,0.01,46.01,0.6698430019425392
True,0.01,0.01,1.01,46.01,0.8901273110121077
False,0.01,0.01,1.01,34.01,1.7729997081890745
False,1.01,0.01,2.01,35.01,1.6125801678547829
True,1.01,2.01,0.01,47.01,1.0926316156009594
False,2.01,2.01,0.01,29.009999999999998,0.9681612185272023
False,1.01,0.01,0.01,45.01,0.6139293075399211
False,0.01,2.01,3.01,45.01,1.2413665467666486
True,0.01,0.01,3.01,33.01,1.4081062330994274
False,3.01,2.01,0.01,32.01,1.1174864135117664
True,4.01,1.01,0.01,35.01,0.7252216400727511
True,2.01,1.01,0.01,40.01,1.3767501138500013
False,1.01,0.01,2.01,44.01,1.395593684043799
False,1.01,3.01,1.01,41.01,1.2033901029093566
False,2.01,0.01,1.01,39.01,1.5678904385256873
True,1.01,0.01,1.01,31.009999999999998,1.4742538298749628
False,7.01,1.01,0.01,43.01,1.3943419098691223
False,3.01,1.01,0.01,29.009999999999998,1.4142840866956543
True,5.01,3.01,3.01,34.01,0.9840082058464411
False,7.01,2.01,2.01,37.01,0.8242975917113846
True,1.01,0.01,1.01,36.01,1.4424280370452325
False,0.01,0.01,0.01,39.01,0.7448453947541157
False,0.01,0.01,0.01,43.01,1.242139779233096
False,0.01,0.01,0.01,40.01,0.9064856505847013
False,0.01,0.01,0.01,35.01,0.7688496473270472
True,0.01,0.01,0.01,44.01,0.8717335818552033
True,0.01,0.01,1.01,38.01,0.7660038796593004
True,1.01,0.01,0.01,36.01,0.9219770877507449
True,0.01,0.01,1.01,43.01,1.4590566016014381
True,1.01,0.01,0.01,39.01,1.1825858828999345
False,1.01,1.01,0.01,50.01,1.1578488373225213
True,0.01,0.01,2.01,50.01,1.0710262784555684
True,0.01,0.01,1.01,37.01,1.2337128483588637
False,1.01,0.01,1.01,51.01,1.069095339977693
True,0.01,1.01,0.01,40.01,0.6960189535265348
False,0.01,0.01,0.01,43.01,0.6997072436324626
False,1.01,0.01,1.01,45.01,0.6156594425498599
True,0.01,5.01,1.01,44.01,1.5125397252909365
False,2.01,1.01,0.01,40.01,1.09827666553473
False,0.01,1.01,3.01,52.01,0.811852988400181
False,0.01,0.01,0.01,53.01,0.9158984315558129
False,1.01,1.01,1.01,44.01,0.6956592250152545
False,0.01,1.01,0.01,40.01,1.1710011672096985
False,0.01,3.01,1.01,33.01,1.6483397258268162
True,1.01,0.01,0.01,43.01,1.3032445593719695
False,3.01,1.01,2.01,48.01,0.7743899137436557
True,2.01,3.01,2.01,33.01,1.125874354140483
False,2.01,4.01,2.01,41.01,1.1446389421811236
False,5.01,0.01,2.01,43.01,1.0332417959539801
False,3.01,2.01,4.01,39.01,0.9860368111532283
False,1.01,4.01,0.01,38.01,0.815477505113375
False,3.01,2.01,0.01,48.01,1.3463511177572298
False,5.01,2.01,4.01,38.01,1.1530747425348193
True,0.01,1.01,0.01,36.01,1.3923230603747423
False,0.01,0.01,1.01,53.01,1.3202021565649533
False,0.01,0.01,0.01,45.01,1.439521530144365
True,0.01,1.01,0.01,42.01,0.4021395519602611
False,0.01,0.01,0.01,36.01,0.7263444200758238
True,0.01,1.01,0.01,48.01,1.4075186995872149
True,0.01,0.01,0.01,29.009999999999998,1.4047725175741865
True,1.01,0.01,0.01,43.01,0.9018608721013784
False,0.01,2.01,0.01,41.01,0.7899726793921353
True,0.01,1.01,1.01,40.01,1.4162040800452729
False,0.01,0.01,0.01,29.009999999999998,1.1043519822665486
False,0.01,0.01,0.01,33.01,0.9621951954208621
False,0.01,0.01,0.01,35.01,1.1141836410218098
False,0.01,0.01,1.01,45.01,0.6725209900905789
False,1.01,0.01,0.01,34.01,1.230270109504601
False,2.01,1.01,0.01,47.01,1.0165129833682345
False,0.01,0.01,0.01,35.01,0.5885478269895645
True,0.01,0.01,1.01,40.01,0.6963075766617745
True,0.01,0.01,1.01,42.01,1.1570590743916402
True,0.01,1.01,2.01,43.01,0.9445960601842955
False,0.01,0.01,0.01,47.01,1.2081368625904592
False,0.01,1.01,1.01,31.009999999999998,0.9299774472808096
False,0.01,2.01,0.01,49.01,1.3476178672697092
True,1.01,1.01,2.01,35.01,0.6033950563790474
True,0.01,3.01,1.01,32.01,0.5995655749486395
False,1.01,0.01,0.01,42.01,1.1645065764006794
False,5.01,7.01,1.01,36.01,1.1588202981679967
True,5.01,2.01,2.01,41.01,1.8059953628964516
False,3.01,2.01,2.01,38.01,1.1861679322885388
True,5.01,13.01,5.01,48.01,1.4250316986566227
False,5.01,9.01,1.01,31.009999999999998,0.8235005281540351
False,6.01,2.01,0.01,32.01,0.7610462631208277
False,6.01,6.01,2.01,37.01,0.8231150492563537
False,0.01,0.01,2.01,54.01,1.4219138278356465
False,0.01,0.01,2.01,45.01,0.6075744902543772
True,0.01,0.01,1.01,39.01,0.8053026136315216
False,0.01,0.01,0.01,34.01,0.9767521711045641
False,0.01,1.01,0.01,54.01,0.8803492482698874
True,0.01,0.01,2.01,49.01,1.16572217607209
False,2.01,1.01,1.01,52.01,0.9404356582168663
False,0.01,0.01,2.01,42.01,1.6633683268383754
False,0.01,0.01,1.01,48.01,0.7918104705522054
False,1.01,0.01,2.01,51.01,1.3753838296124337
True,0.01,1.01,2.01,41.01,1.947061966788133
False,0.01,2.01,0.01,35.01,1.0240903270774384
False,1.01,2.01,2.01,35.01,1.9165373922328888
False,1.01,1.01,0.01,35.01,1.3391986062177206
True,1.01,1.01,0.01,57.01,1.3041387277437086
True,1.01,2.01,0.01,43.01,1.1994631260730328
True,3.01,3.01,1.01,40.01,0.8481740361070209
True,1.01,3.01,1.01,48.01,1.172940643262921
False,2.01,1.01,1.01,42.01,1.2401421787675118
True,1.01,4.01,0.01,47.01,0.9474428804146802
False,1.01,3.01,2.01,51.01,1.2370801777623626
False,3.01,2.01,1.01,38.01,1.4389907424322386
True,1.01,7.01,2.01,41.01,0.9262091109702785
False,2.01,1.01,1.01,40.01,0.9298810315478212
True,0.01,4.01,1.01,37.01,0.7956627328191742
True,3.01,6.01,3.01,39.01,1.4252247442728558
False,1.01,2.01,2.01,44.01,1.2407223831641652
False,2.01,4.01,1.01,36.01,0.9702092854182636
True,5.01,13.01,3.01,41.01,1.3763565354743934
True,7.01,5.01,2.01,28.009999999999998,0.7053123693135809
True,7.01,3.01,4.01,46.01,1.2611501889952137
False,3.01,4.01,3.01,46.01,1.3821574338237321
True,10.01,9.01,3.01,46.01,1.9029274852724536
False,0.01,1.01,1.01,43.01,0.825322978223539
True,1.01,0.01,0.01,39.01,0.9797287381118345
False,0.01,0.01,1.01,39.01,1.3836673271019866
False,0.01,0.01,1.01,42.01,0.6228886601625984
True,0.01,0.01,2.01,44.01,1.0541299169240348
True,0.01,1.01,0.01,40.01,1.8935266219418692
False,0.01,0.01,1.01,36.01,1.2953541192182207
True,1.01,0.01,0.01,59.01,0.9744014154893007
False,0.01,0.01,1.01,21.009999999999998,0.7206294552678638
False,1.01,0.01,2.01,50.01,1.041462121932548
False,0.01,1.01,1.01,51.01,1.09300575254223
False,1.01,1.01,1.01,46.01,0.6726470219487035
True,0.01,5.01,0.01,41.01,0.8176796344267608
True,0.01,1.01,1.01,34.01,0.7944857523045737
False,2.01,0.01,0.01,45.01,1.5244162993059214
True,0.01,2.01,0.01,38.01,0.8940676244896928
False,1.01,1.01,2.01,40.01,0.9595252189331135
False,2.01,0.01,0.01,35.01,1.5786054980056528
True,1.01,3.01,3.01,46.01,1.133903864660536
True,3.01,1.01,1.01,34.01,1.2754385688307326
False,3.01,1.01,2.01,38.01,1.3056686126062202
False,3.01,0.01,1.01,50.01,1.1239126942029418
False,3.01,1.01,1.01,41.01,0.8888791998061192
False,2.01,0.01,0.01,42.01,0.861820755753395
False,2.01,10.01,3.01,42.01,0.9105076958018136
False,4.01,4.01,0.01,44.01,1.1188163754154263
True,0.01,4.01,0.01,40.01,0.948871696570728
False,3.01,1.01,1.01,35.01,0.5747847815587926
True,0.01,4.01,1.01,42.01,0.8356648254691197
False,4.01,3.01,0.01,38.01,1.0478684793770527
True,4.01,3.01,1.01,33.01,1.4027214909013739
False,4.01,1.01,1.01,35.01,1.020930384867336
False,3.01,0.01,2.01,45.01,0.954219822866235
False,0.01,0.01,2.01,33.01,1.0478885215908298
False,0.01,0.01,0.01,47.01,1.0387340400159888
True,0.01,0.01,0.01,38.01,0.8928878880163506
True,0.01,0.01,0.01,39.01,1.4009090287232655
False,0.01,0.01,0.01,40.01,1.12086312181954
False,0.01,0.01,0.01,43.01,0.8155526085227465
False,0.01,0.01,0.01,30.009999999999998,0.9113332022455313
False,0.01,0.01,0.01,35.01,0.9449478184015354
True,2.01,0.01,0.01,31.009999999999998,1.2422149053335563
False,0.01,0.01,1.01,38.01,1.2469727992426796
True,1.01,1.01,2.01,36.01,1.3368602866811103
False,0.01,0.01,3.01,33.01,0.6493681754631234
True,0.01,0.01,0.01,40.01,0.7142184429981663
True,1.01,0.01,0.01,39.01,0.8240888385036013
True,1.01,0.01,1.01,41.01,0.6717886876305829
True,0.01,0.01,1.01,39.01,0.8410752275618709
False,1.01,1.01,1.01,41.01,0.9632237977359929
True,0.01,2.01,1.01,33.01,0.7100445851029267
True,1.01,2.01,0.01,49.01,1.0319610658677154
False,1.01,0.01,0.01,41.01,0.9441348167083461
False,1.01,1.01,1.01,34.01,1.643048358589219
False,1.01,1.01,0.01,46.01,1.5063881894138558
False,0.01,1.01,3.01,43.01,2.0569908656399116
False,1.01,0.01,3.01,28.009999999999998,1.4979417463318594
False,2.01,0.01,2.01,33.01,0.7795660694654504
True,2.01,0.01,1.01,29.009999999999998,1.082242383244562
True,0.01,0.01,1.01,48.01,1.3802152689311844
False,2.01,1.01,0.01,40.01,0.8421549901597711
True,2.01,2.01,1.01,40.01,0.3864644308113435
False,1.01,1.01,1.01,33.01,1.2573532186767482
False,0.01,1.01,1.01,24.009999999999998,0.34299605275825545
False,2.01,2.01,1.01,28.009999999999998,0.7297575090494481
False,3.01,0.01,0.01,37.01,1.405529538826821
True,0.01,0.01,0.01,40.01,1.5799640144543092
True,0.01,0.01,0.01,42.01,0.6362010051015974
False,0.01,0.01,0.01,27.009999999999998,1.6062200452289965
False,0.01,0.01,0.01,44.01,1.4393824788784042
False,0.01,1.01,0.01,37.01,1.1064553297426336
False,0.01,0.01,1.01,40.01,0.8409821193057737
True,0.01,0.01,1.01,53.01,1.1614182518533027
False,0.01,0.01,1.01,37.01,0.6886729399240549
False,0.01,0.01,1.01,39.01,0.657145647165414
False,2.01,1.01,1.01,46.01,1.3265519902424372
False,0.01,0.01,1.01,32.01,0.9082745634583204
True,1.01,1.01,0.01,42.01,0.9527547313295852
False,0.01,0.01,0.01,37.01,0.7791148147530764
False,1.01,0.01,2.01,47.01,0.7984539531591112
False,1.01,1.01,1.01,34.01,1.0315593023512588
True,0.01,1.01,1.01,31.009999999999998,1.3335467422490588
False,1.01,0.01,1.01,51.01,1.986172820285562
False,0.01,1.01,0.01,31.009999999999998,0.9214360259206903
False,0.01,2.01,2.01,38.01,1.5183505332238103
False,0.01,0.01,1.01,44.01,1.069678396608273
False,0.01,0.01,0.01,45.01,0.9511573558253045
False,1.01,0.01,0.01,37.01,1.0141467767216452
False,0.01,0.01,1.01,41.01,1.4893341490416492
False,0.01,0.01,0.01,47.01,1.169355520465695
True,2.01,0.01,2.01,52.01,1.0319662910761982
True,2.01,2.01,2.01,25.009999999999998,0.8317788340050003
True,2.01,1.01,0.01,42.01,1.0462946372667687
True,2.01,2.01,1.01,41.01,0.5583517361455008
True,7.01,2.01,1.01,38.01,0.6246183087652795
True,5.01,4.01,0.01,39.01,1.0503589080006808
False,3.01,1.01,2.01,42.01,0.4209043880096512
True,4.01,1.01,2.01,33.01,1.0979183080297223
True,1.01,9.01,0.01,37.01,0.6878272625379366
False,0.01,0.01,1.01,46.01,2.0787131953248066
True,0.01,0.01,2.01,25.009999999999998,0.9254749876653449
True,1.01,0.01,0.01,42.01,0.6646963789922415
False,0.01,0.01,0.01,42.01,0.9455625346464274
True,2.01,1.01,1.01,40.01,0.9784109217932748
False,0.01,0.01,0.01,43.01,0.9362071292482689
False,0.01,0.01,0.01,41.01,2.07803572293295
True,1.01,2.01,0.01,44.01,1.0368833469162417
False,0.01,1.01,0.01,39.01,0.9894515467823738
True,0.01,1.01,4.01,41.01,0.5507587631039643
False,0.01,1.01,1.01,34.01,1.4122833046192873
False,0.01,0.01,0.01,37.01,0.8683634759265012
False,1.01,0.01,2.01,46.01,1.2096537023927831
False,0.01,0.01,2.01,48.01,1.315787456477031
True,0.01,0.01,2.01,38.01,1.0881197628850257
False,0.01,1.01,0.01,39.01,1.1047520590864246
True,0.01,0.01,0.01,30.009999999999998,0.7903155308125678
False,0.01,2.01,1.01,28.009999999999998,0.7354683021757371
True,0.01,0.01,1.01,42.01,1.0761715157495002
False,1.01,0.01,1.01,41.01,0.9178153111569755
False,0.01,0.01,1.01,35.01,0.8165103061426591
True,3.01,0.01,2.01,29.009999999999998,0.7595600667767379
False,0.01,0.01,2.01,41.01,1.6983511823894573
True,6.01,2.01,1.01,34.01,1.510644466403831
True,0.01,1.01,1.01,33.01,0.930852930909815
False,1.01,1.01,1.01,32.01,1.1840907936082712
False,1.01,1.01,1.01,44.01,1.6700985990148192
False,1.01,2.01,1.01,42.01,1.5843415332231123
True,2.01,0.01,0.01,30.009999999999998,1.194405636908028
True,2.01,1.01,0.01,32.01,0.9100819866906418
False,2.01,0.01,1.01,33.01,0.8888763932146286
False,2.01,3.01,2.01,35.01,0.6880779764127479
False,3.01,0.01,3.01,38.01,1.3157790128487525
True,0.01,0.01,1.01,41.01,1.4928150428019131
False,0.01,0.01,0.01,42.01,0.8292028149348241
True,0.01,1.01,2.01,39.01,0.8803708186659737
True,0.01,0.01,0.01,48.01,1.217742536601694
False,0.01,0.01,3.01,38.01,0.8196576892877707
True,0.01,3.01,1.01,51.01,0.8776315018028752
True,0.01,0.01,1.01,48.01,1.1979031033912182
False,0.01,0.01,0.01,38.01,0.8654275481466683
False,0.01,1.01,1.01,45.01,0.4862483095425065
True,1.01,1.01,1.01,42.01,1.2947109832757637
True,2.01,1.01,2.01,44.01,0.7936537639799213
False,0.01,0.01,1.01,43.01,1.3003683096468455
True,0.01,0.01,1.01,35.01,0.9824035392859187
True,0.01,0.01,0.01,45.01,1.6387959754775447
False,2.01,1.01,0.01,42.01,1.3971293299220602
False,0.01,1.01,1.01,48.01,0.7292510270936498
False,1.01,0.01,3.01,27.009999999999998,0.7342833986630646
False,0.01,1.01,0.01,38.01,0.7014112317643328
True,2.01,6.01,0.01,33.01,1.3571724194093389
True,0.01,0.01,0.01,43.01,0.8676469826469828
True,2.01,0.01,0.01,31.009999999999998,1.3402623845612966
False,2.01,0.01,1.01,41.01,1.255076601487023
False,5.01,1.01,2.01,31.009999999999998,0.6832865263092085
False,1.01,1.01,1.01,34.01,1.411003472889473
True,1.01,1.01,2.01,42.01,0.9947758191689776
False,3.01,0.01,0.01,53.01,0.9336747212430296
False,4.01,0.01,4.01,40.01,1.0976404887567826
False,4.01,4.01,2.01,38.01,1.3600628454182684
True,1.01,3.01,1.01,37.01,0.9515307636209972
True,4.01,13.01,1.01,40.01,1.3832586561995541
True,0.01,5.01,1.01,47.01,1.8731471851928538
True,4.01,2.01,2.01,33.01,0.9280215853278981
True,10.01,3.01,3.01,40.01,0.8765890999117191
True,0.01,0.01,0.01,41.01,1.9536120365971206
False,0.01,1.01,0.01,32.01,0.4778885854242873
False,0.01,0.01,1.01,44.01,0.8545088503395186
False,0.01,0.01,1.01,43.01,0.8687077346819452
False,0.01,0.01,1.01,31.009999999999998,0.9924843719894041
True,0.01,0.01,0.01,49.01,0.807053973378618
False,0.01,0.01,1.01,33.01,0.8755799373799367
False,0.01,0.01,1.01,29.009999999999998,1.6424711943538597
False,1.01,0.01,0.01,32.01,0.832965564150363
False,0.01,0.01,2.01,37.01,0.7166480417777648
False,0.01,0.01,1.01,32.01,0.7709242877345873
False,0.01,0.01,2.01,43.01,0.8189206281653352
True,1.01,0.01,1.01,34.01,1.008651873978905
True,1.01,1.01,1.01,33.01,0.4893865435571525
True,0.01,1.01,0.01,49.01,0.6002948935351726
False,0.01,0.01,0.01,45.01,1.3668011597304228
False,1.01,0.01,1.01,42.01,1.29252138428135
True,0.01,1.01,0.01,33.01,0.9148957871738701
False,1.01,1.01,1.01,45.01,0.9984066444801147
True,1.01,1.01,0.01,37.01,0.45693903367553107
False,0.01,2.01,0.01,34.01,1.4044913726663544
False,0.01,1.01,1.01,43.01,0.8473949693104359
True,1.01,0.01,3.01,39.01,1.1567518794810578
True,3.01,0.01,1.01,47.01,1.0071891788264355
False,0.01,0.01,0.01,41.01,0.6656082693151657
True,3.01,1.01,1.01,36.01,0.9321031813765441
False,0.01,2.01,1.01,39.01,1.111981680276365
False,0.01,3.01,1.01,38.01,0.6534558675932584
False,2.01,2.01,1.01,38.01,1.2614234561990587
True,2.01,2.01,3.01,43.01,0.9382197104716753
True,3.01,3.01,2.01,41.01,0.9907662122586453
True,10.01,1.01,3.01,36.01,0.8760076727483559
True,5.01,1.01,1.01,47.01,1.523982202128246
True,0.01,0.01,0.01,36.01,0.8889739179234564
False,0.01,0.01,0.01,41.01,0.740509122911948
True,0.01,0.01,2.01,40.01,0.7404281627589899
True,0.01,0.01,2.01,33.01,0.5836337877200222
True,0.01,0.01,1.01,44.01,0.9065970517543864
False,0.01,0.01,1.01,44.01,0.6305078050709669
True,0.01,0.01,2.01,28.009999999999998,0.687697788360423
False,0.01,0.01,1.01,44.01,0.9108328519047993
False,1.01,0.01,0.01,41.01,1.2460672609659387
True,0.01,0.01,0.01,44.01,0.6626044558010502
True,0.01,0.01,0.01,44.01,1.2047954110705035
False,0.01,0.01,1.01,36.01,0.9584449751507141
False,0.01,0.01,0.01,52.01,1.151001635287376
False,1.01,0.01,1.01,37.01,1.3124388766289599
False,0.01,0.01,1.01,48.01,0.9620187315218514
False,1.01,1.01,0.01,26.009999999999998,0.808344557774648
False,3.01,0.01,0.01,28.009999999999998,0.8129078723242267
False,0.01,0.01,1.01,44.01,0.9046095403255312
True,0.01,0.01,2.01,43.01,0.8566846299400194
False,1.01,1.01,1.01,37.01,0.6581970782810335
True,1.01,2.01,1.01,36.01,1.1322355649027631
True,1.01,0.01,0.01,60.01,0.6362285173581708
False,2.01,0.01,0.01,38.01,1.1614275424637954
False,0.01,0.01,1.01,40.01,1.0082709241084946
False,0.01,0.01,1.01,37.01,0.34087513512863576
True,0.01,2.01,1.01,40.01,1.0429800716564834
True,2.01,2.01,2.01,33.01,0.5680803134092608
False,1.01,3.01,3.01,45.01,0.6768184906422801
False,4.01,1.01,1.01,50.01,0.9706575809273995
True,1.01,0.01,2.01,52.01,0.5349851422432068
False,6.01,2.01,2.01,45.01,0.7280331292954445
False,3.01,6.01,4.01,50.01,0.6879229544255119
True,4.01,4.01,3.01,38.01,0.763518628233266
False,0.01,0.01,0.01,44.01,1.3280849221592097
True,0.01,0.01,2.01,36.01,1.2014813037242107
False,0.01,0.01,0.01,42.01,1.3018651852716032
False,1.01,0.01,0.01,38.01,0.8891605610179574
True,0.01,1.01,1.01,37.01,0.8024581186876268
False,0.01,0.01,0.01,32.01,1.2240904034374678
True,0.01,0.01,0.01,36.01,0.716278847397545
False,0.01,0.01,0.01,28.009999999999998,1.037890867342841
True,0.01,0.01,0.01,37.01,0.889496976042782
True,0.01,0.01,1.01,51.01,0.6426418190007258
True,0.01,1.01,0.01,43.01,1.3156715079629382
False,0.01,1.01,1.01,42.01,1.6767590791820335
False,0.01,0.01,1.01,45.01,1.1202772104804937
False,0.01,0.01,2.01,33.01,0.6419121524695809
False,0.01,0.01,1.01,50.01,0.9550472500725191
False,0.01,2.01,1.01,44.01,0.8250040265134159
False,0.01,0.01,1.01,35.01,0.9855399805734104
True,0.01,3.01,1.01,32.01,0.9043088262075548
False,0.01,1.01,1.01,48.01,0.9564926307106154
True,0.01,0.01,3.01,34.01,0.9097461044722707
False,0.01,1.01,0.01,34.01,1.6046919257977343
False,0.01,1.01,0.01,39.01,0.8907150097704051
False,2.01,2.01,1.01,42.01,1.4592909349685868
True,3.01,0.01,1.01,35.01,1.3128628980977954
True,0.01,0.01,4.01,40.01,1.6186448878634279
True,2.01,1.01,1.01,41.01,0.9794503627029411
False,1.01,2.01,3.01,47.01,0.9431012747769261
False,0.01,2.01,5.01,46.01,1.1403852400883676
False,1.01,1.01,1.01,41.01,1.6951812298963882
False,0.01,2.01,4.01,47.01,1.2933592461994259
True,1.01,2.01,2.01,37.01,0.95822015486624
True,1.01,0.01,1.01,36.01,1.060682381627588
True,2.01,2.01,3.01,36.01,1.0564850006020348
False,0.01,0.01,1.01,31.009999999999998,0.8936353255134899
False,0.01,0.01,0.01,49.01,1.0823548568946473
True,0.01,0.01,0.01,34.01,1.1278187362313217
False,0.01,0.01,1.01,36.01,0.9649308883618751
False,0.01,0.01,0.01,41.01,1.4170506978901802
False,0.01,0.01,0.01,40.01,0.722531691985932
False,0.01,0.01,0.01,47.01,1.0516670519370308
False,0.01,0.01,1.01,45.01,1.1414774078631167
True,0.01,0.01,0.01,38.01,0.8861825691823927
False,0.01,0.01,0.01,47.01,0.7844540896395116
False,2.01,0.01,0.01,36.01,0.9651092346960196
True,0.01,1.01,0.01,38.01,1.2844354669809057
True,0.01,0.01,0.01,44.01,0.8020445799539051
False,0.01,1.01,0.01,33.01,0.7551969332333467
True,0.01,0.01,0.01,48.01,1.4634994636132328
False,1.01,0.01,1.01,34.01,1.141450535318507
True,1.01,0.01,0.01,35.01,1.089469389442372
True,0.01,0.01,3.01,46.01,0.8988373164377467
False,0.01,0.01,0.01,50.01,1.7302846242139898
True,0.01,1.01,1.01,35.01,0.80951013152529
True,0.01,0.01,0.01,30.009999999999998,1.0901781337139549
True,2.01,0.01,1.01,31.009999999999998,0.8565440715314532
False,0.01,1.01,1.01,52.01,1.2263097052079415
False,0.01,1.01,0.01,43.01,0.7377136003289422
False,0.01,1.01,0.01,47.01,0.7460891609828194
False,0.01,1.01,2.01,39.01,0.8747657278633659
False,1.01,1.01,0.01,43.01,0.9407083579399744
True,1.01,1.01,0.01,49.01,0.847814142868134
False,3.01,1.01,1.01,45.01,0.6520206955187756
False,1.01,0.01,1.01,47.01,0.8797608540569613
False,2.01,0.01,2.01,45.01,0.6496453576587533
False,1.01,1.01,0.01,31.009999999999998,1.0186711311825725
False,3.01,1.01,2.01,37.01,1.3339550981332773
True,0.01,0.01,1.01,37.01,0.7078519329681369
True,0.01,0.01,0.01,29.009999999999998,0.7331204352796892
True,1.01,0.01,0.01,35.01,1.1249754157026777
False,1.01,1.01,1.01,35.01,1.4892280843507588
False,0.01,0.01,1.01,48.01,1.2093260348155235
False,0.01,0.01,2.01,40.01,0.996547747807462
True,0.01,0.01,2.01,42.01,0.6432486474001798
False,0.01,0.01,0.01,32.01,1.4294879741861162
False,1.01,0.01,4.01,41.01,0.5492084704932082
True,0.01,0.01,1.01,37.01,0.9093413842115575
True,1.01,0.01,0.01,41.01,1.317464600983498
True,0.01,0.01,0.01,50.01,0.511611188648665
False,1.01,1.01,0.01,41.01,0.6011557092000303
True,0.01,0.01,0.01,39.01,1.0382736095157057
False,1.01,0.01,4.01,46.01,1.3380411626586333
True,0.01,0.01,0.01,23.009999999999998,0.7601279460886358
True,0.01,0.01,1.01,28.009999999999998,0.7487498108457172
False,0.01,1.01,0.01,37.01,0.7713260711313212
False,1.01,0.01,0.01,30.009999999999998,0.628141373381515
True,0.01,1.01,0.01,31.009999999999998,0.8042408102003278
True,1.01,1.01,1.01,41.01,1.1539215291428404
False,0.01,2.01,0.01,40.01,0.7477294151623974
False,1.01,0.01,1.01,51.01,1.5891679180181948
False,1.01,0.01,2.01,39.01,0.7539787191257779
True,0.01,2.01,1.01,41.01,0.7444881720076306
True,4.01,3.01,0.01,42.01,1.3229859843644471
False,3.01,1.01,2.01,51.01,1.3705088397815877
True,2.01,3.01,0.01,26.009999999999998,1.2019709001274075
True,3.01,0.01,1.01,40.01,1.2003798676011677
False,5.01,1.01,2.01,46.01,0.8495781475640345
True,2.01,11.01,1.01,46.01,1.1496567348864755
True,4.01,1.01,0.01,37.01,1.453194736167016
True,4.01,4.01,3.01,38.01,0.8767910520851697
True,1.01,0.01,0.01,30.009999999999998,1.0397012908649697
False,0.01,0.01,1.01,31.009999999999998,0.6187811722307563
True,0.01,0.01,0.01,49.01,1.0753516197644646
True,1.01,0.01,0.01,47.01,1.3576917301488238
True,1.01,0.01,0.01,43.01,0.6895541336766049
False,0.01,0.01,2.01,40.01,0.916008660776181
False,0.01,0.01,0.01,36.01,1.1266497964514648
True,0.01,0.01,0.01,44.01,0.7559732556799039
False,0.01,1.01,0.01,50.01,0.6801551155712067
False,0.01,0.01,1.01,45.01,0.9109107657285407
False,0.01,0.01,0.01,40.01,1.0208983638689877
True,0.01,0.01,0.01,30.009999999999998,0.5999868552825713
False,1.01,0.01,0.01,33.01,1.0733605757725215
False,0.01,0.01,2.01,46.01,0.9123096650179573
False,0.01,2.01,1.01,44.01,0.6973399264629795
False,0.01,0.01,0.01,46.01,0.5588650834110505
False,2.01,1.01,2.01,32.01,1.2902374743003169
True,0.01,0.01,0.01,40.01,0.8127739434850172
False,1.01,0.01,0.01,44.01,0.7630345826839515
False,0.01,2.01,3.01,51.01,0.7362122250908189
True,2.01,0.01,0.01,33.01,1.011235565027454
False,0.01,0.01,3.01,49.01,0.5975851483032334
False,1.01,1.01,0.01,37.01,0.9100789116046639
True,2.01,0.01,1.01,37.01,1.2073037777574982
False,1.01,3.01,1.01,35.01,1.1993822827007985
True,2.01,3.01,2.01,34.01,0.9106820426926576
True,5.01,3.01,1.01,43.01,1.0072429058564691
False,3.01,1.01,2.01,53.01,0.7446395561474568
False,5.01,7.01,1.01,45.01,1.044747332498544
False,7.01,3.01,3.01,34.01,1.0504333936438557
True,4.01,1.01,3.01,44.01,2.2318905478563273
True,3.01,1.01,0.01,44.01,1.3985323408824606
True,2.01,1.01,1.01,37.01,0.7539678587300616
False,0.01,1.01,0.01,47.01,0.5874659383172466
False,3.01,0.01,1.01,33.01,0.8200426226887362
False,1.01,0.01,0.01,35.01,0.6925240491667252
False,0.01,1.01,2.01,40.01,0.7590357731834873
True,0.01,1.01,0.01,43.01,0.9399925577287535
False,0.01,0.01,1.01,46.01,0.7261509772294898
False,0.01,1.01,1.01,36.01,0.8670201417326324
False,0.01,0.01,0.01,45.01,0.8525543199766217
True,1.01,0.01,0.01,38.01,1.0731851442661642
False,0.01,0.01,1.01,43.01,0.8988214371491824
True,0.01,1.01,0.01,38.01,1.03181106032469
False,0.01,0.01,0.01,42.01,0.7244845136822018
False,2.01,0.01,2.01,36.01,0.9105462140326784
False,1.01,1.01,1.01,46.01,0.9758877269291576
True,0.01,0.01,2.01,39.01,1.0179375214977682
True,1.01,0.01,0.01,44.01,1.0958693763950433
True,0.01,0.01,1.01,48.01,0.6300158821531198
False,0.01,0.01,2.01,32.01,0.9645516762453364
True,1.01,0.01,1.01,43.01,0.947643707384775
False,0.01,0.01,0.01,46.01,0.9249074908480411
False,1.01,1.01,0.01,49.01,0.8642835439811611
False,0.01,1.01,1.01,49.01,0.6802413412894539
True,1.01,1.01,1.01,40.01,1.4058716018051554
False,2.01,3.01,0.01,50.01,0.9436253761332646
True,4.01,3.01,0.01,50.01,0.9733637421390627
True,2.01,4.01,0.01,41.01,0.9550883094116623
True,3.01,2.01,1.01,41.01,0.7192130775119259
False,0.01,1.01,3.01,40.01,1.0915047849606057
False,2.01,4.01,0.01,57.01,0.7359404649604888
True,5.01,6.01,2.01,31.009999999999998,1.1521755737654291
True,3.01,4.01,4.01,37.01,1.1142224115092558
False,4.01,3.01,3.01,44.01,1.4016040890782595
True,8.01,2.01,0.01,42.01,0.8650876705997268
False,0.01,0.01,2.01,37.01,0.7831276342336503
True,1.01,0.01,0.01,32.01,0.9325533019662088
True,1.01,0.01,1.01,28.009999999999998,1.2599144334882872
True,1.01,0.01,1.01,42.01,0.49180820972727207
False,1.01,1.01,1.01,49.01,0.6825585583799089
False,0.01,0.01,3.01,47.01,1.0268844114673235
False,0.01,0.01,0.01,31.009999999999998,0.9399917071276899
False,0.01,0.01,1.01,39.01,1.3633494317432218
True,0.01,1.01,3.01,30.009999999999998,0.3501103429566428
False,0.01,0.01,3.01,26.009999999999998,1.1429777063551372
True,1.01,2.01,1.01,46.01,0.915122154583724
False,0.01,2.01,0.01,40.01,1.3976737695734003
True,0.01,0.01,2.01,32.01,1.3937143862423673
False,1.01,2.01,1.01,43.01,1.209146593462206
False,0.01,0.01,0.01,41.01,1.2276656214742536
False,2.01,0.01,1.01,32.01,1.064335526108889
True,2.01,2.01,2.01,46.01,1.2197504432719262
True,2.01,0.01,1.01,38.01,1.1366076737150026
False,2.01,0.01,1.01,40.01,1.2962590650140773
False,0.01,0.01,1.01,41.01,1.1550235653050132
True,2.01,2.01,1.01,39.01,0.8583177695748159
True,2.01,2.01,2.01,34.01,1.0845172067229
True,0.01,1.01,1.01,35.01,1.256848157055305
False,3.01,1.01,0.01,45.01,1.4536848509724114
False,3.01,2.01,2.01,39.01,1.249449223235052
False,3.01,2.01,2.01,42.01,0.765800540727383
False,1.01,2.01,0.01,39.01,0.8491295597741155
True,4.01,4.01,2.01,37.01,1.695447161530753
True,5.01,5.01,2.01,37.01,1.429525572560054
False,8.01,6.01,4.01,35.01,1.303643866621393
False,7.01,4.01,3.01,44.01,1.3941310994829852
False,9.01,8.01,3.01,32.01,1.9284975148976484
True,0.01,0.01,1.01,40.01,1.2604721462898132
False,0.01,0.01,0.01,35.01,0.8632861661213193
False,0.01,0.01,0.01,46.01,1.0164506311346349
False,0.01,1.01,0.01,34.01,1.09213452649392
False,0.01,0.01,0.01,37.01,0.43808690759910274
False,0.01,0.01,0.01,56.01,0.9327637391939685
False,0.01,0.01,1.01,40.01,0.8185629184340818
True,0.01,0.01,0.01,36.01,1.2306727327667975
False,0.01,1.01,0.01,37.01,0.9793026733812843
True,0.01,0.01,0.01,47.01,1.0248497885639167
False,0.01,0.01,0.01,40.01,1.189963274604344
True,0.01,0.01,2.01,40.01,1.1342313419620615
True,1.01,1.01,1.01,32.01,0.9823048989835953
False,0.01,0.01,0.01,45.01,1.249052460460404
False,0.01,0.01,2.01,44.01,1.1470656965487585
True,1.01,0.01,0.01,36.01,1.2281217216500702
False,0.01,0.01,1.01,37.01,0.6510809642208498
False,0.01,1.01,1.01,50.01,0.97984715001724
True,0.01,0.01,0.01,33.01,0.6590537644687878
True,0.01,0.01,1.01,45.01,1.2594721812229788
False,0.01,0.01,2.01,47.01,1.5027799428057806
False,0.01,0.01,3.01,37.01,1.0473461783422922
True,0.01,0.01,0.01,40.01,0.7193577216815757
True,0.01,1.01,0.01,37.01,0.869544895721004
False,0.01,2.01,1.01,32.01,0.7470211323574772
False,1.01,0.01,1.01,38.01,1.364037132140679
True,0.01,0.01,3.01,44.01,1.041684604795001
False,0.01,1.01,2.01,48.01,0.8540314701430854
False,0.01,0.01,0.01,37.01,0.7161100100887765
False,0.01,0.01,0.01,45.01,1.312446516277198
False,0.01,1.01,1.01,43.01,1.0741298034167304
True,0.01,0.01,1.01,40.01,0.5516776750540986
False,2.01,2.01,4.01,35.01,0.8632930382686766
False,0.01,1.01,1.01,31.009999999999998,1.0489044787370936
False,0.01,1.01,0.01,48.01,1.2577857807464046
False,0.01,0.01,0.01,40.01,0.5653547742185127
False,1.01,0.01,1.01,52.01,1.0098920351752865
False,0.01,0.01,1.01,40.01,0.9910392637246858
True,1.01,0.01,0.01,44.01,2.060174133864276
False,0.01,0.01,0.01,33.01,0.7202398498404929
True,0.01,0.01,0.01,45.01,0.8684040168365629
True,0.01,0.01,3.01,40.01,0.4853779319795557
True,0.01,0.01,0.01,54.01,1.0841584671854387
False,0.01,0.01,0.01,39.01,0.9180266984842719
True,0.01,1.01,1.01,41.01,0.7387814384851552
False,0.01,0.01,2.01,46.01,1.3252280115506498
False,0.01,0.01,3.01,33.01,1.449679926190723
False,0.01,0.01,1.01,38.01,1.694807779981699
False,0.01,0.01,0.01,46.01,1.0585967886120042
True,0.01,1.01,2.01,47.01,1.018356342711359
False,0.01,2.01,1.01,44.01,0.7598085134064274
True,0.01,1.01,0.01,37.01,1.3412089612959472
False,0.01,0.01,1.01,39.01,0.9794300987836456
False,0.01,1.01,0.01,39.01,1.3102999667190214
True,0.01,1.01,1.01,45.01,1.1100172339446308
True,1.01,0.01,1.01,43.01,0.9283857488442778
False,0.01,0.01,1.01,38.01,1.4242113468237063
False,0.01,0.01,2.01,41.01,0.7037761929940818
False,1.01,1.01,1.01,39.01,0.9493527969436105
True,0.01,0.01,1.01,34.01,1.2058196594066162
False,0.01,1.01,0.01,36.01,0.6523808704471565
False,0.01,0.01,3.01,41.01,0.7573955362269491
False,1.01,1.01,0.01,45.01,1.1596227519184057
True,0.01,1.01,2.01,33.01,1.2929846878732845
False,0.01,0.01,2.01,31.009999999999998,1.0947924885395799
False,1.01,0.01,0.01,48.01,1.5056452794405772
False,0.01,0.01,1.01,48.01,0.6625668929481212
False,0.01,0.01,1.01,37.01,1.0221765969332741
True,0.01,0.01,0.01,32.01,1.0895560598733736
False,0.01,0.01,0.01,35.01,1.0629938053433352
False,1.01,0.01,0.01,42.01,1.6920754758606098
False,0.01,0.01,1.01,55.01,1.469183535845625
False,0.01,0.01,1.01,34.01,1.0411108751328504
True,0.01,0.01,0.01,51.01,0.6566106081486655
False,0.01,0.01,0.01,40.01,1.0502611680273581
True,0.01,1.01,1.01,33.01,0.918367839492915
False,0.01,0.01,1.01,45.01,0.9508635608635608
True,0.01,0.01,1.01,41.01,1.2126923401335148
False,0.01,0.01,0.01,41.01,0.8085547025511739
True,0.01,2.01,2.01,36.01,1.1646498601538473
False,0.01,0.01,0.01,50.01,1.1123285612445108
False,1.01,0.01,0.01,37.01,1.1764601968622412
True,0.01,0.01,1.01,45.01,0.9031192069026368
False,0.01,1.01,0.01,36.01,0.8091906405364919
False,0.01,1.01,0.01,29.009999999999998,0.4875855027790013
False,1.01,0.01,0.01,40.01,1.5452736196927832
True,0.01,0.01,0.01,40.01,1.2845891355262655
False,1.01,0.01,0.01,35.01,1.2053854735066822
True,0.01,0.01,0.01,35.01,1.232172713305718
False,0.01,1.01,2.01,35.01,1.2388871702548294
True,0.01,0.01,2.01,40.01,1.2337822300632655
False,0.01,0.01,1.01,44.01,0.657836402836403
False,0.01,0.01,2.01,40.01,0.5779728445607862
True,1.01,0.01,0.01,46.01,1.3855653319613273
True,2.01,1.01,0.01,44.01,0.6591228531087919
False,0.01,0.01,2.01,42.01,1.0536885768920194
True,1.01,0.01,0.01,45.01,1.1825724393570702
True,2.01,0.01,2.01,39.01,0.9121160841358509
False,2.01,3.01,0.01,31.009999999999998,1.057434992850952
True,0.01,0.01,2.01,41.01,1.0768675501714233
True,0.01,0.01,2.01,32.01,1.2130192505917168
True,0.01,0.01,1.01,45.01,0.7580214784587851
False,0.01,0.01,0.01,38.01,0.688284457993293
False,1.01,1.01,0.01,32.01,1.6875179863995653
False,1.01,0.01,0.01,40.01,1.0375666289760845
False,0.01,0.01,1.01,40.01,0.9288711003576144
True,0.01,0.01,0.01,36.01,0.590136288831941
False,1.01,0.01,0.01,38.01,1.101674485702004
False,0.01,0.01,0.01,45.01,0.8206911744523732
True,0.01,0.01,1.01,55.01,1.0111361513813228
True,1.01,0.01,1.01,30.009999999999998,0.8495014422301217
False,2.01,0.01,2.01,50.01,0.5537295400858268
False,0.01,0.01,1.01,44.01,0.8067192494877595
True,0.01,0.01,1.01,50.01,1.2215293946480885
False,0.01,1.01,2.01,53.01,0.8381976743052653
False,0.01,1.01,3.01,40.01,1.2219591084033603
False,1.01,1.01,1.01,43.01,0.6597501200688989
False,0.01,1.01,0.01,41.01,0.8392446392816718
True,0.01,1.01,0.01,47.01,0.5367507510423579
False,0.01,1.01,1.01,33.01,0.9080038675416828
False,1.01,0.01,2.01,38.01,1.0524949541404216
False,0.01,1.01,0.01,44.01,0.606855626777147
False,0.01,0.01,1.01,33.01,1.3321383491939842
True,0.01,1.01,2.01,43.01,1.1823917757046576
True,0.01,0.01,2.01,42.01,0.7023252892060021
False,2.01,0.01,0.01,38.01,1.0661988759850287
True,0.01,0.01,1.01,43.01,0.7149533000781572
False,1.01,0.01,1.01,40.01,0.7741205729227552
True,0.01,2.01,1.01,37.01,0.839842751571757
True,0.01,1.01,2.01,38.01,1.1527023901387192
False,2.01,3.01,1.01,35.01,0.9968975002358836
False,2.01,0.01,2.01,28.009999999999998,0.9188622595154721
False,0.01,0.01,1.01,39.01,0.5076722908244029
False,0.01,0.01,0.01,42.01,0.81889961811553
True,2.01,0.01,0.01,38.01,1.800209033284338
False,0.01,0.01,1.01,40.01,1.0953163988750463
False,0.01,0.01,2.01,33.01,0.7449464457888266
False,0.01,0.01,1.01,42.01,1.0732343971613933
True,0.01,0.01,0.01,38.01,0.8220647688324965
False,0.01,2.01,0.01,48.01,1.2621646523498822
False,0.01,0.01,3.01,30.009999999999998,0.7442507067679909
False,0.01,0.01,2.01,28.009999999999998,0.9113670237300677
True,0.01,1.01,0.01,33.01,0.8112904136326361
True,2.01,1.01,0.01,46.01,0.8918814073601166
True,0.01,1.01,0.01,48.01,1.2281549635219837
False,0.01,0.01,0.01,45.01,1.288690728923054
True,0.01,0.01,0.01,35.01,0.9789894359839648
False,0.01,0.01,0.01,44.01,1.1142428936329398
False,0.01,0.01,1.01,39.01,0.7657201913171705
False,1.01,0.01,2.01,46.01,0.7631302580285197
True,0.01,1.01,0.01,28.009999999999998,1.0333926142025895
False,0.01,1.01,0.01,45.01,1.1904203605966048
True,0.01,1.01,0.01,38.01,0.4387445277015593
True,1.01,0.01,0.01,52.01,0.785408304730078
False,1.01,0.01,1.01,38.01,1.1534672439607443
True,1.01,0.01,0.01,38.01,0.6343129731458205
True,0.01,2.01,2.01,36.01,1.2505436191305754
False,1.01,0.01,3.01,43.01,0.9469680098273251
False,1.01,1.01,0.01,36.01,1.018299920745573
False,1.01,3.01,0.01,33.01,1.763807372333308
True,1.01,4.01,2.01,39.01,1.344099014966779
False,6.01,3.01,1.01,30.009999999999998,1.1925550010089392
True,4.01,0.01,1.01,39.01,1.9811752270536893
False,6.01,4.01,0.01,41.01,0.399172424635171
False,2.01,3.01,3.01,36.01,0.8959816498167272
True,0.01,1.01,1.01,34.01,0.7716406634233949
False,0.01,0.01,0.01,31.009999999999998,0.641935798123185
False,2.01,1.01,0.01,50.01,0.715690147598146
False,0.01,0.01,2.01,42.01,0.5732099876790092
True,0.01,0.01,0.01,34.01,0.9300034855352937
True,0.01,0.01,1.01,34.01,1.0315815582457573
False,1.01,0.01,0.01,32.01,0.9640238167803148
False,0.01,0.01,2.01,44.01,1.8022480170477881
True,0.01,0.01,1.01,32.01,0.9400852101373923
False,0.01,1.01,1.01,37.01,1.6389734656517767
False,3.01,0.01,0.01,33.01,1.1529887462428854
True,1.01,0.01,1.01,41.01,1.20149648495662
False,0.01,0.01,1.01,40.01,0.6424068080657499
False,1.01,1.01,0.01,43.01,0.6734016258683103
False,0.01,2.01,1.01,37.01,0.8269160422445285
True,2.01,2.01,1.01,52.01,0.5177802602672837
False,1.01,1.01,1.01,37.01,1.153999820247836
True,0.01,3.01,1.01,39.01,0.8255836831394608
True,1.01,0.01,2.01,34.01,1.3800863704569981
False,1.01,0.01,0.01,39.01,0.7574138532083343
False,1.01,0.01,1.01,43.01,0.8277268186739677
False,1.01,1.01,2.01,36.01,0.7796126585436554
False,2.01,2.01,2.01,35.01,0.5798551707429715
True,2.01,0.01,1.01,37.01,0.7173103176895124
True,1.01,4.01,2.01,40.01,1.1492667257873137
False,0.01,1.01,1.01,35.01,0.8732909445430728
True,1.01,0.01,3.01,29.009999999999998,1.00159497228952
True,1.01,2.01,0.01,29.009999999999998,0.6135615876202036
False,3.01,3.01,2.01,39.01,0.878776838157562
False,2.01,1.01,0.01,32.01,1.0971387191948312
True,0.01,2.01,6.01,42.01,0.701929912135453
True,1.01,1.01,3.01,44.01,1.1144782529719968
True,1.01,4.01,3.01,36.01,1.1390726284504042
False,0.01,0.01,2.01,39.01,0.8500746048448894
True,0.01,0.01,2.01,37.01,1.3767968003676148
False,0.01,0.01,1.01,49.01,0.6523690238991967
False,0.01,0.01,1.01,39.01,0.8576433617774228
False,1.01,0.01,0.01,40.01,0.9342284280839974
True,1.01,0.01,0.01,36.01,1.1921630651412174
True,0.01,0.01,1.01,38.01,1.2245784994812676
True,0.01,1.01,0.01,40.01,1.0323610128644194
False,0.01,0.01,0.01,38.01,1.1011836711951128
False,0.01,0.01,0.01,31.009999999999998,1.3567597818810466
True,1.01,1.01,1.01,40.01,1.2606140322890345
False,1.01,0.01,1.01,48.01,0.7213946681242079
True,1.01,0.01,1.01,43.01,0.7792779241692284
False,0.01,0.01,1.01,49.01,1.1855563452043267
False,0.01,0.01,1.01,44.01,0.8607292110194587
True,1.01,2.01,1.01,29.009999999999998,0.775158099573061
False,1.01,1.01,0.01,39.01,1.3779259686117222
True,1.01,1.01,1.01,27.009999999999998,0.9808161558539886
True,0.01,2.01,1.01,35.01,0.4382972950560704
True,3.01,0.01,1.01,38.01,1.4640389868520929
True,0.01,2.01,3.01,37.01,0.6595801240458354
False,1.01,0.01,1.01,41.01,1.575117334812713
False,0.01,1.01,2.01,35.01,0.8849644140767231
False,1.01,1.01,0.01,41.01,0.9920492132632774
True,1.01,1.01,1.01,44.01,0.7674977559486145
True,1.01,4.01,0.01,45.01,0.8311967286960847
False,4.01,2.01,2.01,46.01,1.041043428343124
False,3.01,0.01,1.01,37.01,0.6321309250264276
False,1.01,2.01,1.01,48.01,1.6977275769561806
False,2.01,1.01,1.01,35.01,0.9680410132740618
False,5.01,3.01,5.01,38.01,0.4288857195436143
False,2.01,1.01,1.01,37.01,0.6933446975281341
False,6.01,2.01,1.01,40.01,0.8380217558244667
True,1.01,0.01,0.01,36.01,1.1305998409653015
True,0.01,0.01,1.01,41.01,0.9679602122779402
True,0.01,0.01,0.01,38.01,1.042438688525645
False,0.01,0.01,0.01,39.01,1.8169755408654347
True,0.01,1.01,2.01,36.01,1.737338325895776
False,1.01,0.01,3.01,49.01,0.5520381889346655
False,0.01,1.01,0.01,47.01,1.263043622289737
False,0.01,0.01,1.01,32.01,0.8396431921685529
True,0.01,0.01,1.01,50.01,0.5874727849577273
False,0.01,0.01,1.01,52.01,1.5063961877916374
False,1.01,0.01,0.01,48.01,1.2011698463978215
True,0.01,1.01,0.01,34.01,0.4325241777009747
True,0.01,0.01,0.01,41.01,0.9172231720824104
False,0.01,0.01,0.01,49.01,0.6908619176641506
False,0.01,0.01,0.01,41.01,0.6396022375677138
False,0.01,0.01,0.01,39.01,0.7228228516014975
False,1.01,0.01,2.01,42.01,1.4985261822963232
True,1.01,1.01,0.01,40.01,0.9658035678238351
False,0.01,0.01,1.01,45.01,0.5834600957345198
False,1.01,1.01,1.01,41.01,0.7156319724838115
False,1.01,0.01,0.01,46.01,0.8406924163748802
False,0.01,1.01,0.01,51.01,0.9544680490012154
False,0.01,0.01,0.01,40.01,0.6993147885487956
True,0.01,0.01,1.01,44.01,0.6100327942544903
False,1.01,1.01,0.01,37.01,0.563831790356809
True,0.01,0.01,1.01,44.01,0.739465638119608
True,1.01,0.01,1.01,50.01,1.0338651552826115
False,0.01,1.01,1.01,41.01,0.8456800193608018
False,0.01,0.01,2.01,36.01,0.8235708605088872
True,2.01,3.01,0.01,35.01,0.9259022833585119
False,1.01,0.01,0.01,47.01,1.128888500295701
False,0.01,2.01,1.01,40.01,1.1598768196008702
False,6.01,3.01,4.01,36.01,0.7582203146247769
False,1.01,0.01,0.01,38.01,0.6494049328862208
False,0.01,0.01,0.01,42.01,0.9515201100540124
True,0.01,0.01,2.01,48.01,0.5116134398865421
False,0.01,1.01,1.01,45.01,1.297792972325451
True,0.01,0.01,0.01,37.01,1.0889135525133948
True,0.01,0.01,1.01,44.01,0.6964988151329394
False,0.01,0.01,2.01,39.01,0.8733701573081109
True,0.01,0.01,0.01,40.01,0.5879169060939825
True,1.01,1.01,1.01,56.01,1.2037437481601703
False,0.01,0.01,1.01,32.01,1.0179400284775135
True,0.01,1.01,0.01,37.01,1.7988694322321537
False,1.01,1.01,0.01,37.01,1.2527256468714663
True,0.01,0.01,0.01,32.01,1.5538791556441813
False,1.01,0.01,0.01,48.01,0.8339787022034924
False,0.01,0.01,5.01,37.01,1.0478327162534324
False,1.01,0.01,2.01,52.01,0.7445986617150301
False,0.01,2.01,0.01,40.01,0.6664595769946674
False,0.01,0.01,1.01,45.01,1.0357867144888786
False,1.01,0.01,0.01,49.01,0.9501486400596306
True,0.01,0.01,1.01,23.009999999999998,1.071275718159699
False,0.01,0.01,1.01,36.01,1.227282387335123
False,1.01,1.01,0.01,33.01,0.9231046195859764
True,4.01,0.01,2.01,41.01,0.5457969487226454
False,0.01,1.01,1.01,34.01,0.9917984529556161
True,2.01,0.01,0.01,44.01,0.6888014268946473
True,0.01,1.01,1.01,37.01,0.9815004448978893
True,0.01,1.01,1.01,43.01,0.6544450331928675
False,0.01,0.01,1.01,38.01,0.9605300422201556
False,0.01,0.01,0.01,46.01,0.6894800626042076
False,3.01,1.01,1.01,36.01,1.152222726449137
True,3.01,1.01,1.01,38.01,1.1641777167781473
True,2.01,2.01,2.01,45.01,1.4520580291832044
False,3.01,1.01,3.01,56.01,1.3025740130462655
False,0.01,0.01,0.01,45.01,0.8029043133209799
False,0.01,0.01,0.01,47.01,0.728451221669568
True,1.01,1.01,0.01,37.01,0.7798669813270619
True,0.01,0.01,1.01,42.01,0.7153467651089416
False,0.01,0.01,0.01,32.01,1.0237175886310619
True,0.01,1.01,1.01,40.01,0.9506264796792747
False,1.01,1.01,0.01,53.01,0.7237812148681713
False,1.01,0.01,0.01,48.01,0.7558834501108568
True,1.01,0.01,1.01,45.01,1.550042062400557
False,3.01,0.01,0.01,43.01,1.1673024197645918
False,0.01,0.01,1.01,35.01,1.184903935314694
True,0.01,1.01,2.01,38.01,1.0075085189525448
True,0.01,0.01,1.01,36.01,1.1488860384794113
True,1.01,1.01,1.01,40.01,0.6085166110695677
True,2.01,1.01,1.01,52.01,1.0411982003952436
True,0.01,1.01,1.01,40.01,1.1700312568896605
True,1.01,0.01,1.01,48.01,1.4986292767833014
False,1.01,1.01,1.01,41.01,0.5182639276245804
False,0.01,3.01,1.01,33.01,1.3613694439717652
False,0.01,2.01,1.01,45.01,1.4483780701923787
False,2.01,1.01,1.01,48.01,0.7132546111064
False,1.01,1.01,1.01,49.01,0.5795615658850952
False,2.01,1.01,2.01,41.01,0.9934386647813048
True,2.01,0.01,0.01,35.01,1.0689905476796089
False,2.01,0.01,1.01,32.01,1.2433802606124036
False,1.01,2.01,0.01,43.01,1.402811557906093
False,4.01,2.01,0.01,43.01,1.3586251649507628
False,1.01,2.01,1.01,51.01,0.5592507952616107
True,2.01,4.01,3.01,50.01,1.0351582149941034
False,4.01,1.01,1.01,41.01,1.3042464033214807
True,4.01,9.01,1.01,46.01,1.2958690435712361
False,3.01,5.01,0.01,40.01,1.7352483752909105
False,7.01,2.01,2.01,34.01,0.813199497857872
True,0.01,0.01,1.01,33.01,0.9035462729655459
False,0.01,0.01,1.01,47.01,1.4033545772063447
True,0.01,0.01,0.01,48.01,1.268927493183786
True,0.01,0.01,0.01,41.01,1.6110644364832678
True,0.01,0.01,1.01,39.01,1.5344733702808064
False,0.01,0.01,1.01,43.01,0.7719061833243469
False,0.01,0.01,1.01,49.01,1.024147082919769
False,0.01,1.01,1.01,39.01,0.6604880715462611
True,0.01,0.01,0.01,40.01,1.6818036650909685
True,2.01,1.01,1.01,35.01,1.2596594437383957
False,0.01,0.01,0.01,39.01,0.5134112690466949
False,2.01,0.01,1.01,37.01,0.7032531758887287
False,1.01,1.01,1.01,38.01,0.7525832901583511
True,0.01,3.01,2.01,30.009999999999998,1.252166593424204
False,0.01,1.01,2.01,51.01,0.661374619029769
False,1.01,0.01,0.01,37.01,0.9891429406525865
True,0.01,0.01,1.01,46.01,1.068383048456578
False,0.01,0.01,2.01,43.01,1.1386245690296306
True,0.01,0.01,3.01,42.01,1.2926846139098649
True,1.01,1.01,3.01,40.01,0.9776896405841887
False,2.01,0.01,1.01,46.01,0.8632506577107346
False,2.01,1.01,0.01,32.01,1.3378767382344625
True,1.01,1.01,1.01,59.01,1.20835455883492
False,4.01,0.01,0.01,36.01,0.8244520815728246
False,1.01,1.01,0.01,41.01,1.1946837440088869
False,2.01,3.01,2.01,42.01,1.17598896067956
False,0.01,0.01,0.01,47.01,1.2290406967996483
False,0.01,0.01,0.01,40.01,0.9072333642702868
False,3.01,3.01,1.01,48.01,0.866302392282337
False,0.01,0.01,0.01,33.01,1.4502777943323604
False,1.01,1.01,2.01,39.01,0.9902523214452059
False,1.01,3.01,0.01,38.01,1.2634801568633025
False,3.01,3.01,2.01,41.01,1.2225850558031408
False,0.01,0.01,0.01,37.01,1.0898861829754276
False,0.01,0.01,0.01,35.01,0.8454550789909
False,0.01,1.01,1.01,45.01,0.4370441507709041
True,0.01,0.01,1.01,45.01,0.8973837063793828
False,0.01,0.01,0.01,37.01,0.5662862283531834
True,0.01,1.01,0.01,49.01,1.0222373801202562
False,1.01,0.01,1.01,30.009999999999998,0.6336452682319508
True,0.01,0.01,1.01,44.01,1.1824289073371153
False,0.01,0.01,1.01,42.01,0.9548819544229924
True,0.01,0.01,1.01,37.01,1.203144033862119
False,0.01,0.01,1.01,44.01,1.1145209742105868
False,0.01,0.01,1.01,44.01,0.7174843300379381
False,0.01,0.01,2.01,28.009999999999998,1.0236645655459609
False,1.01,0.01,0.01,43.01,0.634153424440525
True,0.01,0.01,0.01,33.01,1.5210198990711021
False,0.01,1.01,0.01,34.01,0.7129273029966704
True,0.01,0.01,2.01,41.01,0.977828295071816
False,0.01,0.01,0.01,39.01,0.5921298979495383
False,0.01,0.01,0.01,47.01,1.0557758667188384
False,0.01,0.01,1.01,31.009999999999998,0.7693396108642515
False,0.01,0.01,2.01,26.009999999999998,0.9215996239735047
False,1.01,0.01,0.01,40.01,1.4163143693792752
True,0.01,1.01,0.01,52.01,0.9209111551084619
True,0.01,0.01,1.01,42.01,0.975270408900058
True,0.01,0.01,1.01,30.009999999999998,0.592492786960213
True,0.01,0.01,1.01,34.01,0.8767051984901562
True,0.01,0.01,0.01,40.01,1.078433082340283
False,0.01,0.01,0.01,40.01,0.9851234938339882
False,0.01,1.01,0.01,39.01,1.2258111958611027
True,1.01,1.01,1.01,37.01,1.402905817757897
False,0.01,0.01,0.01,36.01,0.9813947855932097
False,0.01,0.01,1.01,29.009999999999998,0.8018847698984892
False,2.01,0.01,0.01,47.01,1.241079203628811
False,0.01,0.01,0.01,30.009999999999998,0.796779533276005
False,0.01,1.01,0.01,41.01,0.7875552840297775
True,0.01,1.01,0.01,46.01,0.7801260576260577
False,0.01,0.01,1.01,27.009999999999998,0.9827574336268706
True,0.01,0.01,0.01,50.01,0.8845663462340212
False,0.01,0.01,0.01,40.01,0.8114244522421934
True,0.01,0.01,0.01,34.01,0.6372192932682526
False,0.01,0.01,1.01,36.01,1.010301912277109
False,0.01,0.01,0.01,44.01,0.675784974922906
False,0.01,0.01,0.01,25.009999999999998,0.7232771021548113
True,0.01,0.01,0.01,48.01,1.0975854070791053
True,0.01,0.01,0.01,29.009999999999998,0.5472341060777132
True,0.01,0.01,0.01,48.01,0.9732501697459328
True,0.01,0.01,2.01,42.01,1.3349684509866573
False,1.01,2.01,0.01,31.009999999999998,1.0148602761147267
False,0.01,1.01,2.01,41.01,0.8918367066822057
True,0.01,0.01,0.01,42.01,1.3906851096632555
False,0.01,0.01,1.01,35.01,0.7087456039448383
False,0.01,0.01,0.01,39.01,0.5484559393364609
False,0.01,0.01,2.01,43.01,1.5417503222897317
False,0.01,1.01,0.01,30.009999999999998,1.4423826674809008
True,0.01,0.01,1.01,47.01,0.9363494479590648
False,1.01,1.01,1.01,39.01,0.4832402285914101
False,0.01,1.01,2.01,38.01,1.5325962537435738
False,0.01,0.01,0.01,38.01,1.2726926780947634
True,0.01,0.01,1.01,32.01,0.8897369913862834
False,1.01,0.01,3.01,37.01,1.0745035973078505
True,1.01,0.01,0.01,32.01,1.3549742596613898
False,0.01,0.01,0.01,38.01,0.9320763572472185
True,2.01,4.01,3.01,38.01,0.7656001959972056
False,0.01,0.01,1.01,37.01,0.8591091986099679
False,1.01,1.01,4.01,34.01,1.312379491317445
False,4.01,0.01,3.01,31.009999999999998,1.4650053184164649
False,0.01,0.01,1.01,53.01,0.727281018597318
True,0.01,0.01,0.01,34.01,1.1923744870375519
False,0.01,0.01,0.01,46.01,1.2054188502598997
False,0.01,0.01,1.01,32.01,0.764350941259951
False,0.01,0.01,1.01,31.009999999999998,0.7030626105747253
True,0.01,0.01,0.01,49.01,1.4446632187545279
True,0.01,1.01,1.01,39.01,0.6701345943247441
True,0.01,0.01,1.01,36.01,0.6560003382330163
False,0.01,1.01,1.01,49.01,0.7011045781328282
True,0.01,0.01,2.01,41.01,1.115174109056579
True,0.01,0.01,0.01,42.01,1.1178779202023204
True,0.01,0.01,0.01,32.01,0.9619563632524458
False,0.01,1.01,0.01,38.01,0.9447668895402535
False,0.01,0.01,0.01,37.01,1.0958812539631506
True,0.01,0.01,0.01,40.01,0.5531597932791286
False,0.01,0.01,2.01,35.01,0.9390234930110972
False,0.01,0.01,1.01,50.01,1.2024599141712553
False,0.01,1.01,2.01,34.01,1.4853320963087189
False,0.01,0.01,2.01,44.01,0.5615549438559106
False,0.01,0.01,2.01,37.01,0.7471650007252024
True,1.01,0.01,0.01,44.01,0.6502460780691366
False,0.01,0.01,0.01,40.01,0.9199857423774126
False,1.01,0.01,1.01,38.01,0.7690062269434814
False,0.01,0.01,6.01,53.01,0.991166654074348
True,1.01,0.01,0.01,52.01,0.5216115492449522
False,1.01,0.01,2.01,32.01,0.9280568855616541
False,1.01,0.01,1.01,37.01,0.946794575469406
True,0.01,0.01,1.01,43.01,0.7526425217849497
True,0.01,2.01,2.01,45.01,1.1657700372148665
False,0.01,0.01,1.01,34.01,1.0382553417959623
True,0.01,2.01,5.01,40.01,0.49520153367979464
False,2.01,2.01,3.01,35.01,1.6194259113057066
False,3.01,0.01,1.01,39.01,1.680275479021609
True,0.01,0.01,0.01,36.01,1.016725045216052
True,0.01,0.01,1.01,34.01,1.170858198374095
True,0.01,0.01,0.01,36.01,0.5461883422334143
True,0.01,0.01,0.01,48.01,1.0817170527457913
False,0.01,0.01,0.01,36.01,0.7342743093469839
False,0.01,0.01,0.01,55.01,1.9368614073730095
True,0.01,1.01,3.01,30.009999999999998,0.944845557012883
False,0.01,0.01,1.01,42.01,0.8082108826936456
False,0.01,0.01,1.01,39.01,0.8509249563309665
False,1.01,1.01,0.01,37.01,0.8172825995323985
False,0.01,0.01,1.01,31.009999999999998,1.3883842512441582
True,0.01,0.01,0.01,40.01,0.7746168406704683
False,0.01,0.01,1.01,32.01,0.8560096578118759
False,0.01,0.01,2.01,44.01,0.41515573664484545
False,0.01,0.01,0.01,39.01,0.9887001241549265
True,0.01,2.01,0.01,40.01,0.35631955156661144
False,0.01,0.01,1.01,40.01,0.6343194466772463
False,0.01,0.01,1.01,49.01,0.9717243261575169
False,0.01,1.01,2.01,38.01,0.9683840525555975
True,1.01,0.01,0.01,36.01,0.41517586985840516
False,0.01,0.01,1.01,37.01,1.0094921224478615
False,1.01,0.01,1.01,55.01,1.4048804108248127
False,1.01,0.01,2.01,38.01,0.8038441762503663
False,0.01,2.01,1.01,40.01,1.1882205246021031
True,0.01,0.01,1.01,42.01,0.939964297046033
True,1.01,2.01,1.01,27.009999999999998,0.8429250886159226
False,1.01,0.01,0.01,51.01,1.0397693785116384
False,0.01,0.01,1.01,29.009999999999998,1.0835836104224488
True,2.01,2.01,0.01,60.01,0.7156758825793821
False,2.01,2.01,1.01,44.01,1.386557740528329
True,1.01,0.01,1.01,41.01,1.168613529058513
True,2.01,0.01,2.01,43.01,0.9696294371308021
True,2.01,2.01,3.01,40.01,0.7008412224491183
False,0.01,1.01,1.01,50.01,1.4109151599079897
False,0.01,1.01,0.01,32.01,0.5385123496511195
False,0.01,0.01,0.01,49.01,1.2403820839676922
False,0.01,0.01,1.01,34.01,0.9801913055440703
False,0.01,0.01,0.01,29.009999999999998,0.9676195014302167
False,0.01,1.01,1.01,43.01,0.9254334252150325
False,0.01,0.01,1.01,40.01,1.0279391907677813
True,0.01,0.01,1.01,34.01,1.1124437036701416
False,0.01,0.01,0.01,48.01,1.025459397407072
False,0.01,0.01,0.01,41.01,0.8017233429953468
False,0.01,1.01,0.01,38.01,0.7867978669431874
True,0.01,0.01,1.01,52.01,1.0418626853751662
False,0.01,0.01,0.01,36.01,0.9496076962253434
True,0.01,2.01,0.01,44.01,0.9144770956101006
True,0.01,1.01,0.01,48.01,0.7504577537472275
False,1.01,0.01,1.01,42.01,1.018014613403034
True,1.01,0.01,1.01,39.01,0.9723553693375867
True,0.01,0.01,0.01,35.01,1.0517016433485933
False,0.01,0.01,2.01,37.01,0.967066496620122
True,1.01,2.01,1.01,37.01,1.0369278396132617
False,1.01,1.01,0.01,47.01,1.0773717947396855
False,1.01,0.01,0.01,38.01,0.9415689920194251
True,1.01,0.01,3.01,51.01,0.8249726983772121
True,1.01,1.01,0.01,38.01,0.6588917512502462
False,0.01,1.01,1.01,39.01,0.9218512058795298
False,2.01,1.01,0.01,40.01,1.1119940874611016
True,1.01,1.01,1.01,42.01,0.7655636811497455
True,0.01,2.01,3.01,45.01,0.8391224959094228
False,0.01,0.01,0.01,33.01,1.1326256299612354
True,1.01,3.01,2.01,42.01,1.139490853542972
False,0.01,2.01,5.01,40.01,0.7483897766689878
True,0.01,0.01,2.01,39.01,1.285094646389944
False,4.01,2.01,3.01,37.01,0.9667870500802007
True,0.01,0.01,0.01,42.01,0.9876336338731297
True,1.01,0.01,2.01,38.01,1.0902320661659324
True,0.01,1.01,1.01,37.01,0.7954736462568617
False,0.01,0.01,2.01,37.01,0.7128699982188355
False,0.01,0.01,0.01,35.01,1.4010416235388687
True,1.01,0.01,0.01,39.01,1.2218546915108057
False,0.01,1.01,1.01,33.01,1.3285952454519077
False,1.01,0.01,1.01,45.01,0.7029558746461961
False,0.01,0.01,1.01,40.01,0.9911707693845149
False,0.01,0.01,1.01,39.01,0.7688936034097325
True,1.01,1.01,0.01,38.01,0.4435019332614243
False,1.01,0.01,0.01,25.009999999999998,1.1342343453297914
False,0.01,1.01,0.01,42.01,1.2297743662615397
True,0.01,0.01,1.01,34.01,1.042580897379206
False,1.01,2.01,1.01,42.01,1.1614108701666148
False,0.01,1.01,1.01,37.01,1.1633133490404237
True,0.01,1.01,1.01,40.01,1.1709317519398166
True,2.01,1.01,0.01,45.01,1.1898054945451213
False,3.01,0.01,0.01,36.01,1.1560986605228483
True,0.01,1.01,1.01,39.01,0.9020719408730083
True,0.01,1.01,0.01,33.01,1.3279237792816172
False,3.01,1.01,0.01,37.01,1.5442881590883901
True,0.01,1.01,2.01,40.01,1.41677820005251
False,0.01,2.01,0.01,45.01,1.0448976104624481
False,2.01,0.01,0.01,36.01,1.533032100095952
False,2.01,7.01,2.01,34.01,1.1766540910023804
False,4.01,1.01,1.01,34.01,0.8828200213116945
True,7.01,4.01,2.01,35.01,0.8044398436690833
False,1.01,3.01,2.01,42.01,0.8596299308370248
False,3.01,1.01,0.01,29.009999999999998,0.6571485847422337
False,3.01,2.01,2.01,45.01,1.1787522849255694
False,2.01,3.01,2.01,40.01,1.1185633306720966
False,1.01,1.01,2.01,36.01,1.287218243009255
False,0.01,0.01,0.01,59.01,1.120338534742034
False,0.01,0.01,1.01,48.01,1.3689132328457903
True,0.01,0.01,1.01,47.01,2.141968871752205
False,0.01,0.01,0.01,38.01,0.8585389233441727
False,0.01,0.01,0.01,38.01,0.7697530991309236
False,1.01,0.01,1.01,38.01,1.080523145155498
True,0.01,1.01,0.01,40.01,0.7370577711837539
False,0.01,0.01,0.01,36.01,0.7077143800160483
True,0.01,0.01,0.01,40.01,1.1518496675975056
False,0.01,1.01,0.01,46.01,1.2081358621311855
False,0.01,0.01,0.01,41.01,0.8140410530451986
False,0.01,0.01,0.01,42.01,0.8272461525402702
True,1.01,0.01,2.01,55.01,1.1865189229543454
False,0.01,0.01,0.01,44.01,0.4448469425781164
False,1.01,0.01,2.01,42.01,1.2000423387546801
False,0.01,0.01,0.01,39.01,0.7896364073575576
False,0.01,0.01,0.01,43.01,1.0968869033095945
False,1.01,0.01,0.01,36.01,1.2978113115754162
False,0.01,0.01,0.01,49.01,0.9148143226742296
True,1.01,0.01,1.01,47.01,0.7186086833290943
False,0.01,0.01,0.01,42.01,0.7737293815629648
True,2.01,0.01,1.01,44.01,0.9642728854096659
True,0.01,2.01,0.01,38.01,1.0326553057283718
True,1.01,1.01,0.01,44.01,0.6788266986636552
True,1.01,2.01,3.01,56.01,1.376595412441202
False,2.01,2.01,3.01,32.01,1.6632107989310976
False,1.01,0.01,0.01,39.01,1.476938375634028
True,1.01,3.01,3.01,47.01,1.4546999999193528
True,0.01,0.01,1.01,37.01,1.7752997897123202
True,1.01,2.01,2.01,34.01,1.73154528486201
False,1.01,0.01,2.01,44.01,1.4720865383957669
False,3.01,1.01,0.01,37.01,1.7250110146920252
True,4.01,3.01,4.01,37.01,1.046771901717554
True,0.01,0.01,0.01,40.01,1.143343375633004
False,0.01,0.01,1.01,47.01,0.9672592098245599
False,0.01,0.01,0.01,45.01,0.9842141750511683
True,0.01,0.01,0.01,42.01,1.0039067832021122
False,1.01,0.01,2.01,46.01,1.4259870299568929
True,0.01,1.01,0.01,52.01,0.9269048860733281
True,0.01,0.01,0.01,38.01,1.3275082492119699
True,1.01,4.01,0.01,40.01,1.6098115248907967
False,0.01,1.01,0.01,46.01,1.2149316656737212
False,0.01,1.01,0.01,31.009999999999998,0.9347070160977543
True,0.01,1.01,0.01,45.01,0.8838476987695044
False,0.01,0.01,2.01,37.01,1.2159398103810424
True,0.01,0.01,1.01,32.01,0.7995205227661634
True,1.01,0.01,1.01,29.009999999999998,1.0243474269073738
False,0.01,0.01,0.01,40.01,1.1499320766260366
False,0.01,0.01,1.01,38.01,0.783549114770006
False,1.01,0.01,0.01,36.01,0.8854320497657422
False,1.01,0.01,0.01,48.01,1.271176354548321
True,0.01,0.01,3.01,42.01,1.0720681527221774
False,2.01,0.01,2.01,43.01,0.7691169557921476
True,1.01,0.01,0.01,49.01,1.3348640893480392
False,2.01,0.01,0.01,49.01,0.9555859772185635
False,1.01,0.01,0.01,51.01,1.1815130630081017
False,0.01,0.01,2.01,45.01,0.8802115714186655
False,0.01,1.01,0.01,42.01,0.8294758801253518
False,3.01,1.01,1.01,40.01,1.0354487343531962
False,0.01,0.01,0.01,49.01,1.344219632546334
True,1.01,0.01,0.01,36.01,1.5976865812383207
True,1.01,1.01,2.01,34.01,1.3882010593564504
False,2.01,1.01,0.01,28.009999999999998,0.8388862200634342
True,2.01,3.01,0.01,39.01,1.2630051771234092
False,4.01,2.01,3.01,39.01,1.4042473756777458
False,6.01,3.01,0.01,39.01,1.0432055770568147
False,0.01,0.01,1.01,40.01,0.4818544574511986
True,1.01,0.01,0.01,38.01,0.9990255198304734
False,3.01,0.01,0.01,44.01,1.0930470397689636
False,0.01,0.01,1.01,45.01,1.6562301882840784
True,0.01,1.01,1.01,27.009999999999998,1.013153650231881
False,0.01,0.01,0.01,46.01,1.0078023109503629
True,1.01,1.01,1.01,38.01,0.8165709425431733
False,0.01,1.01,1.01,34.01,1.209629537605687
True,0.01,1.01,2.01,37.01,0.9356434370227474
False,1.01,0.01,1.01,40.01,1.5303995461721833
False,0.01,0.01,3.01,40.01,0.9487391659387352
True,0.01,0.01,1.01,39.01,0.9761886209844467
False,0.01,0.01,0.01,45.01,1.0503724556138776
True,0.01,0.01,1.01,48.01,1.8386077768645372
False,0.01,0.01,0.01,43.01,1.1093558935664078
False,0.01,0.01,0.01,41.01,0.6934043756980186
True,1.01,0.01,0.01,37.01,1.7812008345798367
True,0.01,2.01,1.01,40.01,0.6665361351099892
False,0.01,1.01,1.01,46.01,0.9916018417755939
False,0.01,2.01,1.01,36.01,0.9420932399268231
False,0.01,1.01,0.01,36.01,0.8720187123650122
False,1.01,1.01,1.01,34.01,1.1548483288909783
False,1.01,1.01,0.01,43.01,0.5632321282321282
False,1.01,1.01,0.01,45.01,1.4040504363191117
False,0.01,0.01,1.01,48.01,1.1423506538037131
False,0.01,1.01,0.01,48.01,0.7276774233814006
False,0.01,0.01,0.01,38.01,1.5575707740230897
True,0.01,1.01,0.01,34.01,0.8741810017467911
False,0.01,0.01,3.01,41.01,0.8000521075723916
True,1.01,0.01,0.01,40.01,1.0621533172198374
False,0.01,3.01,1.01,35.01,0.5185142524891401
False,0.01,2.01,0.01,29.009999999999998,1.1461217193257356
False,3.01,2.01,3.01,34.01,1.5459134524372593
False,0.01,2.01,2.01,47.01,0.8769254585010834
False,0.01,1.01,1.01,43.01,1.0779526490747717
False,0.01,0.01,0.01,28.009999999999998,0.6682310370535678
True,1.01,0.01,1.01,33.01,1.2088897416895996
True,0.01,0.01,1.01,43.01,1.5285100194205326
False,1.01,1.01,1.01,41.01,0.4359142029933105
False,0.01,0.01,0.01,38.01,0.8600752493921038
False,0.01,3.01,0.01,41.01,1.213494511821653
True,0.01,0.01,0.01,38.01,1.1649662887357606
True,0.01,1.01,0.01,47.01,1.2365463498553602
False,0.01,0.01,1.01,39.01,0.9997792671716423
False,0.01,0.01,0.01,39.01,0.5614566071553966
False,0.01,0.01,2.01,32.01,0.5637764002376928
True,0.01,0.01,1.01,39.01,0.5754631197470073
True,0.01,0.01,1.01,36.01,1.1673405012364968
False,0.01,1.01,3.01,46.01,1.3409308140300398
True,0.01,0.01,0.01,39.01,0.7720504548444611
False,0.01,0.01,1.01,44.01,1.287236169627474
True,1.01,1.01,1.01,41.01,1.5563323769261996
True,1.01,1.01,0.01,40.01,0.9791156215410287
False,1.01,0.01,2.01,48.01,0.8022140934694245
False,3.01,2.01,0.01,44.01,0.6677961718368488
True,1.01,1.01,1.01,38.01,0.3290364587472911
False,0.01,0.01,0.01,32.01,0.8669116248911645
False,2.01,0.01,0.01,41.01,1.4517929464677877
False,1.01,0.01,0.01,48.01,0.7254535721986987
False,0.01,1.01,1.01,46.01,0.8476614756360821
False,2.01,3.01,2.01,46.01,0.8345333185246601
False,3.01,0.01,0.01,53.01,1.043374100398501
True,3.01,1.01,1.01,43.01,1.0960838239807598
True,2.01,1.01,0.01,39.01,1.0690200539597097
False,1.01,1.01,1.01,39.01,0.8149483793518527
False,4.01,3.01,2.01,39.01,1.8989300428999822
False,0.01,0.01,1.01,34.01,0.9397643219616174
True,1.01,3.01,0.01,48.01,1.397567888358468
False,0.01,1.01,1.01,40.01,0.6481201753851327
True,0.01,0.01,1.01,44.01,0.6901501488824541
True,0.01,0.01,1.01,34.01,0.6957153242994615
False,0.01,0.01,1.01,42.01,0.5877168071866213
True,0.01,3.01,0.01,50.01,0.8523058604832023
False,0.01,0.01,4.01,36.01,0.9477798296506635
False,0.01,0.01,1.01,42.01,0.6029799340705284
True,1.01,0.01,4.01,51.01,1.3171481985218196
True,0.01,0.01,0.01,30.009999999999998,1.1762426766422054
False,0.01,2.01,4.01,52.01,0.9380563143051451
True,0.01,2.01,0.01,32.01,1.2448771230405755
False,0.01,0.01,1.01,43.01,0.8792254805591757
False,0.01,3.01,1.01,41.01,0.7714765538552657
False,0.01,2.01,1.01,41.01,1.1507176926072071
False,2.01,0.01,1.01,37.01,1.429189521898455
False,1.01,3.01,0.01,41.01,1.037139212188732
True,1.01,0.01,1.01,45.01,0.7599420706397453
False,1.01,0.01,0.01,40.01,1.4185136377126524
False,0.01,1.01,1.01,39.01,0.8842962238818236
False,0.01,0.01,0.01,44.01,0.7148303788030701
True,1.01,1.01,2.01,33.01,1.042841940852893
False,0.01,2.01,1.01,44.01,1.5606007891860711
False,4.01,3.01,0.01,38.01,0.8463134647103192
True,3.01,1.01,1.01,42.01,0.9920199506470029
True,0.01,1.01,3.01,37.01,1.3245071206613805
True,0.01,0.01,2.01,48.01,0.88754343477553
False,3.01,2.01,1.01,50.01,1.2235602405228003
False,5.01,2.01,0.01,55.01,1.1494468040387131
True,2.01,4.01,3.01,40.01,0.6003270722738857
False,5.01,4.01,4.01,38.01,1.1297288067623965
False,3.01,8.01,0.01,42.01,0.6832218574991074
True,2.01,0.01,1.01,45.01,0.8107166357325915
False,2.01,0.01,1.01,43.01,0.8648396476433168
False,2.01,1.01,0.01,45.01,0.7859779125292716
False,3.01,1.01,1.01,38.01,0.7502385478370912
False,1.01,1.01,0.01,58.01,0.8488868481920867
True,1.01,1.01,0.01,34.01,0.8812187620830958
True,1.01,1.01,1.01,43.01,0.7578219901372649
False,3.01,0.01,1.01,33.01,0.48125790788506245
True,1.01,0.01,0.01,41.01,1.110516026068772
False,1.01,1.01,2.01,28.009999999999998,0.7215099882648306
True,3.01,1.01,3.01,35.01,0.678467044935038
True,1.01,1.01,4.01,27.009999999999998,1.4548871110570007
False,1.01,0.01,0.01,29.009999999999998,1.3053097292716704
True,1.01,0.01,3.01,40.01,1.6199181485623542
False,0.01,0.01,0.01,30.009999999999998,1.0497723965115875
False,1.01,1.01,0.01,37.01,1.160628976533212
False,2.01,2.01,0.01,39.01,0.8008408766030717
True,5.01,1.01,0.01,27.009999999999998,0.7926609462659273
False,2.01,2.01,0.01,39.01,1.1602376302870574
False,2.01,0.01,2.01,44.01,0.8181486773499159
False,6.01,5.01,3.01,49.01,1.0592733239738685
False,0.01,1.01,0.01,34.01,1.4460029546814368
False,3.01,1.01,0.01,37.01,1.5710478101398615
True,2.01,3.01,1.01,42.01,0.676725764818985
True,3.01,1.01,1.01,38.01,1.2500648019576215
True,3.01,2.01,4.01,46.01,1.3047045867652873
True,8.01,2.01,0.01,41.01,0.9937298556828026
False,5.01,3.01,1.01,45.01,0.483540624548689
False,6.01,3.01,1.01,47.01,1.6835676440308334
False,8.01,0.01,0.01,45.01,1.1788978268372243
True,4.01,4.01,0.01,36.01,1.193251230835114
False,6.01,8.01,2.01,37.01,0.674587323505857
True,0.01,0.01,1.01,48.01,1.2169818196017639
False,0.01,0.01,0.01,32.01,0.6853555364566095
False,0.01,0.01,0.01,45.01,0.757588729805432
True,0.01,0.01,0.01,45.01,0.610065457937529
True,0.01,0.01,0.01,52.01,0.742868592785652
False,0.01,0.01,1.01,47.01,0.8184054377241717
False,0.01,0.01,1.01,49.01,0.900162681563274
False,1.01,0.01,0.01,40.01,0.9439745752469538
False,0.01,0.01,0.01,46.01,0.7343561704944787
True,0.01,0.01,0.01,41.01,1.217064321760278
True,0.01,0.01,0.01,31.009999999999998,1.124235674910727
False,0.01,1.01,2.01,37.01,0.7946777096777097
True,0.01,0.01,0.01,46.01,1.3628116540845374
False,0.01,0.01,0.01,45.01,0.7659939785476825
False,0.01,0.01,0.01,35.01,0.8708722365382595
True,1.01,0.01,0.01,27.009999999999998,0.8555083075651337
False,0.01,0.01,0.01,49.01,1.2682925112093726
False,0.01,1.01,0.01,43.01,0.9372594666323373
False,0.01,0.01,1.01,47.01,1.0405803352872978
True,1.01,0.01,0.01,36.01,0.9427162077844798
False,0.01,0.01,0.01,37.01,1.3641153583178505
False,0.01,0.01,3.01,59.01,1.1111541721140317
False,1.01,1.01,1.01,28.009999999999998,1.2595971774697383
False,0.01,0.01,1.01,41.01,1.486237089084504
True,1.01,0.01,1.01,33.01,1.288249988224602
False,2.01,0.01,2.01,42.01,1.0003500787575241
False,0.01,1.01,0.01,50.01,1.5329513679084616
False,1.01,0.01,0.01,34.01,0.7002959285037758
False,0.01,2.01,2.01,38.01,1.1622176531913833
False,1.01,1.01,2.01,38.01,1.2739456202679214
True,0.01,1.01,0.01,41.01,1.2528814078097246
False,1.01,1.01,2.01,42.01,0.8876726919886466
False,1.01,2.01,3.01,43.01,1.3537859208681076
False,0.01,0.01,0.01,47.01,1.1856488985853362
False,0.01,1.01,0.01,46.01,0.6641020360380996
False,0.01,0.01,1.01,49.01,1.2726098421054786
True,0.01,0.01,0.01,32.01,1.1983837627673437
True,0.01,1.01,0.01,47.01,0.9656400321640368
True,0.01,0.01,2.01,35.01,0.49059481368304897
True,0.01,0.01,2.01,39.01,0.8510265252070626
False,0.01,0.01,0.01,49.01,1.017620750549067
False,0.01,0.01,1.01,58.01,0.8570196415212041
False,0.01,0.01,0.01,40.01,1.010252389518694
False,0.01,0.01,0.01,38.01,0.979963327433177
True,0.01,0.01,0.01,42.01,0.5206324967740099
True,0.01,0.01,1.01,42.01,0.730724744033231
False,1.01,0.01,0.01,43.01,1.150689521572246
True,0.01,0.01,1.01,49.01,0.5770000031941136
False,0.01,0.01,2.01,32.01,0.6239717713406833
True,1.01,0.01,0.01,48.01,0.8205437647023467
True,0.01,0.01,0.01,39.01,1.0402621429799388
False,1.01,1.01,0.01,30.009999999999998,0.9537477447034383
True,0.01,0.01,1.01,38.01,1.2690490490254303
False,2.01,2.01,1.01,32.01,0.7663136443034906
False,0.01,0.01,1.01,19.009999999999998,1.0125480631053094
False,0.01,1.01,1.01,41.01,0.5236854449638738
False,1.01,1.01,0.01,40.01,0.6204800116925584
False,0.01,0.01,2.01,44.01,1.405785537727343
False,0.01,2.01,1.01,42.01,0.8300854928184568
False,1.01,0.01,1.01,42.01,0.9809082000379936
True,0.01,0.01,2.01,47.01,1.5064482893756295
False,1.01,0.01,0.01,46.01,1.5561632078248435
False,2.01,0.01,0.01,44.01,0.9539838165326968
True,1.01,7.01,0.01,34.01,0.8686953443844209
True,1.01,1.01,3.01,31.009999999999998,0.905553311301913
False,4.01,2.01,1.01,46.01,0.7677398527274014
True,1.01,1.01,0.01,45.01,1.253183961153423
False,0.01,0.01,0.01,41.01,0.8575159534612379
False,0.01,0.01,0.01,35.01,0.48642550391262296
True,0.01,0.01,0.01,55.01,1.1304197013549986
False,0.01,1.01,1.01,41.01,0.9178906452124517
False,0.01,0.01,1.01,38.01,0.8983051142824618
False,0.01,0.01,0.01,47.01,0.9377321183255904
False,0.01,0.01,0.01,41.01,0.7656267965475368
True,0.01,0.01,0.01,44.01,0.9769712350640449
False,0.01,0.01,1.01,32.01,0.44073436737229843
False,0.01,0.01,0.01,37.01,0.9725647057226006
True,1.01,1.01,0.01,32.01,1.122282491223233
False,0.01,0.01,1.01,45.01,1.1905543927352304
True,0.01,1.01,1.01,46.01,0.4199646144384203
True,0.01,0.01,0.01,45.01,0.9514638231284661
False,0.01,0.01,1.01,45.01,0.6899314848058521
False,0.01,0.01,0.01,48.01,0.9395369032455921
False,0.01,1.01,0.01,35.01,1.1573508150035774
False,0.01,0.01,3.01,42.01,1.3784444649459608
False,0.01,0.01,0.01,42.01,1.0511385129222053
False,0.01,0.01,2.01,55.01,1.1660300874055503
True,0.01,0.01,1.01,51.01,0.8526885751178397
True,1.01,0.01,2.01,45.01,1.1711858040737348
False,0.01,0.01,0.01,35.01,0.8172168664041728
True,0.01,0.01,1.01,40.01,1.2909813447653546
False,0.01,1.01,0.01,39.01,0.8158124107980884
True,0.01,3.01,0.01,45.01,1.084153164202684
False,0.01,0.01,0.01,40.01,1.054413861759288
True,2.01,0.01,1.01,41.01,0.824771798595328
False,1.01,1.01,0.01,50.01,0.8362593037406368
False,1.01,1.01,1.01,38.01,0.8169951571946906
True,1.01,0.01,1.01,43.01,0.6801232168636109
False,2.01,2.01,4.01,44.01,1.0863997220081756
True,0.01,0.01,1.01,38.01,0.7623828901433181
False,0.01,0.01,0.01,38.01,1.1019078591060016
False,0.01,1.01,0.01,52.01,0.4695169897648832
False,0.01,0.01,0.01,38.01,0.7602633211372939
False,0.01,0.01,0.01,35.01,0.7982784692321858
True,0.01,0.01,1.01,48.01,0.9340319617566498
True,1.01,0.01,1.01,33.01,1.8098013540882807
False,1.01,1.01,0.01,36.01,0.8119326075827624
True,0.01,0.01,0.01,48.01,0.6466920514269585
False,1.01,0.01,0.01,35.01,0.63421792056772
False,0.01,0.01,1.01,45.01,0.8463804450069523
True,0.01,0.01,0.01,48.01,0.6975413706495532
True,0.01,0.01,1.01,41.01,0.8790882802373474
False,0.01,0.01,0.01,36.01,1.0081746739099682
False,0.01,1.01,1.01,49.01,1.2212512747777724
True,1.01,0.01,0.01,42.01,0.5010492242468987
False,0.01,0.01,0.01,38.01,0.7008641884293342
False,0.01,1.01,1.01,38.01,1.2354877536406177
False,0.01,0.01,1.01,55.01,1.2690848146678242
False,1.01,1.01,0.01,47.01,0.9778232102357367
True,1.01,3.01,0.01,31.009999999999998,0.8302560141956428
False,3.01,1.01,1.01,35.01,0.8326312375018444
True,1.01,1.01,4.01,33.01,1.4453584953270304
True,1.01,3.01,1.01,34.01,1.4125714939868126
True,2.01,2.01,0.01,38.01,0.4997616637645795
False,1.01,2.01,0.01,43.01,0.6817510258718492
False,3.01,1.01,2.01,40.01,1.3460060443630741
False,1.01,2.01,3.01,42.01,0.7760957881002433
True,1.01,1.01,2.01,44.01,1.6678273392912308
True,1.01,4.01,1.01,39.01,1.7938105134788656
True,1.01,6.01,3.01,41.01,0.9310965759776773
False,1.01,0.01,1.01,36.01,0.9669226556116701
True,4.01,2.01,0.01,44.01,0.945967674682845
False,0.01,1.01,1.01,30.009999999999998,1.0148422735774667
True,0.01,0.01,0.01,32.01,1.0905479779984375
False,0.01,1.01,2.01,44.01,0.7649911652034829
False,0.01,0.01,0.01,36.01,0.8951233198899573
False,1.01,0.01,2.01,30.009999999999998,1.2545927057844881
True,0.01,2.01,2.01,34.01,0.844939244049151
False,3.01,2.01,1.01,48.01,1.470758957412594
True,0.01,0.01,1.01,40.01,1.4214844848141002
False,0.01,0.01,1.01,33.01,1.4321163888442632
True,2.01,1.01,0.01,38.01,0.7400324908941588
True,0.01,0.01,0.01,40.01,0.85078133395191
False,1.01,0.01,2.01,35.01,0.5423115516607033
False,1.01,1.01,0.01,33.01,0.9212002512633188
True,0.01,1.01,0.01,42.01,1.3406258440988474
False,3.01,0.01,2.01,35.01,0.9517255187835472
True,1.01,0.01,3.01,38.01,0.9219238582853887
False,1.01,1.01,0.01,40.01,0.7374583921455222
False,1.01,1.01,0.01,44.01,1.3981203135992981
False,1.01,0.01,1.01,35.01,1.6762006199729984
False,0.01,0.01,0.01,40.01,1.068182871710647
False,1.01,4.01,0.01,49.01,0.7223097330634137
False,1.01,2.01,1.01,28.009999999999998,0.7121594147149057
False,0.01,0.01,2.01,40.01,0.7744116644493033
True,0.01,1.01,0.01,35.01,0.9113678089006872
False,6.01,1.01,1.01,31.009999999999998,0.6648193459324291
False,0.01,1.01,2.01,30.009999999999998,0.7473544216923581
False,2.01,1.01,0.01,30.009999999999998,0.6938800570379519
True,4.01,1.01,3.01,37.01,1.228530847304479
True,2.01,5.01,1.01,35.01,1.0832054408276213
False,2.01,3.01,2.01,41.01,0.9277067313839455
True,4.01,2.01,2.01,36.01,1.3931481165033799
True,2.01,6.01,3.01,38.01,1.3339341144307306
True,4.01,6.01,2.01,41.01,0.9607376469759917
False,0.01,0.01,0.01,51.01,0.7019964652067351
False,0.01,0.01,0.01,36.01,1.0867752351393154
True,0.01,1.01,2.01,28.009999999999998,0.8129486083452948
True,0.01,1.01,1.01,41.01,1.107032702214254
True,0.01,0.01,0.01,40.01,0.47145191348926485
False,0.01,1.01,2.01,41.01,0.3645907135108033
True,0.01,0.01,1.01,34.01,1.2525022000053454
True,0.01,0.01,0.01,45.01,0.8399440657771795
False,0.01,0.01,0.01,43.01,0.6003322776656951
False,0.01,0.01,1.01,42.01,0.9569799681867751
False,0.01,0.01,1.01,49.01,0.7421523466301492
True,0.01,1.01,0.01,34.01,0.7809897822462939
True,0.01,1.01,2.01,38.01,0.5213660718058608
True,0.01,0.01,0.01,40.01,0.9304432108031179
False,0.01,0.01,0.01,51.01,1.045243095225931
False,2.01,0.01,3.01,38.01,0.7343449161287168
False,0.01,0.01,1.01,43.01,0.8057103924523638
True,0.01,0.01,1.01,37.01,0.903904911301173
False,0.01,0.01,1.01,33.01,0.998627320316167
False,1.01,0.01,1.01,40.01,0.9163020516128194
False,0.01,0.01,1.01,40.01,0.6627399382018947
True,1.01,4.01,1.01,36.01,0.4809275697706548
False,0.01,0.01,3.01,38.01,0.6816083086872681
False,0.01,0.01,2.01,31.009999999999998,0.8836906997085013
False,0.01,0.01,0.01,46.01,0.8613273456676166
False,0.01,0.01,0.01,31.009999999999998,1.1380615094412327
False,0.01,0.01,0.01,37.01,0.6283199365543389
False,1.01,2.01,1.01,31.009999999999998,1.088549615209327
True,0.01,1.01,2.01,40.01,1.0314327485380117
True,1.01,0.01,2.01,38.01,0.7426841340524165
True,2.01,0.01,0.01,54.01,0.7752034620218426
False,0.01,4.01,1.01,35.01,0.6287766776487875
False,2.01,0.01,0.01,36.01,0.7360798184908092
False,0.01,0.01,1.01,34.01,1.2250023730144428
False,0.01,1.01,0.01,44.01,0.8251418679868372
False,0.01,0.01,1.01,46.01,1.0665081792357147
False,2.01,0.01,0.01,39.01,1.0466730296283884
True,0.01,0.01,1.01,34.01,1.0490772496692502
False,1.01,1.01,0.01,38.01,1.081512019696479
False,0.01,1.01,0.01,44.01,1.3489379156676913
True,0.01,0.01,1.01,44.01,1.2968133921461356
False,0.01,0.01,0.01,33.01,0.9389385580687667
True,1.01,0.01,0.01,44.01,1.088468076267684
True,2.01,0.01,2.01,37.01,1.0073746739510998
False,0.01,0.01,0.01,51.01,0.5448155070272115
True,1.01,1.01,1.01,47.01,1.3515913026265056
True,1.01,1.01,1.01,44.01,1.1075355236137772
False,0.01,0.01,2.01,43.01,0.7300785284993505
False,0.01,0.01,0.01,45.01,1.0710465062830514
True,0.01,1.01,0.01,26.009999999999998,1.435137825137825
True,0.01,0.01,0.01,44.01,0.996451937346394
True,1.01,0.01,0.01,42.01,1.1791959872329145
False,3.01,1.01,0.01,46.01,0.9315482502780299
False,0.01,1.01,1.01,38.01,1.064438236744483
True,2.01,1.01,1.01,52.01,1.088483696805497
False,1.01,0.01,1.01,46.01,0.6824876585655247
False,1.01,2.01,0.01,39.01,2.034995494600606
False,3.01,1.01,1.01,28.009999999999998,0.6471407973035087
False,1.01,2.01,0.01,48.01,1.020441917699982
True,1.01,3.01,2.01,42.01,1.0780054155155057
False,2.01,2.01,1.01,46.01,0.7324393287576009
True,3.01,0.01,0.01,44.01,1.456768994192818
False,2.01,1.01,3.01,39.01,0.8484322541698162
False,4.01,6.01,2.01,39.01,0.781833024156878
False,10.01,0.01,1.01,37.01,1.0278595979035914
False,3.01,2.01,1.01,36.01,1.5440112891052034
False,0.01,1.01,0.01,41.01,0.8455229045027938
False,1.01,1.01,1.01,41.01,0.6993199506157343
False,0.01,1.01,2.01,54.01,0.7027931018521746
False,0.01,0.01,0.01,45.01,1.2065467313547193
False,0.01,2.01,0.01,38.01,0.9238966680963074
False,1.01,0.01,1.01,28.009999999999998,0.9455957066629306
True,0.01,0.01,1.01,33.01,0.7756033570932405
False,0.01,0.01,1.01,34.01,1.1790392115298225
False,0.01,0.01,2.01,37.01,0.7850502091275
False,0.01,1.01,2.01,41.01,0.5436399689481504
False,1.01,2.01,1.01,46.01,0.500358655999592
True,2.01,2.01,0.01,42.01,1.1292393175151796
True,0.01,1.01,4.01,37.01,0.3416721868023243
False,0.01,0.01,0.01,35.01,0.9441628184160299
True,2.01,1.01,2.01,36.01,1.1798371639034113
False,0.01,0.01,1.01,36.01,1.256337425712704
True,0.01,0.01,1.01,42.01,0.8731401653804751
False,0.01,0.01,0.01,34.01,1.1802816113632535
True,1.01,1.01,2.01,40.01,0.5232090267109917
True,1.01,2.01,1.01,37.01,0.9175883204998844
True,1.01,1.01,0.01,47.01,0.6774591033781472
False,0.01,2.01,2.01,29.009999999999998,1.3768003925135723
True,1.01,0.01,0.01,37.01,1.0770972998765351
True,1.01,0.01,1.01,39.01,1.7761008183308735
False,2.01,0.01,1.01,41.01,1.3832712737231425
True,2.01,2.01,2.01,42.01,1.3153682749805653
False,2.01,0.01,1.01,38.01,0.762989310001505
False,2.01,2.01,2.01,33.01,0.5876278240088981
True,2.01,2.01,0.01,30.009999999999998,1.3287053271079823
True,3.01,3.01,2.01,32.01,0.8274912287444052
False,0.01,2.01,2.01,38.01,1.3684180198593279
False,3.01,4.01,0.01,43.01,1.0119219653523244
False,11.01,4.01,3.01,32.01,1.2999644484398045
False,0.01,0.01,0.01,35.01,0.9416240418409565
False,0.01,0.01,0.01,27.009999999999998,0.9753625215620232
True,0.01,0.01,1.01,35.01,0.6749371870424502
False,0.01,0.01,1.01,44.01,1.3338230229442503
False,0.01,0.01,1.01,31.009999999999998,0.686573111961043
False,0.01,0.01,0.01,46.01,0.7849187164272667
True,0.01,0.01,0.01,41.01,1.3082112716468972
False,0.01,0.01,2.01,53.01,0.4099157818810091
False,0.01,0.01,1.01,38.01,0.6379033971049111
False,1.01,0.01,0.01,44.01,1.5232570642353283
False,0.01,0.01,0.01,53.01,1.3255798713010354
False,0.01,0.01,0.01,50.01,1.6448001065740636
True,0.01,0.01,0.01,55.01,0.7542047181964675
True,0.01,0.01,2.01,33.01,0.8549110733570062
True,0.01,0.01,4.01,47.01,1.3366047828874503
False,0.01,1.01,0.01,30.009999999999998,0.8064659906944253
True,1.01,0.01,3.01,46.01,1.0599968512156401
True,0.01,0.01,1.01,45.01,1.3763935178820346
False,0.01,0.01,0.01,46.01,0.34425457251676767
True,0.01,1.01,1.01,31.009999999999998,0.7267904126035353
False,0.01,1.01,1.01,38.01,0.8112218720045875
True,0.01,0.01,0.01,38.01,0.6340432899892272
True,0.01,1.01,2.01,30.009999999999998,0.9144020742059052
False,1.01,0.01,2.01,41.01,0.7629830919095982
True,1.01,0.01,0.01,47.01,0.8718172909804471
True,0.01,1.01,0.01,40.01,1.0410957968036443
False,1.01,0.01,0.01,41.01,1.1797886246032705
False,1.01,1.01,3.01,42.01,0.9418032544891136
False,0.01,1.01,2.01,39.01,0.6307656584289235
True,2.01,0.01,2.01,40.01,0.9957616156529201
False,1.01,0.01,5.01,43.01,1.1828419701213817
False,2.01,1.01,1.01,38.01,1.2454544174122648
False,1.01,0.01,2.01,38.01,1.0740581144658086
False,0.01,0.01,0.01,37.01,0.7199485669958231
False,0.01,0.01,1.01,46.01,0.6134491282235411
True,0.01,0.01,0.01,32.01,1.3470503378484453
True,0.01,0.01,0.01,43.01,1.262535182795145
False,0.01,0.01,0.01,42.01,0.7319242071035935
True,0.01,1.01,0.01,39.01,0.7121358555167863
False,0.01,1.01,2.01,47.01,0.5138977253770682
True,0.01,0.01,2.01,47.01,0.8227902459560219
False,0.01,0.01,0.01,37.01,0.8573349543121886
True,0.01,1.01,0.01,39.01,0.5053523017202735
False,0.01,0.01,0.01,27.009999999999998,1.26322014071038
True,1.01,0.01,0.01,31.009999999999998,0.8295878214711718
True,0.01,2.01,0.01,34.01,1.0447815115934906
False,0.01,0.01,1.01,39.01,0.7611974367441824
False,0.01,0.01,1.01,45.01,0.6800839267067824
True,1.01,1.01,1.01,39.01,0.9282870291452798
True,1.01,1.01,1.01,36.01,1.105824538350546
False,0.01,0.01,1.01,42.01,0.7565974220832737
False,1.01,2.01,0.01,31.009999999999998,1.3640999186235758
True,1.01,2.01,0.01,38.01,1.5242536221104932
True,1.01,1.01,0.01,35.01,0.6695259540772249
True,0.01,0.01,0.01,32.01,1.7591589222184503
False,0.01,1.01,3.01,36.01,0.8506797956996828
False,3.01,0.01,3.01,38.01,0.5329292418108207
False,1.01,0.01,0.01,44.01,1.0230685739363383
False,2.01,1.01,0.01,50.01,0.9841420547767445
True,0.01,2.01,1.01,29.009999999999998,0.7346581479059148
False,1.01,0.01,1.01,36.01,0.7529414012150586
False,0.01,1.01,2.01,35.01,0.7432690781062302
False,0.01,0.01,3.01,42.01,0.8302996927072441
False,1.01,1.01,3.01,43.01,0.9449677149112014
False,0.01,0.01,3.01,37.01,0.7904490069013228
True,1.01,1.01,0.01,36.01,1.0616640595114744
False,1.01,0.01,0.01,41.01,0.8047508742466778
False,0.01,3.01,0.01,36.01,1.0934906189896372
True,0.01,0.01,0.01,45.01,0.8505710606329803
True,0.01,0.01,1.01,42.01,0.8239335827549138
False,0.01,0.01,1.01,42.01,1.5589189397917227
True,0.01,0.01,0.01,43.01,0.9889119879564772
False,0.01,0.01,2.01,41.01,0.43039978107307836
False,0.01,0.01,0.01,45.01,0.5799684257113977
False,0.01,0.01,0.01,49.01,0.8095584506193799
False,0.01,0.01,0.01,50.01,1.3287021908042915
True,1.01,0.01,1.01,40.01,1.0166654886118391
True,1.01,0.01,1.01,47.01,0.8022366011525565
True,0.01,0.01,0.01,44.01,1.531974682596687
False,0.01,0.01,0.01,26.009999999999998,1.0001569757221025
True,0.01,0.01,0.01,48.01,1.0206298901730586
False,0.01,0.01,0.01,38.01,0.7281297302571328
False,0.01,0.01,1.01,39.01,0.557568561363859
False,0.01,2.01,1.01,38.01,1.1435442442375405
False,0.01,0.01,0.01,39.01,1.0286251367911494
False,0.01,0.01,0.01,35.01,0.8808617464243808
True,0.01,0.01,1.01,40.01,1.250026230785825
False,0.01,0.01,0.01,39.01,0.8146315311902085
False,0.01,0.01,1.01,41.01,0.9649199666024733
False,0.01,0.01,2.01,43.01,1.9418000155554174
True,0.01,0.01,1.01,45.01,1.2934727642488235
False,0.01,0.01,0.01,43.01,1.0991044707392048
True,0.01,0.01,0.01,39.01,1.161206022521168
False,0.01,1.01,0.01,30.009999999999998,0.6698416066432883
False,0.01,0.01,1.01,42.01,0.7150122424806407
True,2.01,2.01,0.01,37.01,1.2755264229083834
False,0.01,0.01,3.01,41.01,0.8656379168426476
True,0.01,0.01,1.01,52.01,0.9868044428948014
False,3.01,0.01,2.01,35.01,0.8077455786152582
True,1.01,2.01,1.01,48.01,1.3796731245452474
True,0.01,0.01,0.01,48.01,1.1869674560458012
True,0.01,0.01,0.01,43.01,0.7057407747852641
False,0.01,0.01,1.01,44.01,0.6936121114116307
False,0.01,0.01,1.01,45.01,0.49949958578301573
True,3.01,0.01,2.01,43.01,1.3473207075998062
True,0.01,0.01,1.01,36.01,0.5411971593031888
True,0.01,0.01,0.01,45.01,0.9958118474778068
False,0.01,0.01,1.01,48.01,0.9444380151771151
False,0.01,0.01,1.01,50.01,1.0499828820471928
True,0.01,0.01,2.01,46.01,0.9608229055452019
True,0.01,0.01,2.01,52.01,1.1096079688838763
True,0.01,0.01,0.01,35.01,0.7692429958926827
False,0.01,0.01,1.01,39.01,0.6858477756724601
False,1.01,0.01,1.01,38.01,1.380128340244082
True,0.01,1.01,0.01,46.01,0.5880512187882321
False,0.01,0.01,1.01,54.01,0.3910970600868299
False,1.01,0.01,1.01,52.01,1.9057385863712994
True,0.01,0.01,0.01,38.01,0.6664845543041925
False,0.01,0.01,2.01,37.01,0.82019932239455
False,2.01,0.01,0.01,39.01,0.6711154964920614
True,1.01,2.01,1.01,38.01,0.7983139196250344
False,1.01,1.01,1.01,49.01,1.023498287231925
False,1.01,0.01,2.01,40.01,0.6860713679646945
False,0.01,1.01,0.01,37.01,1.5381265291641373
False,1.01,1.01,2.01,36.01,0.971551144926335
False,5.01,0.01,2.01,43.01,0.8759258777042095
False,0.01,0.01,1.01,48.01,0.9299140486330933
False,0.01,0.01,1.01,42.01,1.0098140547429273
False,1.01,3.01,2.01,45.01,0.8772142736575426
True,1.01,0.01,1.01,37.01,1.1718695412774358
False,1.01,3.01,1.01,36.01,1.0864286963391825
False,3.01,1.01,4.01,39.01,1.6579808431267176
True,0.01,0.01,0.01,42.01,1.234043549121
False,0.01,0.01,1.01,35.01,0.6869215632956669
True,0.01,0.01,0.01,47.01,0.9930205503885191
False,0.01,0.01,2.01,44.01,1.2438911470414717
True,0.01,1.01,1.01,31.009999999999998,0.6382015565569482
False,0.01,0.01,0.01,35.01,0.7298065547647222
False,0.01,0.01,0.01,52.01,0.6740715093146991
True,0.01,0.01,0.01,44.01,1.111673460042622
False,0.01,0.01,1.01,38.01,1.5781510958788507
True,0.01,1.01,1.01,46.01,0.943489373550679
False,0.01,0.01,1.01,42.01,0.9511995382914386
False,0.01,0.01,0.01,37.01,1.2446362305719534
True,0.01,2.01,0.01,36.01,1.3860486863698804
False,1.01,0.01,0.01,37.01,0.9704663374175678
True,0.01,0.01,2.01,43.01,0.5510353808140532
False,0.01,1.01,1.01,46.01,0.7056333985513303
True,0.01,1.01,2.01,44.01,0.8123597123550302
False,0.01,1.01,2.01,44.01,1.2296178565833746
False,1.01,0.01,0.01,37.01,1.3639243978361335
True,0.01,0.01,0.01,36.01,0.6531511043659382
False,0.01,0.01,0.01,43.01,0.965571024596743
False,0.01,0.01,0.01,34.01,1.3006228310928383
False,1.01,2.01,1.01,49.01,0.8960429484560992
False,1.01,1.01,2.01,34.01,0.8411091261338306
False,0.01,1.01,2.01,44.01,0.44844592299021224
True,0.01,0.01,1.01,38.01,0.668318417991343
True,1.01,2.01,1.01,33.01,1.413783297757547
False,1.01,3.01,1.01,40.01,0.9795451972222321
False,0.01,0.01,1.01,39.01,1.4219297583395174
False,0.01,0.01,1.01,27.009999999999998,0.812039744388103
True,1.01,0.01,0.01,42.01,1.9443910336600385
False,0.01,2.01,4.01,45.01,0.619365282344822
False,1.01,3.01,6.01,41.01,1.6177105216162544
True,0.01,1.01,0.01,40.01,0.6322734059915962
False,2.01,0.01,0.01,39.01,0.691599508782808
True,0.01,0.01,1.01,46.01,0.7917750896837136
True,0.01,0.01,0.01,35.01,0.7468618936944277
False,0.01,0.01,0.01,42.01,1.650406505119182
False,0.01,0.01,0.01,45.01,1.3242356943874019
True,0.01,0.01,1.01,36.01,0.7880206359318809
False,0.01,0.01,1.01,47.01,0.6396413802710331
False,0.01,0.01,0.01,30.009999999999998,0.9502291396758454
False,0.01,0.01,0.01,43.01,0.9058523049091849
False,0.01,0.01,3.01,32.01,0.9920424401264434
False,0.01,0.01,1.01,38.01,0.6473254704157011
True,1.01,0.01,0.01,38.01,1.5445675620137707
False,0.01,1.01,2.01,40.01,0.7118808330194372
True,1.01,1.01,1.01,36.01,0.8176282971811902
False,0.01,0.01,0.01,43.01,0.6027308006020454
False,1.01,1.01,0.01,36.01,0.682583202758156
False,1.01,0.01,1.01,41.01,1.0140667451336545
False,1.01,0.01,0.01,40.01,0.8274083307907597
True,1.01,0.01,0.01,36.01,0.6140986682129597
True,0.01,0.01,1.01,34.01,0.8449615599950023
True,1.01,0.01,0.01,29.009999999999998,0.7613617591558769
True,2.01,2.01,1.01,44.01,1.7396820407765274
False,0.01,0.01,0.01,47.01,1.0445714524118892
False,0.01,0.01,1.01,39.01,1.2540207388731688
False,1.01,1.01,2.01,50.01,1.466041438626794
True,1.01,1.01,2.01,35.01,1.1419650532248329
False,0.01,1.01,2.01,27.009999999999998,0.7524757247396566
False,1.01,1.01,3.01,32.01,0.6022196330629498
True,2.01,1.01,1.01,44.01,0.8118502576327369
False,1.01,0.01,3.01,45.01,1.1932242326283617
False,2.01,1.01,2.01,43.01,0.6250226914658278
False,1.01,3.01,1.01,42.01,1.0459311532160476
True,1.01,0.01,1.01,42.01,0.7318702570453818
False,0.01,0.01,0.01,34.01,0.9053846362849656
False,0.01,0.01,0.01,44.01,0.8133909431288651
False,2.01,0.01,0.01,40.01,0.7697901316769878
True,0.01,0.01,0.01,42.01,0.7426602684514249
False,1.01,0.01,0.01,33.01,0.9327566192310568
False,0.01,0.01,1.01,37.01,0.5932434151330622
True,1.01,0.01,4.01,33.01,0.9007730737898194
True,0.01,0.01,3.01,38.01,1.3590923899810476
False,0.01,0.01,1.01,41.01,0.9762441325657081
True,0.01,0.01,0.01,26.009999999999998,0.9866288858884017
False,0.01,0.01,0.01,43.01,0.6505329204664169
False,0.01,0.01,0.01,38.01,0.727405859771345
True,1.01,1.01,0.01,46.01,1.1301475383229784
True,1.01,0.01,1.01,35.01,0.9758148638989304
False,0.01,0.01,1.01,38.01,0.6485424616857882
False,0.01,0.01,1.01,33.01,1.1398600527030143
True,1.01,0.01,0.01,29.009999999999998,0.7925548621193185
False,0.01,1.01,0.01,41.01,0.8792131405141493
False,2.01,1.01,2.01,39.01,1.1247416499210117
True,1.01,0.01,1.01,35.01,1.2005543388232556
False,0.01,0.01,0.01,51.01,1.171173522651392
True,0.01,0.01,0.01,37.01,1.1052863224562226
False,0.01,0.01,1.01,36.01,0.9097760301836285
False,0.01,1.01,2.01,50.01,1.0678173961489201
True,1.01,2.01,1.01,35.01,1.043055209687419
False,2.01,1.01,1.01,34.01,1.3898505779985626
False,2.01,1.01,0.01,31.009999999999998,0.7396101574818095
False,4.01,0.01,0.01,29.009999999999998,0.876836574329073
False,2.01,1.01,2.01,42.01,0.6432041816495598
True,1.01,1.01,1.01,41.01,0.7903096511234811
False,3.01,4.01,2.01,35.01,1.045679759316442
False,5.01,2.01,0.01,44.01,1.1254956870854547
True,0.01,0.01,2.01,29.009999999999998,1.433679504572283
False,0.01,0.01,1.01,41.01,0.7552243051173211
True,0.01,1.01,1.01,38.01,0.5945874042549131
False,0.01,0.01,0.01,31.009999999999998,0.6653722336187364
True,0.01,0.01,1.01,43.01,1.075047254236704
False,0.01,0.01,0.01,35.01,1.5335669460876729
True,2.01,0.01,0.01,34.01,1.1757524966124124
False,0.01,0.01,0.01,44.01,1.2581969678633447
True,0.01,0.01,1.01,45.01,1.3169617444830377
False,0.01,0.01,0.01,38.01,0.7413762028324112
False,0.01,0.01,1.01,45.01,1.2438538807877433
True,0.01,0.01,0.01,35.01,1.2607460041121292
False,0.01,0.01,0.01,44.01,0.6376741253567648
True,0.01,0.01,1.01,30.009999999999998,0.9729087604064557
True,0.01,1.01,2.01,30.009999999999998,1.7861710293250395
False,0.01,0.01,0.01,38.01,0.724334398912119
False,0.01,0.01,1.01,40.01,0.5467911592466685
False,0.01,1.01,0.01,45.01,1.5583423930693028
True,0.01,0.01,3.01,29.009999999999998,0.7918368154423646
True,0.01,0.01,1.01,25.009999999999998,0.827695933188972
False,0.01,0.01,3.01,46.01,0.6083502378036805
True,1.01,0.01,0.01,40.01,1.2880020557204577
True,0.01,0.01,1.01,39.01,1.469269012893927
False,1.01,1.01,0.01,38.01,0.9772436186279589
False,0.01,0.01,2.01,35.01,1.4230949937902737
False,1.01,0.01,1.01,32.01,1.3935546378955537
False,0.01,1.01,1.01,43.01,1.2035975898810498
False,0.01,1.01,0.01,37.01,0.7761199532552563
False,1.01,0.01,1.01,30.009999999999998,1.0977330219413317
True,0.01,0.01,2.01,32.01,1.17738615881
False,1.01,1.01,1.01,35.01,1.0568146656760031
False,0.01,0.01,0.01,32.01,0.8813126289827189
False,1.01,4.01,2.01,42.01,1.2832923039694861
False,0.01,1.01,0.01,32.01,1.2280305991308549
False,0.01,0.01,1.01,40.01,0.7441584307084343
False,0.01,1.01,0.01,35.01,1.3861900311833866
False,0.01,0.01,0.01,39.01,1.3836014754011026
False,0.01,0.01,1.01,45.01,0.973261841139703
True,1.01,0.01,1.01,36.01,1.2515662842434379
True,0.01,0.01,1.01,36.01,0.7985850765394856
False,0.01,0.01,0.01,31.009999999999998,1.375417286706467
False,1.01,0.01,0.01,37.01,0.8215605000880682
False,0.01,0.01,0.01,42.01,1.3102616256679558
False,0.01,0.01,1.01,35.01,0.5293264455609089
False,1.01,0.01,0.01,40.01,0.6525517875411431
False,0.01,2.01,1.01,49.01,0.9044260440528418
True,0.01,0.01,2.01,37.01,0.8957872779926467
True,0.01,0.01,1.01,42.01,0.8605291443921189
True,1.01,0.01,0.01,37.01,0.7807176303157305
True,1.01,0.01,0.01,38.01,0.6669247783465416
True,1.01,0.01,0.01,39.01,1.7610159018960685
False,0.01,0.01,2.01,37.01,1.4086325707056253
False,0.01,0.01,0.01,49.01,0.7189584397360071
False,0.01,0.01,1.01,28.009999999999998,1.2369247303005655
False,2.01,1.01,1.01,31.009999999999998,1.0129252191943108
False,0.01,0.01,1.01,43.01,0.940215311097664
True,0.01,1.01,3.01,44.01,0.9047522829700438
False,0.01,0.01,1.01,31.009999999999998,0.6729091865071944
False,0.01,0.01,0.01,36.01,0.9130566412145358
False,0.01,0.01,2.01,32.01,1.1243696121559899
False,1.01,0.01,3.01,37.01,0.8079292689188953
True,1.01,2.01,2.01,41.01,1.3890353421151929
False,0.01,3.01,3.01,40.01,1.4643086063254127
True,0.01,3.01,2.01,33.01,0.6316568826895206
True,0.01,2.01,0.01,43.01,0.5927991010171861
False,2.01,3.01,3.01,30.009999999999998,1.225739319636522
True,0.01,0.01,0.01,30.009999999999998,0.9446621402489882
False,0.01,1.01,0.01,36.01,0.9086382769393875
True,3.01,0.01,1.01,40.01,1.0721729200888794
False,1.01,0.01,0.01,47.01,0.9585750087829238
True,1.01,0.01,0.01,44.01,1.755236100325543
True,0.01,0.01,0.01,46.01,0.7603617156056627
False,0.01,1.01,0.01,36.01,0.8054051810043771
True,0.01,0.01,2.01,43.01,1.1116287875217568
False,0.01,0.01,0.01,35.01,0.9291150748185175
False,0.01,0.01,2.01,36.01,0.855160819866509
True,1.01,0.01,3.01,37.01,1.008929884181357
True,0.01,0.01,1.01,46.01,0.9910210493533905
False,0.01,0.01,2.01,41.01,0.4881564596731823
True,0.01,1.01,1.01,45.01,0.7086218222137305
False,0.01,0.01,0.01,34.01,0.9524479501136232
False,0.01,1.01,0.01,39.01,0.8721417755828174
False,1.01,2.01,2.01,38.01,1.2185353993647146
False,2.01,0.01,0.01,35.01,0.7336231848288913
False,0.01,1.01,0.01,36.01,0.8896234015560355
True,1.01,0.01,0.01,44.01,0.9972766654761804
False,0.01,1.01,3.01,29.009999999999998,0.9282384619006354
True,0.01,2.01,3.01,25.009999999999998,1.150972940945734
False,0.01,0.01,0.01,39.01,1.2397801225412872
True,3.01,0.01,3.01,41.01,0.769621568389234
False,1.01,2.01,0.01,36.01,0.9465750843987019
False,4.01,0.01,1.01,36.01,0.7766189036168977
True,2.01,2.01,1.01,26.009999999999998,0.8571384277274151
False,1.01,0.01,2.01,35.01,1.5179382327528834
False,1.01,2.01,2.01,42.01,0.7976112970160653
False,0.01,1.01,1.01,51.01,1.4525997874287184
False,4.01,1.01,2.01,38.01,0.49486428252646836
False,4.01,1.01,2.01,37.01,1.0661740556073163
True,2.01,3.01,1.01,39.01,1.3939782206261708
False,0.01,0.01,0.01,28.009999999999998,0.9119362624165046
True,0.01,0.01,0.01,47.01,0.6502335602993496
True,0.01,0.01,0.01,52.01,0.8273316798301051
False,1.01,0.01,1.01,45.01,1.185079662087526
False,0.01,0.01,1.01,45.01,0.9466072349705202
True,0.01,0.01,3.01,39.01,0.7616952691184319
True,0.01,0.01,1.01,38.01,0.8899331349136186
True,0.01,2.01,0.01,35.01,0.8039003415726128
False,0.01,0.01,1.01,39.01,0.9406736798070225
False,0.01,0.01,1.01,35.01,1.252733267439251
False,0.01,2.01,2.01,43.01,0.7470655480175604
False,0.01,0.01,1.01,41.01,0.4495305485413988
False,0.01,0.01,1.01,40.01,0.4365015814798654
False,0.01,1.01,1.01,38.01,0.6700246971782725
False,0.01,1.01,1.01,35.01,0.823637147434956
False,0.01,0.01,0.01,45.01,1.0723577186297824
False,1.01,0.01,1.01,43.01,0.4463160464932033
False,1.01,0.01,1.01,35.01,0.8831998930129924
False,1.01,0.01,3.01,37.01,1.208817445129083
True,0.01,0.01,0.01,46.01,0.7252567740815579
True,1.01,0.01,2.01,31.009999999999998,0.8585536810081476
False,0.01,0.01,0.01,45.01,0.9203972446485497
True,1.01,1.01,1.01,37.01,0.9868965246722471
False,0.01,1.01,3.01,44.01,0.8476750473074003
True,1.01,4.01,0.01,22.009999999999998,1.1929208548793964
True,1.01,0.01,2.01,38.01,1.1520558830074337
False,1.01,2.01,0.01,38.01,1.0181868604025783
False,1.01,0.01,0.01,42.01,0.7921530515854927
False,0.01,1.01,2.01,41.01,1.3813860511479348
True,1.01,2.01,2.01,31.009999999999998,1.1877065322506744
True,0.01,2.01,2.01,38.01,0.8590313770882647
False,1.01,2.01,0.01,41.01,1.5056513132947988
False,0.01,5.01,5.01,46.01,0.8951297306321535
True,0.01,0.01,0.01,35.01,0.9213508773640867
False,1.01,0.01,0.01,30.009999999999998,1.0511747768613018
False,1.01,0.01,0.01,45.01,0.8201864211215211
False,1.01,1.01,2.01,35.01,1.135009983313328
False,1.01,0.01,0.01,39.01,1.076007648291372
True,1.01,1.01,0.01,33.01,0.9454191631045851
True,0.01,1.01,1.01,43.01,0.9845342734209044
True,0.01,0.01,0.01,47.01,1.2011857737313496
True,0.01,1.01,1.01,37.01,0.6242235165648478
True,0.01,0.01,1.01,42.01,1.2617295610446488
False,0.01,0.01,3.01,31.009999999999998,0.9718351908100783
False,0.01,0.01,2.01,43.01,1.0259472796152154
False,0.01,0.01,0.01,36.01,1.0116931072887678
True,0.01,1.01,3.01,51.01,1.2624938134776782
True,0.01,0.01,1.01,43.01,0.9147496783962951
False,0.01,1.01,1.01,38.01,0.8621512881532533
False,0.01,0.01,1.01,49.01,0.2884448558129797
False,0.01,0.01,0.01,44.01,0.8792159513482553
False,0.01,0.01,0.01,28.009999999999998,0.8102930200436388
True,1.01,0.01,2.01,41.01,1.1103925594534394
False,1.01,0.01,0.01,38.01,0.5888819918201381
False,2.01,1.01,0.01,50.01,0.9757051650738158
False,0.01,1.01,0.01,40.01,0.8129506585876002
False,2.01,1.01,2.01,36.01,0.7365954473929756
False,2.01,0.01,3.01,38.01,1.4671204898309738
True,2.01,0.01,0.01,40.01,0.8404661404074163
False,2.01,1.01,1.01,46.01,1.0431296341998115
True,1.01,1.01,2.01,46.01,1.2228540109611625
True,0.01,0.01,0.01,54.01,0.665207260384137
False,3.01,3.01,0.01,44.01,0.694828067098026
True,1.01,1.01,2.01,48.01,1.016209850253615
True,1.01,1.01,6.01,48.01,0.9619375292533601
True,1.01,1.01,1.01,46.01,1.2699405453457604
False,0.01,0.01,1.01,48.01,0.8740626383659721
False,0.01,0.01,1.01,34.01,0.9209698673013557
False,0.01,0.01,1.01,32.01,1.2116345872309982
False,0.01,0.01,0.01,33.01,0.9820143645000468
False,0.01,1.01,2.01,42.01,0.5758486987231258
False,0.01,0.01,0.01,36.01,0.7614973568271363
True,0.01,0.01,1.01,43.01,1.4105805406277256
False,0.01,0.01,0.01,41.01,0.8485017164484465
True,1.01,1.01,0.01,40.01,1.2055212748046558
True,0.01,0.01,0.01,36.01,0.6175605091649318
False,0.01,0.01,0.01,36.01,0.7883751214981868
True,1.01,0.01,0.01,49.01,1.8631218510079812
False,0.01,2.01,1.01,44.01,0.828055833055833
True,2.01,0.01,0.01,44.01,2.0707729566464024
False,1.01,1.01,1.01,45.01,0.9827694371103872
False,0.01,0.01,2.01,46.01,1.1210643123431325
False,0.01,0.01,1.01,33.01,0.9763880906863313
True,1.01,1.01,1.01,32.01,1.265065487291281
False,0.01,0.01,0.01,38.01,0.6318504505109364
True,0.01,0.01,1.01,44.01,0.8408138885931035
False,0.01,0.01,1.01,35.01,0.3977597857962514
False,0.01,1.01,0.01,55.01,1.027750937909229
False,1.01,1.01,1.01,48.01,0.6972484883223422
True,0.01,0.01,1.01,42.01,1.7112730709827098
False,1.01,0.01,0.01,38.01,1.1734415157430338
True,1.01,2.01,2.01,25.009999999999998,1.2413399063769133
False,1.01,1.01,0.01,43.01,1.1725679713199437
False,0.01,3.01,1.01,34.01,0.8783150658917893
True,0.01,0.01,0.01,41.01,0.960054208458484
True,1.01,1.01,2.01,38.01,1.1179139799722295
True,3.01,2.01,4.01,32.01,1.3202128375484068
True,2.01,1.01,2.01,36.01,1.669448710072553
True,2.01,3.01,4.01,41.01,1.2290200932877473
True,0.01,0.01,0.01,38.01,0.678372224666121
True,0.01,0.01,0.01,34.01,0.8583747061688239
False,0.01,0.01,0.01,45.01,1.0772447186225118
True,1.01,0.01,0.01,40.01,1.5670528711459835
False,2.01,1.01,0.01,53.01,1.1300981018518346
False,0.01,0.01,1.01,24.009999999999998,0.5723997024723768
True,0.01,1.01,1.01,30.009999999999998,0.5457155303846479
False,0.01,0.01,1.01,32.01,0.7258289421644902
False,2.01,0.01,2.01,40.01,0.8357748178371102
False,0.01,0.01,0.01,45.01,0.7379021798864109
False,0.01,1.01,1.01,43.01,1.0644523559229442
False,0.01,0.01,2.01,36.01,0.8495136777171203
False,0.01,0.01,0.01,38.01,0.950646790366114
True,0.01,0.01,2.01,32.01,0.8341436518782206
False,0.01,1.01,1.01,43.01,0.9760268082164156
False,0.01,0.01,0.01,41.01,1.3450259433282463
True,0.01,0.01,0.01,44.01,0.8673835776233475
True,0.01,0.01,1.01,42.01,0.9348067021024521
False,0.01,0.01,1.01,47.01,1.3185897131813644
False,1.01,1.01,2.01,34.01,0.9613011327698026
False,0.01,0.01,0.01,32.01,1.1971661207603879
True,0.01,0.01,2.01,35.01,0.889763408319721
True,0.01,0.01,2.01,43.01,0.9504491059248047
False,1.01,0.01,1.01,33.01,0.9053794738907147
True,0.01,5.01,2.01,41.01,0.5035796918233784
False,0.01,0.01,2.01,39.01,0.9634505784298412
False,1.01,0.01,3.01,31.009999999999998,0.8278410502878175
True,0.01,0.01,3.01,26.009999999999998,1.2951016159882944
True,1.01,2.01,3.01,44.01,1.5489334528688747
True,1.01,1.01,1.01,29.009999999999998,1.3468400871129083
False,3.01,1.01,1.01,34.01,1.8757413918542196
False,0.01,1.01,1.01,42.01,0.8847437876472952
False,4.01,2.01,1.01,32.01,0.7004564604395126
True,0.01,0.01,3.01,52.01,1.1465962918113486
True,0.01,1.01,1.01,46.01,0.9466524656985876
True,1.01,1.01,0.01,40.01,1.055213401420495
True,0.01,0.01,0.01,42.01,1.058925568625807
True,0.01,0.01,1.01,46.01,1.3109281499166563
False,0.01,1.01,1.01,42.01,0.9316030177389824
False,0.01,0.01,2.01,44.01,0.6381580990535067
True,0.01,0.01,0.01,44.01,1.0708900013752618
True,0.01,0.01,1.01,44.01,1.089078429897402
True,0.01,1.01,1.01,44.01,1.162742003576873
False,1.01,0.01,0.01,41.01,0.8797898000650786
False,0.01,0.01,0.01,34.01,0.6374307035480398
False,0.01,0.01,1.01,52.01,1.2838678976787086
True,2.01,1.01,3.01,34.01,0.7958344887428807
False,1.01,0.01,3.01,44.01,1.0407605669543925
False,1.01,1.01,0.01,44.01,0.8868709783779558
False,2.01,0.01,1.01,38.01,0.7304081632653062
False,2.01,0.01,1.01,42.01,0.7539371058214237
True,1.01,0.01,0.01,34.01,1.5339601374352987
False,0.01,0.01,1.01,44.01,1.0169278132658244
False,0.01,0.01,1.01,37.01,0.7823315877880244
False,1.01,0.01,2.01,51.01,0.976866287980413
False,0.01,1.01,0.01,26.009999999999998,0.8901277585010361
False,2.01,1.01,0.01,45.01,1.0326434843304995
True,0.01,1.01,2.01,42.01,1.508071920540161
False,0.01,0.01,1.01,39.01,1.35293610369811
False,1.01,2.01,1.01,36.01,1.240384281761671
False,1.01,2.01,0.01,47.01,0.9127613349304526
True,0.01,5.01,0.01,43.01,1.2264745808049187
True,4.01,1.01,1.01,37.01,1.2668049162404336
True,4.01,1.01,3.01,40.01,0.9849945181524128
True,4.01,4.01,1.01,39.01,1.3814868963019438
True,1.01,2.01,5.01,51.01,1.1688133114448904
False,0.01,1.01,0.01,35.01,1.7782424680760593
True,0.01,0.01,0.01,39.01,1.4256625685088682
False,0.01,0.01,0.01,42.01,0.9103109919848327
False,2.01,0.01,1.01,43.01,0.8592561856921478
False,0.01,0.01,0.01,44.01,0.8967367689070349
False,0.01,0.01,0.01,48.01,1.1228901739521902
False,0.01,0.01,0.01,44.01,0.9916854578614784
False,0.01,0.01,0.01,28.009999999999998,1.2536506973244128
False,0.01,0.01,2.01,46.01,1.693655591324345
True,1.01,1.01,0.01,45.01,1.3536015423128422
False,0.01,0.01,1.01,29.009999999999998,1.4405017931481274
False,0.01,3.01,1.01,34.01,0.8150831001484281
False,0.01,0.01,2.01,41.01,1.0412827807828176
True,1.01,0.01,5.01,29.009999999999998,1.0570031691914143
True,0.01,0.01,0.01,49.01,0.6607895554875055
True,0.01,0.01,2.01,38.01,0.677326582981742
False,0.01,0.01,0.01,39.01,1.1893084393634925
True,0.01,1.01,2.01,41.01,0.8962545541021634
True,0.01,3.01,1.01,45.01,1.0862060376488922
True,0.01,0.01,1.01,26.009999999999998,0.9405593959213926
True,0.01,1.01,1.01,48.01,1.0986970921622505
False,1.01,1.01,0.01,37.01,1.861345039328954
False,0.01,1.01,1.01,36.01,1.162303883389179
False,0.01,0.01,3.01,33.01,1.5125859100116559
True,0.01,0.01,0.01,34.01,1.1614485499566143
True,2.01,0.01,0.01,29.009999999999998,1.4936070401762434
True,0.01,3.01,0.01,45.01,0.8627639669405374
True,2.01,5.01,1.01,34.01,0.42592784927894617
False,1.01,4.01,3.01,50.01,1.588658048024139
True,2.01,1.01,5.01,49.01,1.0419207132533297
True,3.01,1.01,1.01,47.01,0.7398893399134834
True,2.01,2.01,4.01,45.01,1.2154344980759066
False,4.01,2.01,1.01,27.009999999999998,1.303929521344044
False,0.01,0.01,1.01,30.009999999999998,0.738900112615283
False,2.01,0.01,1.01,36.01,0.5519191227299862
False,0.01,0.01,0.01,35.01,0.6899810944892453
False,0.01,0.01,0.01,38.01,0.39822427603153954
True,0.01,1.01,0.01,23.009999999999998,0.7307264720069268
True,0.01,0.01,1.01,40.01,0.9685157800493934
False,0.01,0.01,1.01,44.01,0.7599138840539049
False,0.01,1.01,2.01,36.01,1.2085746457560542
True,1.01,0.01,0.01,32.01,1.1242858977029344
False,1.01,0.01,1.01,43.01,1.0636859697747163
False,0.01,0.01,2.01,41.01,0.8449135425498828
False,1.01,0.01,1.01,44.01,0.7593487410647025
False,0.01,1.01,1.01,42.01,1.1178085122124144
False,1.01,1.01,1.01,42.01,1.1556991607630596
True,1.01,1.01,1.01,36.01,1.4602635829532176
True,0.01,4.01,1.01,53.01,0.9227925857066559
False,0.01,2.01,2.01,39.01,1.4584804094876187
False,1.01,0.01,1.01,39.01,1.6790231472472361
True,1.01,2.01,1.01,40.01,1.0597827942067664
False,2.01,1.01,2.01,38.01,1.0470741733375875
False,4.01,2.01,1.01,40.01,1.0986113755151317
True,3.01,2.01,3.01,44.01,1.0910103280032188
True,0.01,3.01,1.01,30.009999999999998,0.8842698952152733
False,6.01,2.01,0.01,48.01,0.7912409782937719
True,4.01,3.01,2.01,44.01,1.2846130139810175
False,0.01,3.01,2.01,39.01,2.1251314369989753
True,1.01,3.01,3.01,40.01,1.0396567514596127
False,3.01,2.01,2.01,44.01,0.827031262060657
False,2.01,2.01,1.01,48.01,1.1641711116197477
True,6.01,4.01,3.01,44.01,1.4748270574345248
True,1.01,9.01,1.01,44.01,0.6995647990251928
True,5.01,9.01,2.01,36.01,1.672989975606679
False,4.01,4.01,0.01,39.01,1.1375856037527705
False,0.01,0.01,1.01,29.009999999999998,0.7813461142032572
False,0.01,0.01,1.01,28.009999999999998,0.8324610770332779
False,0.01,0.01,0.01,40.01,1.9342725681820236
False,0.01,0.01,0.01,35.01,0.9559905769948321
False,0.01,1.01,0.01,37.01,0.7116437638494574
True,0.01,1.01,2.01,40.01,0.7962750302648001
False,1.01,0.01,1.01,35.01,0.9885982932354426
False,0.01,0.01,3.01,48.01,1.0623330716868136
False,0.01,1.01,1.01,43.01,0.9994392224459555
True,2.01,1.01,0.01,37.01,1.166815210120464
True,1.01,0.01,1.01,49.01,1.3724695341185478
True,1.01,0.01,1.01,44.01,1.9190278974081239
True,1.01,0.01,0.01,48.01,0.7741836146933702
False,1.01,0.01,0.01,28.009999999999998,0.7417314318873208
False,0.01,1.01,2.01,44.01,0.9223479571257737
True,2.01,0.01,0.01,44.01,1.2606415994197948
False,0.01,2.01,1.01,46.01,0.9043081163168912
False,0.01,0.01,0.01,45.01,0.9423369284241608
False,0.01,1.01,0.01,50.01,0.7524475909160001
True,1.01,0.01,0.01,49.01,1.0458725002052887
False,2.01,0.01,0.01,40.01,1.121812530364973
False,0.01,1.01,0.01,33.01,1.5392291130889866
True,0.01,3.01,1.01,28.009999999999998,1.5889402654040687
False,1.01,0.01,1.01,30.009999999999998,0.4947681704260651
False,0.01,0.01,2.01,41.01,0.7180830933772111
True,2.01,1.01,1.01,31.009999999999998,0.899067635862997
False,3.01,3.01,4.01,50.01,1.4420965356678157
True,2.01,0.01,1.01,33.01,1.0344008534306306
True,3.01,3.01,0.01,33.01,1.225557173059815
True,5.01,5.01,2.01,30.009999999999998,1.2888182354281426
True,2.01,7.01,1.01,29.009999999999998,0.9723922797321719
True,7.01,4.01,3.01,40.01,1.9592825188199947
False,5.01,5.01,1.01,41.01,1.1580992239145893
False,0.01,1.01,0.01,43.01,1.4396442228070183
True,1.01,0.01,0.01,44.01,0.7719379480158649
True,1.01,1.01,1.01,48.01,0.899970863192704
True,3.01,0.01,3.01,44.01,0.8051324594785416
True,2.01,1.01,0.01,35.01,0.8608816287289952
False,1.01,0.01,1.01,32.01,0.9404818561794495
False,0.01,1.01,0.01,48.01,0.8286973126140487
True,0.01,1.01,0.01,26.009999999999998,0.8966096956740971
False,0.01,0.01,0.01,48.01,0.9831732874199822
False,0.01,0.01,2.01,36.01,0.8252084875259775
False,0.01,0.01,2.01,45.01,0.9055959287993715
False,0.01,0.01,1.01,43.01,1.4726942153123797
True,1.01,1.01,1.01,46.01,1.0595600451490241
True,0.01,0.01,1.01,37.01,1.083725693705202
False,0.01,0.01,1.01,32.01,0.9813671317366555
False,1.01,0.01,0.01,33.01,1.0152560952394842
False,1.01,0.01,0.01,42.01,1.0429272057810524
False,0.01,0.01,1.01,41.01,1.3121299612270394
False,1.01,0.01,0.01,35.01,0.6132338547670354
False,1.01,1.01,3.01,47.01,0.8254264527373772
False,0.01,0.01,0.01,40.01,0.7946411715842325
False,0.01,2.01,3.01,39.01,0.9046205244596983
True,5.01,1.01,0.01,52.01,0.8344426612377931
True,1.01,1.01,2.01,44.01,0.9063923551392286
True,2.01,5.01,0.01,41.01,1.090215973759948
True,1.01,3.01,2.01,48.01,0.9192668805168808
True,1.01,2.01,1.01,41.01,1.9383941897794494
False,3.01,1.01,1.01,48.01,0.877594267078498
True,2.01,3.01,3.01,42.01,0.7867354547077345
True,4.01,5.01,0.01,42.01,1.012076387664623
False,4.01,3.01,2.01,45.01,0.940971549517375
False,5.01,2.01,3.01,34.01,1.3467336243435237
True,4.01,4.01,3.01,40.01,1.4621564765643713
False,0.01,0.01,2.01,31.009999999999998,1.1760818978520386
True,1.01,2.01,1.01,31.009999999999998,0.9155705453598083
False,0.01,0.01,0.01,40.01,0.7038306947844114
False,1.01,0.01,1.01,36.01,1.2293767572160752
False,0.01,0.01,3.01,42.01,0.77602373644057
True,0.01,0.01,0.01,46.01,1.2297197900139079
True,0.01,1.01,1.01,41.01,0.8096266997407972
True,1.01,0.01,0.01,44.01,0.7754071638816195
True,0.01,0.01,1.01,38.01,1.2207176540877414
True,1.01,1.01,1.01,42.01,1.208196163572876
True,0.01,0.01,1.01,32.01,0.47103396634122996
True,1.01,0.01,3.01,44.01,0.927752077904839
True,0.01,0.01,2.01,32.01,0.8649024213921912
False,0.01,1.01,2.01,39.01,0.6776628498100628
False,0.01,0.01,1.01,33.01,0.6646300519939539
True,2.01,0.01,0.01,50.01,0.584015433442894
False,3.01,0.01,0.01,40.01,1.170841279045092
False,0.01,0.01,3.01,47.01,0.5862849806200895
False,0.01,0.01,0.01,33.01,1.0203030452662807
False,1.01,3.01,0.01,37.01,1.005837737509956
False,2.01,0.01,0.01,33.01,0.8319940309496331
True,2.01,1.01,0.01,35.01,0.5882771866990052
False,0.01,1.01,3.01,46.01,1.0970349510836015
False,1.01,0.01,2.01,34.01,1.2931717932300537
False,0.01,0.01,3.01,41.01,0.6858773709979205
False,0.01,0.01,0.01,26.009999999999998,0.9438927096517782
False,2.01,1.01,2.01,33.01,0.8397850129680915
False,2.01,2.01,1.01,43.01,1.2023803158185413
True,1.01,3.01,3.01,29.009999999999998,0.5574912120868896
True,5.01,6.01,2.01,32.01,1.2533075668030367
False,2.01,0.01,3.01,42.01,0.9997011856706493
True,1.01,8.01,2.01,48.01,0.7410263132068093
True,5.01,6.01,2.01,47.01,1.4785256661787909
False,0.01,0.01,3.01,50.01,0.8056061950735555
True,1.01,0.01,0.01,36.01,0.815996021072503
False,0.01,0.01,2.01,45.01,1.1191873816453934
True,0.01,0.01,2.01,39.01,1.1068220077820567
False,0.01,0.01,0.01,45.01,0.5209900396565572
False,0.01,0.01,1.01,38.01,0.693829426156966
False,0.01,0.01,0.01,47.01,0.9396159375584408
True,1.01,1.01,3.01,47.01,0.6171343567033223
True,0.01,0.01,0.01,44.01,0.6470558618108889
False,0.01,0.01,1.01,62.01,0.7376942038432277
True,0.01,1.01,0.01,39.01,0.7524691487849382
True,1.01,0.01,0.01,47.01,0.9531669049395445
False,0.01,0.01,0.01,51.01,1.1132414948514535
True,1.01,0.01,1.01,53.01,0.7009219557529731
False,3.01,0.01,0.01,45.01,1.0345346657708407
False,0.01,2.01,0.01,41.01,0.6034100802483156
True,0.01,0.01,0.01,34.01,1.500219730010512
True,1.01,1.01,0.01,34.01,0.7100131493762759
False,1.01,0.01,1.01,39.01,0.7644108021214931
False,0.01,1.01,0.01,44.01,1.1516529304029304
False,2.01,1.01,0.01,40.01,0.7268140353742821
False,2.01,1.01,2.01,38.01,0.9029313154427571
True,1.01,0.01,0.01,44.01,0.6045323205852394
False,1.01,1.01,0.01,45.01,0.9642649317443088
False,2.01,2.01,0.01,35.01,0.7469150760452501
False,0.01,2.01,2.01,50.01,1.1284266544114983
False,2.01,0.01,1.01,41.01,1.1756792865114687
True,3.01,1.01,2.01,36.01,0.5734789287654948
False,3.01,2.01,2.01,40.01,0.9802445232287363
True,0.01,1.01,1.01,34.01,0.6856902467537861
True,2.01,3.01,0.01,54.01,0.9947734637177077
False,5.01,5.01,4.01,39.01,0.5922742705637442
True,6.01,4.01,1.01,39.01,0.8009348663823149
False,0.01,0.01,0.01,46.01,1.0146324299457292
False,0.01,0.01,1.01,38.01,0.7448396078912897
True,0.01,0.01,0.01,43.01,0.8437698853244232
False,0.01,0.01,0.01,29.009999999999998,0.983883988553017
False,0.01,0.01,1.01,44.01,1.6632073007099426
True,0.01,0.01,0.01,33.01,0.9848803438012521
False,0.01,0.01,1.01,31.009999999999998,1.3401300864440824
True,0.01,0.01,0.01,43.01,0.9335369973716344
False,0.01,0.01,0.01,48.01,0.9309741207494695
False,0.01,0.01,1.01,30.009999999999998,0.9002868056365179
False,0.01,0.01,0.01,36.01,1.0981911492289091
False,0.01,0.01,0.01,41.01,1.2056248355560466
True,0.01,0.01,0.01,34.01,0.7089513608603707
False,1.01,0.01,0.01,41.01,0.5602304966744622
True,0.01,0.01,0.01,42.01,1.0098550101952495
False,0.01,0.01,1.01,38.01,0.7678992876490869
True,2.01,0.01,2.01,48.01,0.7243008425663978
True,0.01,0.01,3.01,33.01,0.6313108035522814
False,0.01,0.01,0.01,30.009999999999998,0.9689423398941593
False,1.01,0.01,0.01,40.01,0.707203414629523
True,0.01,0.01,0.01,43.01,0.9245713757132277
False,1.01,1.01,0.01,36.01,0.9250412204086119
True,3.01,0.01,1.01,35.01,1.390162848292061
False,0.01,0.01,2.01,46.01,1.1084426465776773
False,1.01,0.01,1.01,44.01,0.7473918587872076
False,1.01,0.01,4.01,44.01,1.6415358863372538
True,0.01,0.01,1.01,24.009999999999998,1.2381471375344284
True,1.01,4.01,3.01,32.01,1.5141635453136715
True,2.01,1.01,0.01,46.01,1.0306721449355163
False,1.01,0.01,1.01,31.009999999999998,0.8036644982697615
True,1.01,1.01,2.01,45.01,1.1186173630291274
False,2.01,0.01,2.01,26.009999999999998,0.8425795544209103
False,1.01,1.01,4.01,32.01,1.1129577142436236
False,0.01,0.01,2.01,44.01,0.6911525594118717
True,0.01,0.01,0.01,42.01,1.1324323698417749
False,0.01,0.01,1.01,39.01,0.7974089783543566
True,0.01,0.01,0.01,34.01,0.7585978194425527
True,0.01,1.01,1.01,40.01,1.4288102370548068
False,1.01,0.01,0.01,38.01,0.7065134771461545
True,0.01,0.01,0.01,33.01,0.9611624801232873
False,0.01,1.01,0.01,52.01,0.6211913448869971
True,0.01,0.01,0.01,46.01,0.8507062052621166
False,1.01,0.01,0.01,49.01,1.2500098253794243
False,0.01,0.01,1.01,35.01,0.8414803389917805
True,0.01,0.01,0.01,47.01,1.4393298142106146
False,0.01,0.01,2.01,34.01,0.9282282429491987
True,0.01,1.01,3.01,42.01,1.3564260925591005
False,0.01,0.01,2.01,45.01,1.0173299278852017
False,0.01,0.01,0.01,30.009999999999998,0.8894199018941772
True,1.01,0.01,1.01,39.01,1.1659664175673121
True,1.01,0.01,0.01,47.01,0.6590553866467109
False,0.01,0.01,1.01,41.01,1.1324356446225816
True,1.01,1.01,0.01,44.01,1.851334888259196
False,1.01,0.01,0.01,43.01,0.6876360870668256
False,0.01,0.01,1.01,43.01,1.22002119437715
False,1.01,2.01,1.01,40.01,1.059785015790066
False,0.01,1.01,0.01,36.01,1.0344070167454589
False,0.01,1.01,2.01,38.01,0.6359796323437297
True,0.01,1.01,0.01,49.01,1.7000360133963794
True,0.01,1.01,0.01,38.01,1.247670635464753
False,1.01,1.01,0.01,45.01,1.3808451995951996
False,0.01,2.01,5.01,36.01,1.652434705892561
False,0.01,0.01,0.01,43.01,0.9771336130261079
False,0.01,2.01,2.01,45.01,0.7544030346901558
False,1.01,2.01,0.01,33.01,1.1675207747053098
False,0.01,0.01,2.01,32.01,0.9087764437191633
True,0.01,1.01,1.01,38.01,0.8988463026157049
False,0.01,0.01,1.01,38.01,1.427758699868479
False,0.01,0.01,1.01,42.01,1.352733394026855
False,1.01,1.01,0.01,34.01,0.5725697453194807
True,0.01,0.01,1.01,56.01,0.7186765769480484
True,0.01,0.01,0.01,47.01,0.788715391009365
True,1.01,1.01,2.01,37.01,1.0675200618362641
False,0.01,1.01,0.01,36.01,1.642578274994097
True,1.01,0.01,1.01,34.01,1.4473282147275952
False,1.01,2.01,1.01,32.01,1.2568740623921564
True,1.01,0.01,1.01,33.01,1.3197751944095648
False,0.01,1.01,1.01,46.01,1.6225754926342923
False,0.01,0.01,0.01,49.01,1.38936787566288
True,0.01,0.01,1.01,43.01,0.7491075743483098
True,1.01,1.01,2.01,40.01,0.9253608330659523
True,0.01,0.01,1.01,40.01,1.5542360534276987
False,1.01,0.01,0.01,42.01,1.0011020391018102
True,1.01,0.01,0.01,49.01,1.6840550590800871
False,0.01,1.01,0.01,39.01,0.5279650318945278
False,0.01,1.01,1.01,36.01,0.8179089397127404
True,0.01,0.01,0.01,37.01,1.2245892219955823
False,1.01,1.01,3.01,55.01,0.9515323554863754
False,0.01,0.01,0.01,43.01,0.4580990946655708
False,0.01,0.01,0.01,29.009999999999998,0.7471128740232513
False,0.01,1.01,1.01,38.01,0.8441529674641929
False,2.01,1.01,2.01,40.01,0.9781786185276692
False,3.01,1.01,2.01,42.01,1.0307335621230949
False,2.01,0.01,2.01,38.01,0.7910950776278808
True,1.01,0.01,3.01,36.01,0.7679020301406356
False,2.01,0.01,3.01,40.01,1.1190560225999968
True,1.01,0.01,1.01,29.009999999999998,0.8370972591094543
False,0.01,1.01,1.01,29.009999999999998,1.495386565737265
False,1.01,0.01,4.01,40.01,0.931247478155373
False,0.01,1.01,0.01,42.01,0.7916529766529768
False,0.01,0.01,0.01,42.01,0.9771334459518728
True,0.01,1.01,0.01,38.01,1.3037453920112598
True,0.01,0.01,0.01,38.01,0.8193914162005641
False,1.01,0.01,0.01,41.01,0.8168123459784553
False,0.01,0.01,1.01,55.01,0.9630079189524096
False,0.01,0.01,1.01,44.01,1.0170382204061477
True,0.01,0.01,1.01,44.01,0.7828355044308434
False,0.01,1.01,0.01,37.01,1.2002680335543807
True,0.01,1.01,0.01,49.01,0.7381473669454617
True,1.01,0.01,0.01,35.01,0.78821159724876
False,0.01,1.01,0.01,43.01,0.6821878238271197
False,1.01,0.01,2.01,33.01,0.7794067917423972
False,0.01,1.01,0.01,33.01,0.912402140947292
False,0.01,1.01,0.01,43.01,0.7191119606402603
False,0.01,1.01,1.01,38.01,0.6908212106145408
False,0.01,0.01,0.01,51.01,0.9798517439461043
True,0.01,1.01,1.01,44.01,0.8132462554724218
False,1.01,1.01,0.01,43.01,0.6634001232119898
False,0.01,0.01,0.01,49.01,0.8791412350957301
False,0.01,1.01,0.01,44.01,1.1080487302306634
False,1.01,0.01,0.01,46.01,1.0212763220976722
True,2.01,1.01,1.01,39.01,0.829031099619335
False,2.01,0.01,0.01,31.009999999999998,1.049934933324757
False,0.01,1.01,2.01,45.01,1.0947468732220196
False,0.01,1.01,1.01,41.01,1.938392396830771
False,2.01,0.01,1.01,30.009999999999998,0.5600391166567638
False,0.01,0.01,0.01,29.009999999999998,0.5975956048939133
True,3.01,2.01,0.01,37.01,0.7193740644582158
False,3.01,2.01,0.01,44.01,0.6976437414445362
True,2.01,0.01,2.01,43.01,0.8414652263894256
True,6.01,0.01,2.01,35.01,0.9437893028275777
False,1.01,0.01,1.01,38.01,0.6201773222356946
False,0.01,0.01,0.01,33.01,0.8429111379340212
True,1.01,0.01,0.01,35.01,0.9725790723340441
False,1.01,0.01,0.01,47.01,1.3382814843580888
True,0.01,0.01,0.01,46.01,1.0382060797605885
False,0.01,0.01,1.01,35.01,1.21932151253608
False,0.01,0.01,0.01,40.01,0.9872211301169436
False,0.01,1.01,1.01,42.01,0.9559208582820119
False,0.01,0.01,0.01,38.01,1.039362347154299
False,0.01,0.01,0.01,34.01,1.0809984489048676
False,0.01,0.01,1.01,38.01,1.0874970144146106
False,2.01,0.01,0.01,37.01,0.9773666786688606
True,0.01,0.01,1.01,34.01,0.47883295949333693
False,0.01,0.01,1.01,42.01,1.0719754984986651
False,0.01,0.01,1.01,41.01,1.2472371360344874
False,0.01,0.01,0.01,41.01,1.0183155175932637
True,0.01,2.01,0.01,35.01,1.19859751172078
True,1.01,0.01,0.01,46.01,0.6874262167419712
True,0.01,0.01,1.01,36.01,1.2558921426527583
True,0.01,0.01,1.01,31.009999999999998,1.4723614102875393
False,1.01,2.01,0.01,33.01,1.172963646701941
True,0.01,0.01,4.01,42.01,1.5793457457888869
False,0.01,2.01,0.01,38.01,1.0926943994550116
True,1.01,0.01,4.01,42.01,0.867952065244021
True,1.01,1.01,1.01,40.01,0.626060423784795
False,0.01,0.01,0.01,34.01,1.3480301595224604
False,0.01,2.01,0.01,39.01,0.8420931259442929
False,1.01,1.01,2.01,35.01,0.7740643152260605
False,1.01,0.01,0.01,31.009999999999998,0.6420731215102662
False,0.01,1.01,1.01,30.009999999999998,0.9746116669508743
False,1.01,1.01,2.01,52.01,1.0870855522709741
True,1.01,2.01,1.01,47.01,0.985243417987779
True,0.01,1.01,2.01,56.01,0.957790029489296
False,3.01,3.01,2.01,41.01,1.5241717183094565
False,1.01,0.01,0.01,48.01,0.832429068752598
False,0.01,1.01,0.01,35.01,0.8646093277672227
True,0.01,1.01,0.01,48.01,0.9693428865756699
False,0.01,0.01,0.01,36.01,0.7555035498249179
False,1.01,1.01,0.01,41.01,1.7929294405513534
False,0.01,0.01,0.01,58.01,1.2982270166262797
True,0.01,0.01,0.01,37.01,0.5674967063738012
False,3.01,0.01,0.01,38.01,0.6098493723220748
True,1.01,0.01,1.01,46.01,1.3225516726975497
True,0.01,1.01,2.01,42.01,0.9457416184270404
False,1.01,0.01,2.01,50.01,0.8747426136644246
False,0.01,0.01,1.01,41.01,0.903290326628903
False,0.01,0.01,1.01,43.01,0.6572280875378241
True,0.01,1.01,1.01,39.01,1.3162775224657177
True,0.01,1.01,0.01,42.01,0.8929331109958446
True,0.01,1.01,2.01,40.01,0.8174013166022573
False,2.01,1.01,3.01,38.01,0.9146436085554981
False,0.01,1.01,3.01,49.01,0.8782038783893003
True,0.01,0.01,1.01,43.01,1.1403836950466713
True,1.01,0.01,1.01,36.01,1.0162605196038363
True,0.01,0.01,0.01,49.01,0.4856715438816207
False,0.01,1.01,0.01,30.009999999999998,0.8456571215168882
False,0.01,0.01,1.01,39.01,0.6196610255356385
False,1.01,1.01,1.01,34.01,1.3430068988159587
False,1.01,0.01,1.01,41.01,0.9376090101419047
False,1.01,0.01,1.01,37.01,0.786536122686581
True,1.01,0.01,2.01,37.01,0.5239126776161132
True,3.01,1.01,1.01,41.01,1.375905150801407
False,3.01,0.01,2.01,35.01,1.1450252551256859
False,3.01,5.01,1.01,54.01,0.5605648622764748
False,0.01,0.01,1.01,48.01,0.9157582545565667
True,0.01,3.01,1.01,47.01,0.7451022353458545
False,1.01,4.01,1.01,43.01,0.5862583462242619
False,0.01,0.01,1.01,55.01,1.1101577514646312
True,0.01,0.01,1.01,34.01,1.1449806626122412
False,0.01,0.01,2.01,45.01,1.0425633356571238
True,0.01,0.01,2.01,46.01,1.736910740336338
False,0.01,0.01,0.01,47.01,0.9042532150651008
False,0.01,0.01,2.01,40.01,1.1004967034893047
True,0.01,0.01,1.01,45.01,1.0061931908988158
False,0.01,0.01,0.01,45.01,0.8587262927003498
False,0.01,0.01,0.01,58.01,0.8122033302402574
True,0.01,0.01,0.01,42.01,0.8193063561889278
True,0.01,0.01,0.01,39.01,0.8866782694952705
False,0.01,1.01,0.01,47.01,0.7091552438631212
True,1.01,1.01,0.01,40.01,0.9974641714994587
False,0.01,0.01,1.01,34.01,0.8326213593267967
False,0.01,1.01,1.01,31.009999999999998,1.0100693201312398
True,0.01,0.01,0.01,30.009999999999998,0.4667392139284494
False,0.01,0.01,0.01,42.01,0.6314591991566482
True,0.01,1.01,1.01,46.01,1.2203527416593603
True,0.01,0.01,1.01,45.01,0.6752663200205145
False,0.01,0.01,0.01,32.01,1.2846696068181884
False,0.01,0.01,1.01,35.01,0.4923093545097177
False,0.01,0.01,0.01,46.01,0.6329787071166381
False,1.01,1.01,0.01,28.009999999999998,0.8739543094694242
False,0.01,0.01,0.01,48.01,1.0129570928988754
False,1.01,0.01,0.01,44.01,1.0654450102930182
True,1.01,0.01,1.01,40.01,0.5413872272181286
False,1.01,0.01,0.01,48.01,0.792720502435022
False,0.01,0.01,0.01,47.01,0.8511785822736323
False,1.01,2.01,0.01,33.01,0.8941751940915494
True,0.01,2.01,1.01,49.01,1.5269829928996312
True,0.01,0.01,1.01,35.01,1.002319125962403
False,2.01,0.01,2.01,43.01,1.833475195506889
False,1.01,0.01,3.01,41.01,0.8673191533797233
True,0.01,0.01,0.01,38.01,0.9330690601439183
False,0.01,0.01,1.01,40.01,0.8630198794168715
True,0.01,0.01,0.01,43.01,0.6374286410875286
False,0.01,0.01,0.01,47.01,0.7363638575076028
True,0.01,0.01,1.01,42.01,1.5973590200952097
False,0.01,0.01,0.01,48.01,0.871821245465324
False,0.01,0.01,3.01,46.01,0.8286685993694124
True,0.01,0.01,0.01,44.01,1.6302175372163243
False,0.01,0.01,0.01,48.01,0.740264259167793
True,1.01,0.01,0.01,40.01,1.0659572563780941
False,0.01,1.01,0.01,41.01,0.7720020397445104
False,0.01,0.01,0.01,54.01,0.7531380974591431
False,0.01,0.01,0.01,35.01,1.2583777253859318
True,0.01,2.01,0.01,40.01,0.8634015973022032
False,0.01,0.01,0.01,27.009999999999998,0.5433812839790483
False,0.01,0.01,0.01,49.01,0.7934834195555893
False,0.01,0.01,0.01,47.01,1.034845618959713
True,0.01,1.01,0.01,39.01,0.9016673731545213
False,1.01,0.01,2.01,40.01,0.9439246791625139
True,0.01,0.01,1.01,43.01,0.8731185205772665
True,0.01,3.01,1.01,41.01,0.8297712789990822
False,0.01,0.01,0.01,45.01,0.9543472244130138
False,0.01,0.01,1.01,47.01,0.6398969077552319
True,0.01,0.01,0.01,44.01,0.8260119896236049
True,0.01,2.01,3.01,44.01,1.824828677019009
False,0.01,1.01,0.01,39.01,1.0718603756065057
True,0.01,0.01,0.01,38.01,1.2334432672590567
False,0.01,1.01,1.01,38.01,0.6398008636666057
False,0.01,0.01,0.01,43.01,0.6448363767522717
False,0.01,3.01,1.01,43.01,0.8561355548238964
False,0.01,1.01,1.01,43.01,1.126711865812733
False,2.01,0.01,1.01,45.01,0.857870309556943
True,1.01,0.01,1.01,43.01,0.45178379045559613
False,0.01,1.01,0.01,48.01,1.1385197378728464
True,1.01,1.01,0.01,37.01,0.742259897931964
True,0.01,1.01,0.01,52.01,0.8193663180539462
False,0.01,0.01,1.01,36.01,0.8502326117076241
True,0.01,0.01,1.01,34.01,0.6105534675177532
False,0.01,0.01,0.01,51.01,1.5586724065719397
True,0.01,0.01,0.01,46.01,1.2671930184839375
False,0.01,0.01,0.01,33.01,1.4338465832970537
True,0.01,0.01,1.01,38.01,1.4423606685705594
True,0.01,0.01,1.01,33.01,1.2352570674506396
False,1.01,1.01,0.01,40.01,1.281293729399759
True,1.01,0.01,1.01,39.01,1.4522474361928073
False,0.01,1.01,3.01,31.009999999999998,1.4720108357859067
True,0.01,0.01,1.01,54.01,1.6178964789976285
False,2.01,1.01,2.01,44.01,0.7057455141444698
False,0.01,1.01,1.01,30.009999999999998,0.9707242025755836
False,0.01,1.01,1.01,44.01,0.8127837072961891
False,0.01,0.01,1.01,30.009999999999998,1.3468832259716166
False,0.01,1.01,1.01,36.01,0.6580018386530991
False,0.01,1.01,1.01,35.01,0.7143124372525507
True,0.01,0.01,1.01,51.01,0.8152790202102347
False,1.01,0.01,2.01,34.01,1.3218763663444513
False,0.01,0.01,1.01,42.01,1.248850118344282
True,2.01,1.01,1.01,27.009999999999998,1.096516564123256
False,3.01,0.01,1.01,27.009999999999998,1.1385553286529553
True,0.01,2.01,2.01,35.01,0.7016027894806737
False,1.01,0.01,0.01,36.01,0.8840459626327694
True,1.01,1.01,1.01,39.01,0.7853799905898602
False,2.01,1.01,1.01,40.01,0.9544713095509699
False,1.01,2.01,2.01,37.01,1.5008212016105646
False,1.01,4.01,2.01,36.01,1.4121676844432258
False,1.01,3.01,2.01,33.01,1.6196534420161885
False,4.01,1.01,0.01,41.01,1.482323877275545
True,0.01,0.01,0.01,42.01,0.7738299551843195
False,1.01,1.01,0.01,48.01,0.6908729852789095
False,0.01,0.01,1.01,41.01,0.7614374246565154
False,0.01,0.01,0.01,47.01,1.3643144966309158
False,0.01,1.01,0.01,54.01,0.6879011880331867
False,0.01,0.01,1.01,34.01,1.007774491282235
True,0.01,0.01,0.01,46.01,0.7776669674453526
False,0.01,1.01,0.01,54.01,1.517117071880289
True,0.01,0.01,0.01,35.01,0.8126060167229907
False,0.01,0.01,0.01,40.01,0.7883259189783243
True,0.01,0.01,1.01,29.009999999999998,1.12163802788744
False,0.01,1.01,1.01,48.01,1.722022711189497
False,0.01,0.01,0.01,37.01,0.6906760393449005
True,0.01,1.01,1.01,48.01,1.391525047006063
False,0.01,1.01,1.01,38.01,1.000624501982319
False,1.01,1.01,0.01,30.009999999999998,1.9729917086079967
True,2.01,3.01,2.01,39.01,0.8613515733647265
True,0.01,1.01,1.01,54.01,0.7123997177318023
True,1.01,0.01,0.01,36.01,0.5775856359188426
True,0.01,0.01,1.01,35.01,0.966899784252742
True,2.01,2.01,0.01,43.01,0.6495421534052723
False,2.01,0.01,1.01,37.01,1.610447528825368
False,1.01,0.01,0.01,42.01,1.3126542953024343
False,0.01,1.01,1.01,35.01,0.6512647780179164
False,2.01,0.01,1.01,48.01,0.6336753394588458
False,0.01,0.01,1.01,48.01,0.7404384270860499
False,2.01,2.01,2.01,28.009999999999998,0.966113294573389
False,0.01,0.01,0.01,31.009999999999998,1.1687664296684688
True,0.01,6.01,2.01,38.01,1.3361668586606101
True,1.01,1.01,0.01,40.01,0.6883856720409827
False,1.01,2.01,1.01,45.01,1.1975689117569006
False,6.01,4.01,5.01,28.009999999999998,0.9722418016729503
False,7.01,3.01,4.01,37.01,1.0404012753162173
False,0.01,0.01,1.01,39.01,1.3071643838288753
True,0.01,0.01,0.01,38.01,0.4698322729901677
False,2.01,0.01,0.01,43.01,0.8949669973391202
True,0.01,0.01,0.01,31.009999999999998,1.0086790421332403
True,0.01,0.01,2.01,28.009999999999998,1.58238509273393
False,0.01,0.01,0.01,34.01,0.9283404498855821
False,0.01,0.01,2.01,39.01,1.0000848672802456
False,0.01,0.01,1.01,35.01,1.1739467331699351
False,0.01,0.01,0.01,36.01,1.5996553460625467
False,0.01,0.01,0.01,34.01,1.2933495169233709
True,0.01,0.01,1.01,42.01,0.5210773625737886
False,0.01,1.01,1.01,31.009999999999998,0.8069789364767747
False,0.01,0.01,0.01,33.01,0.590394169917272
False,0.01,0.01,1.01,48.01,0.658512708780274
False,1.01,1.01,1.01,45.01,0.9771416073270293
True,0.01,0.01,0.01,34.01,0.8128835624225313
True,0.01,0.01,1.01,40.01,1.3708546155046057
False,1.01,1.01,0.01,32.01,0.8307113052180162
True,0.01,0.01,1.01,45.01,0.7109364459657697
True,1.01,0.01,1.01,38.01,1.1999798387662197
True,1.01,0.01,0.01,36.01,1.3304058946775816
False,0.01,0.01,4.01,57.01,1.1980219442681863
False,2.01,0.01,1.01,33.01,1.1514268421430802
True,0.01,1.01,0.01,30.009999999999998,0.24622031710765507
False,0.01,2.01,0.01,40.01,0.7683522893553623
False,0.01,3.01,1.01,42.01,1.0256740082814526
False,2.01,1.01,3.01,49.01,0.9453691890710156
False,4.01,0.01,1.01,48.01,0.7159347780947737
False,1.01,1.01,0.01,45.01,1.639610432050857
False,3.01,1.01,0.01,47.01,0.6663738692934905
False,2.01,2.01,0.01,44.01,1.7566330425530856
True,1.01,1.01,2.01,44.01,0.807533806291433
False,3.01,3.01,0.01,38.01,1.060231900452489
True,1.01,0.01,2.01,37.01,1.0738010755047669
True,0.01,1.01,0.01,44.01,0.6289751868420046
True,0.01,1.01,0.01,33.01,0.9957460292964331
False,1.01,0.01,0.01,45.01,1.4508773617613127
True,0.01,0.01,0.01,34.01,0.9043498551501867
True,0.01,0.01,1.01,36.01,0.48302810284031894
True,1.01,0.01,2.01,43.01,0.8413406464574964
False,0.01,0.01,1.01,44.01,1.6562329463028669
True,0.01,2.01,0.01,36.01,0.6587987742539789
True,0.01,0.01,1.01,35.01,0.9878325374073956
False,0.01,0.01,4.01,54.01,1.3636334406169437
False,0.01,0.01,1.01,52.01,1.2320868568284906
False,0.01,1.01,1.01,40.01,0.6160334665142526
False,0.01,0.01,3.01,48.01,0.9659063668784315
False,1.01,0.01,0.01,36.01,0.8038535945561197
False,0.01,0.01,0.01,43.01,0.9517150855367468
True,0.01,0.01,2.01,40.01,0.8902813290032595
False,0.01,0.01,2.01,38.01,0.5987712614152073
False,1.01,0.01,2.01,49.01,0.5753625874763435
False,0.01,1.01,1.01,43.01,0.6826061901830782
False,2.01,0.01,0.01,41.01,1.677152431594268
False,1.01,0.01,2.01,42.01,1.136996108006796
True,2.01,1.01,1.01,41.01,1.0503993264919007
True,1.01,1.01,2.01,42.01,0.7703190845009278
False,0.01,1.01,0.01,42.01,1.2568319589650554
False,0.01,1.01,4.01,45.01,0.8777726349231189
False,0.01,1.01,1.01,44.01,1.8348231645482735
True,1.01,7.01,2.01,36.01,1.073337612912897
False,1.01,1.01,2.01,36.01,1.3238954704488641
False,1.01,3.01,3.01,38.01,0.9813546292019797
True,1.01,1.01,0.01,39.01,0.9611088203050445
True,3.01,2.01,1.01,53.01,0.7095569526551714
True,6.01,2.01,3.01,32.01,0.8901037303697605
False,0.01,0.01,0.01,36.01,0.7848933420057309
False,0.01,0.01,0.01,41.01,1.0010713778527998
True,0.01,0.01,1.01,39.01,1.1233771781672826
False,0.01,0.01,0.01,44.01,0.9856969485371166
True,1.01,0.01,1.01,39.01,0.48454553616318324
False,0.01,0.01,0.01,35.01,0.8375738944469595
True,0.01,0.01,0.01,52.01,0.6469325483239311
False,0.01,0.01,3.01,32.01,0.5761266400748177
False,0.01,0.01,0.01,43.01,0.8191736694562135
True,1.01,0.01,0.01,37.01,0.7602721193307606
False,0.01,0.01,2.01,48.01,0.5815462477223562
False,0.01,0.01,2.01,32.01,0.8448197414274828
False,0.01,0.01,0.01,35.01,1.2430781895797829
False,0.01,0.01,0.01,31.009999999999998,0.8507924249601171
True,0.01,0.01,1.01,36.01,0.8592303727026468
False,0.01,0.01,1.01,40.01,1.1519929656137327
True,0.01,1.01,1.01,39.01,0.5552636246899131
False,0.01,0.01,1.01,42.01,0.3356336648878665
True,0.01,0.01,0.01,48.01,0.7685871539778644
False,0.01,0.01,2.01,39.01,0.716501270053296
True,0.01,0.01,1.01,43.01,0.8003447368888545
False,0.01,0.01,2.01,37.01,0.6808609205191112
True,0.01,0.01,1.01,38.01,1.3925975305809972
False,0.01,0.01,0.01,38.01,1.138611705045466
False,0.01,0.01,3.01,38.01,0.6527859931796285
True,0.01,1.01,1.01,47.01,1.0751968611488736
False,0.01,1.01,3.01,42.01,1.0263525578765478
False,1.01,0.01,1.01,55.01,1.0773446776674902
True,2.01,1.01,0.01,39.01,0.9487836854400157
False,1.01,0.01,2.01,46.01,0.7895701755774973
False,0.01,0.01,1.01,40.01,0.8173648191423644
True,0.01,1.01,3.01,33.01,0.8533203012362603
False,0.01,0.01,3.01,52.01,0.894227012381037
True,0.01,0.01,3.01,54.01,0.8432274899001846
True,0.01,0.01,1.01,51.01,0.75772701465958
False,0.01,0.01,2.01,45.01,0.9549731776547381
False,1.01,0.01,2.01,35.01,1.1894438550006645
True,0.01,0.01,0.01,32.01,1.41244137069645
False,0.01,1.01,1.01,33.01,1.234268436901706
False,0.01,0.01,2.01,34.01,0.9019891772259898
False,0.01,0.01,0.01,38.01,0.8556726948318482
False,1.01,0.01,0.01,44.01,0.7642472146167385
True,0.01,0.01,1.01,37.01,1.3899330693236283
False,1.01,0.01,0.01,33.01,0.8914046209677438
True,0.01,0.01,0.01,52.01,1.1634284362292227
True,0.01,0.01,0.01,45.01,1.2362083909041481
True,0.01,0.01,0.01,43.01,1.4161084421004106
False,1.01,0.01,0.01,45.01,1.4574603998626423
False,0.01,0.01,2.01,40.01,0.956827414783891
True,0.01,0.01,1.01,39.01,1.5043490268004216
True,0.01,0.01,3.01,34.01,0.9910931698678742
False,0.01,1.01,0.01,51.01,1.485401385144292
True,0.01,1.01,3.01,43.01,0.7419396999835657
False,0.01,2.01,0.01,43.01,1.0818751036751608
False,1.01,1.01,0.01,34.01,1.3361094934655096
False,1.01,0.01,2.01,36.01,0.8627298287340234
False,0.01,0.01,0.01,54.01,1.4296001043380262
True,0.01,0.01,0.01,36.01,1.2952743849359738
True,0.01,0.01,0.01,43.01,0.7554922950612606
False,0.01,1.01,2.01,36.01,0.9580541583757703
False,0.01,1.01,1.01,47.01,0.7603723853723854
False,2.01,1.01,0.01,42.01,0.839285053685952
False,1.01,0.01,2.01,36.01,0.6660848035135077
True,1.01,1.01,1.01,44.01,1.4567551223792674
False,2.01,2.01,2.01,35.01,1.6066683029327267
False,2.01,1.01,2.01,35.01,1.2364256259619728
True,0.01,0.01,0.01,32.01,1.0318733785535017
False,0.01,0.01,1.01,43.01,1.1926847373638152
False,0.01,0.01,0.01,35.01,1.047915371026519
True,0.01,1.01,1.01,41.01,0.8390312835637683
False,0.01,0.01,0.01,37.01,0.9914078772864674
True,0.01,1.01,0.01,43.01,1.175586686697915
True,0.01,0.01,0.01,33.01,0.9662054388247185
True,0.01,0.01,1.01,38.01,1.1549594577787332
False,0.01,0.01,0.01,36.01,1.4630843376724363
False,0.01,1.01,0.01,52.01,1.200087678718447
True,0.01,0.01,1.01,41.01,1.1118658335030362
False,0.01,0.01,0.01,44.01,1.4315298725318375
False,0.01,1.01,0.01,50.01,1.17314302371313
True,0.01,0.01,2.01,49.01,1.558016121280654
False,0.01,1.01,2.01,40.01,1.4696763181483015
True,1.01,0.01,0.01,37.01,1.456221162143873
True,0.01,0.01,0.01,41.01,1.0430024947018677
False,1.01,0.01,1.01,40.01,0.5752303255729484
False,0.01,0.01,2.01,40.01,1.1656515781845767
False,0.01,1.01,0.01,40.01,1.2301690405971657
False,1.01,1.01,0.01,44.01,1.4683068895410336
False,1.01,1.01,1.01,42.01,1.2510001960049997
True,2.01,1.01,2.01,34.01,1.1498330076481837
False,1.01,1.01,1.01,43.01,1.4782449555325288
True,1.01,1.01,0.01,39.01,1.1588046777544119
False,2.01,0.01,0.01,32.01,0.9806055022720235
False,0.01,1.01,0.01,38.01,0.7194287053582051
False,2.01,1.01,3.01,30.009999999999998,1.1563632585402759
False,0.01,1.01,1.01,38.01,1.2917435635891286
True,2.01,1.01,1.01,40.01,0.9784868553785809
True,0.01,1.01,2.01,31.009999999999998,0.8881017832664984
False,4.01,2.01,1.01,44.01,1.047919175624274
False,2.01,2.01,2.01,32.01,1.4867405686778388
True,0.01,0.01,0.01,44.01,0.7802469524127147
False,0.01,0.01,0.01,39.01,0.5087175744152488
False,0.01,0.01,3.01,39.01,1.1300649864160683
True,0.01,2.01,0.01,34.01,1.2425939761721594
True,0.01,0.01,0.01,36.01,0.8597701649500517
False,0.01,2.01,2.01,37.01,1.342478487700953
False,0.01,0.01,1.01,36.01,0.6131794180265505
True,0.01,1.01,1.01,37.01,0.9623522452413829
False,0.01,0.01,0.01,39.01,0.9536533040753365
False,0.01,0.01,0.01,42.01,1.5666326463627829
False,0.01,0.01,1.01,48.01,0.6573409036784637
True,0.01,0.01,0.01,37.01,1.2779698159147377
True,0.01,0.01,0.01,35.01,0.7948177550087306
False,0.01,1.01,2.01,35.01,0.4485103081122837
False,0.01,1.01,0.01,47.01,1.0552277244780985
True,0.01,1.01,0.01,51.01,0.593488948355372
True,0.01,0.01,0.01,36.01,1.8157297116138804
False,0.01,0.01,1.01,30.009999999999998,0.8780454921629506
True,0.01,1.01,1.01,33.01,0.9916191566300729
False,1.01,0.01,1.01,36.01,1.207497505090216
True,0.01,1.01,0.01,31.009999999999998,0.8388099473568882
False,0.01,1.01,0.01,42.01,0.7827958529386609
False,1.01,0.01,1.01,40.01,0.9181159321259653
True,0.01,0.01,1.01,32.01,1.0385490967553035
False,1.01,0.01,1.01,41.01,0.6387256523040011
False,1.01,1.01,1.01,43.01,0.6375844548349013
True,0.01,1.01,1.01,40.01,0.9673573416607473
False,0.01,0.01,3.01,49.01,0.9551429467107866
False,1.01,0.01,1.01,38.01,1.2613756019855311
False,1.01,1.01,1.01,38.01,1.8012656950825645
False,1.01,0.01,1.01,48.01,1.1304026480342269
False,2.01,0.01,4.01,37.01,0.5573022215941694
True,2.01,0.01,1.01,43.01,0.8321232831783849
False,0.01,0.01,0.01,36.01,0.7143800619458514
False,0.01,0.01,0.01,37.01,0.9300991795728636
False,0.01,0.01,0.01,45.01,0.8872359789531428
False,0.01,0.01,1.01,36.01,1.2558419312294855
False,0.01,0.01,2.01,32.01,1.076335900823942
True,1.01,0.01,4.01,32.01,1.800580822850018
False,0.01,0.01,2.01,41.01,1.1106442530899052
True,0.01,0.01,0.01,31.009999999999998,1.0436726357500739
True,0.01,0.01,1.01,41.01,0.7705253080654773
True,0.01,0.01,0.01,36.01,1.7480795981786243
True,0.01,0.01,0.01,47.01,0.8671632169658686
True,0.01,0.01,1.01,30.009999999999998,0.9326167359833761
False,0.01,0.01,2.01,32.01,0.8918310587602951
False,1.01,0.01,0.01,30.009999999999998,0.9635036943141162
True,0.01,0.01,1.01,45.01,0.5752732801634335
False,1.01,0.01,2.01,37.01,0.83374021413572
True,0.01,0.01,2.01,39.01,0.8091845784988169
True,0.01,1.01,1.01,50.01,1.815893981626942
True,1.01,0.01,0.01,35.01,1.0449134848660948
False,0.01,0.01,0.01,38.01,1.5767150955531872
True,0.01,0.01,0.01,36.01,1.0460140379889666
False,0.01,1.01,2.01,39.01,1.1549888990181343
False,1.01,2.01,0.01,40.01,1.062412034354422
False,0.01,1.01,1.01,33.01,0.8696337344537488
True,2.01,3.01,1.01,43.01,1.018145283322806
False,2.01,1.01,0.01,31.009999999999998,0.7788757217153595
True,2.01,0.01,0.01,39.01,0.6641372692738133
False,1.01,0.01,3.01,48.01,0.9657596430602761
True,0.01,1.01,2.01,40.01,1.282869025003136
False,1.01,2.01,0.01,49.01,0.9200969396799299
False,3.01,4.01,3.01,40.01,0.7937176977809763
False,4.01,1.01,3.01,52.01,1.5276552274901778
False,3.01,3.01,4.01,49.01,0.9575009593919099
True,0.01,0.01,0.01,50.01,1.1096684735924742
False,0.01,0.01,0.01,47.01,0.6043706092619137
True,0.01,0.01,0.01,44.01,0.85587252269232
False,0.01,0.01,0.01,37.01,1.0021327802420428
False,0.01,0.01,0.01,46.01,0.743743435113509
False,1.01,0.01,3.01,35.01,0.5366815305570534
False,0.01,1.01,1.01,49.01,0.7371619288337306
True,1.01,1.01,1.01,39.01,0.845311601524837
True,0.01,0.01,2.01,40.01,1.028051969215318
False,0.01,0.01,1.01,25.009999999999998,0.9277989081319575
False,0.01,0.01,1.01,22.009999999999998,0.5839770509612818
False,0.01,0.01,1.01,53.01,0.7045550585505687
False,0.01,1.01,0.01,39.01,0.9855130514365388
True,0.01,0.01,0.01,45.01,0.6475510679549684
True,0.01,0.01,0.01,30.009999999999998,0.6324610650356098
True,0.01,0.01,1.01,40.01,1.0138796115122002
False,0.01,1.01,1.01,42.01,0.5819019856470353
False,0.01,1.01,2.01,38.01,1.0081673471306
False,0.01,0.01,3.01,36.01,0.6787110849553246
True,0.01,1.01,0.01,29.009999999999998,0.8275940354071457
False,0.01,0.01,0.01,40.01,0.8490282719778408
False,1.01,0.01,0.01,33.01,1.1844968358043293
False,0.01,0.01,0.01,42.01,0.6528167738592939
False,0.01,1.01,0.01,40.01,1.1462011567596269
False,0.01,0.01,1.01,42.01,0.8573790690185549
True,0.01,1.01,1.01,46.01,1.08619568621597
False,1.01,2.01,2.01,25.009999999999998,0.4989612580402054
True,1.01,1.01,1.01,37.01,0.8818600420469322
False,1.01,0.01,0.01,44.01,1.2387310406867138
True,0.01,1.01,1.01,38.01,1.3891227867451834
False,1.01,1.01,3.01,42.01,1.0910919123146294
False,4.01,1.01,2.01,49.01,1.0541744039046115
False,3.01,2.01,1.01,42.01,1.5045757050354394
False,0.01,0.01,2.01,53.01,0.6454532120131335
False,0.01,0.01,0.01,38.01,0.7053497209264277
True,0.01,0.01,0.01,39.01,1.0067873315361635
False,0.01,1.01,0.01,49.01,0.8961969626847635
False,0.01,0.01,1.01,38.01,0.6058250083250084
False,1.01,0.01,0.01,35.01,0.7315598592301538
True,0.01,1.01,0.01,44.01,0.5477386914005734
True,0.01,0.01,1.01,48.01,0.8306130235083602
False,0.01,0.01,2.01,33.01,0.8473752481276808
False,0.01,0.01,0.01,38.01,0.8995744230457143
False,0.01,0.01,1.01,48.01,0.8971601156266429
True,0.01,0.01,2.01,38.01,0.8158085545503283
False,0.01,0.01,0.01,35.01,0.8767127477960293
True,1.01,1.01,0.01,41.01,1.1973859780434963
False,1.01,1.01,2.01,44.01,0.9952115963609942
True,0.01,0.01,1.01,52.01,1.33008003346313
False,0.01,0.01,0.01,45.01,0.6331356424276657
False,1.01,0.01,1.01,40.01,1.3687551661429542
True,0.01,0.01,0.01,40.01,1.0897561166510386
True,1.01,1.01,0.01,42.01,0.639871935577788
True,0.01,0.01,1.01,43.01,0.6333165252253573
False,1.01,0.01,0.01,41.01,0.5243678849798159
False,0.01,0.01,0.01,46.01,0.9165525624746405
True,0.01,2.01,1.01,39.01,1.309925396365803
True,0.01,0.01,0.01,47.01,1.5765892757226183
False,2.01,1.01,0.01,44.01,0.7671490017522674
False,1.01,0.01,2.01,42.01,0.8798503900912644
False,1.01,2.01,1.01,44.01,0.4432892326971274
True,1.01,1.01,1.01,42.01,0.9623289686381238
False,0.01,1.01,0.01,39.01,1.1291437444473804
False,4.01,2.01,2.01,45.01,1.0204546690349463
False,1.01,1.01,1.01,34.01,0.8288694417406948
False,1.01,1.01,1.01,40.01,0.933487325455284
False,0.01,0.01,2.01,42.01,1.0935601585419876
True,0.01,0.01,0.01,37.01,1.091742997783772
False,1.01,0.01,0.01,31.009999999999998,1.0378914025850983
False,0.01,0.01,2.01,36.01,0.8790933178981704
False,0.01,0.01,0.01,55.01,0.859569094189499
False,0.01,0.01,0.01,47.01,1.0628072305107503
True,0.01,0.01,0.01,40.01,0.7731076373607756
False,0.01,0.01,0.01,38.01,0.8658273264701459
True,0.01,1.01,1.01,40.01,0.9223408135378142
True,1.01,1.01,0.01,42.01,1.0861646716809759
False,1.01,1.01,2.01,42.01,1.102897731395052
False,0.01,1.01,0.01,47.01,1.4716873842104314
True,1.01,1.01,0.01,57.01,0.9690211266161844
True,2.01,0.01,0.01,35.01,0.8541419361704166
True,0.01,2.01,0.01,39.01,0.9541811641964553
False,1.01,0.01,0.01,46.01,1.3509337009359306
True,1.01,1.01,1.01,50.01,1.1852129191757672
False,0.01,1.01,1.01,46.01,0.9077968824226277
False,1.01,0.01,1.01,35.01,1.4118914152481492
True,3.01,2.01,1.01,38.01,1.0793474939432512
True,0.01,5.01,0.01,37.01,0.7732159366183804
False,0.01,1.01,0.01,34.01,0.895483178232224
False,0.01,2.01,1.01,41.01,0.9587677687022055
True,0.01,0.01,1.01,41.01,1.1059860955546112
False,1.01,1.01,0.01,47.01,0.8670243244156287
True,0.01,6.01,1.01,39.01,1.614180109495456
True,2.01,7.01,0.01,35.01,1.4577255752755922
False,1.01,1.01,3.01,44.01,1.0166408713992747
False,4.01,2.01,0.01,36.01,0.5037555054857885
False,3.01,1.01,2.01,46.01,1.0805770988061643
False,5.01,6.01,3.01,42.01,0.8401398560589737
True,4.01,4.01,0.01,43.01,1.2045288977587456
False,4.01,2.01,1.01,33.01,0.9175779135622535
False,1.01,0.01,0.01,41.01,0.6417181930975849
True,0.01,0.01,1.01,37.01,0.7520829935191637
True,0.01,0.01,0.01,41.01,0.6464370985545692
False,0.01,1.01,1.01,43.01,0.6412673907247084
False,0.01,0.01,1.01,37.01,1.2450340739855732
False,0.01,0.01,0.01,43.01,1.2719409263703223
False,0.01,0.01,0.01,42.01,0.8748660101483227
False,0.01,1.01,2.01,42.01,1.0949520517037061
True,0.01,0.01,0.01,32.01,0.8867391730604705
True,0.01,0.01,1.01,42.01,0.8007788443274567
True,0.01,0.01,0.01,28.009999999999998,1.537649977126779
False,0.01,0.01,3.01,46.01,0.8739798361905226
False,0.01,0.01,0.01,34.01,1.257453439627612
False,0.01,0.01,0.01,39.01,1.0955978918373876
False,0.01,1.01,2.01,38.01,0.998636524889507
True,0.01,0.01,1.01,32.01,1.8429362869557495
True,0.01,0.01,2.01,39.01,0.8954508199136475
False,1.01,0.01,0.01,30.009999999999998,1.3429324220250618
False,0.01,0.01,0.01,41.01,0.602133446603234
False,2.01,0.01,1.01,45.01,1.0794982346909834
False,2.01,0.01,0.01,36.01,1.4823424789918516
True,0.01,1.01,1.01,35.01,0.7876680058736403
False,0.01,1.01,3.01,42.01,0.45624022525886576
False,0.01,3.01,1.01,37.01,0.8351289864844019
True,1.01,0.01,1.01,35.01,1.2864053308438912
False,1.01,3.01,1.01,39.01,0.7632280482280485
False,1.01,1.01,0.01,42.01,0.970437167552185
True,0.01,1.01,0.01,38.01,1.3617403672601551
True,2.01,2.01,1.01,34.01,1.4969971876438126
False,1.01,0.01,2.01,38.01,1.1123689426858208
True,1.01,0.01,3.01,36.01,1.2828449615733541
True,3.01,1.01,1.01,30.009999999999998,0.9064971073852653
True,2.01,0.01,2.01,39.01,0.6892791767287425
False,0.01,0.01,0.01,43.01,0.7008012476103824
False,0.01,0.01,0.01,45.01,0.926089290147739
False,1.01,0.01,0.01,30.009999999999998,0.8466632169432222
False,1.01,1.01,0.01,39.01,1.2170698234073558
False,0.01,0.01,2.01,30.009999999999998,1.5399056113467218
True,0.01,1.01,0.01,39.01,0.9080879281537177
False,1.01,0.01,1.01,35.01,0.9678645629867623
False,0.01,0.01,2.01,45.01,1.3206653053151787
False,1.01,0.01,2.01,50.01,0.47310124671088927
True,0.01,0.01,1.01,46.01,1.0840065163446115
True,0.01,0.01,1.01,40.01,1.3455221635657826
True,0.01,0.01,1.01,44.01,1.1051603984801381
False,0.01,0.01,0.01,45.01,0.9660516661957439
True,0.01,0.01,0.01,42.01,0.901081709903342
True,1.01,2.01,0.01,27.009999999999998,0.9851770246782683
True,0.01,0.01,1.01,46.01,1.4029583154982193
True,1.01,1.01,2.01,46.01,0.8937867592703187
True,0.01,0.01,2.01,50.01,0.9970392458633858
False,0.01,0.01,0.01,41.01,0.8874221168773562
False,0.01,0.01,1.01,50.01,1.1291126581873934
False,1.01,0.01,0.01,40.01,1.289524903972018
True,1.01,2.01,1.01,33.01,0.4416900419841596
False,0.01,1.01,2.01,45.01,1.0921778559630986
True,0.01,2.01,1.01,37.01,1.160018508914765
False,1.01,0.01,2.01,35.01,0.8050226250204389
False,0.01,0.01,2.01,33.01,0.5884601236984254
False,0.01,0.01,0.01,52.01,1.387191898739804
True,0.01,0.01,0.01,46.01,1.2574730333279085
True,0.01,0.01,1.01,38.01,0.7188834731788022
False,2.01,0.01,1.01,52.01,1.6465954428338325
False,2.01,2.01,1.01,28.009999999999998,0.8439297987890371
True,1.01,0.01,1.01,45.01,1.1530088649810908
False,3.01,2.01,2.01,30.009999999999998,1.7438651306791921
False,0.01,0.01,0.01,38.01,0.8503518535494468
False,0.01,1.01,2.01,41.01,0.7346107783316996
False,1.01,0.01,0.01,46.01,1.5061895341045923
False,0.01,0.01,1.01,33.01,1.4545870337118338
False,0.01,0.01,0.01,41.01,1.0944595011986065
True,2.01,2.01,1.01,30.009999999999998,0.7807061713574317
True,0.01,0.01,0.01,38.01,1.1783167084479707
False,0.01,0.01,0.01,45.01,1.1214575204148076
True,0.01,1.01,0.01,44.01,0.8109469683742399
True,0.01,0.01,0.01,52.01,1.0074169922186604
False,0.01,0.01,0.01,35.01,0.8450927827818906
False,0.01,0.01,0.01,42.01,0.7398159901101078
True,1.01,0.01,0.01,40.01,1.0285885094795397
False,0.01,0.01,3.01,39.01,1.1485490371788796
True,0.01,0.01,0.01,43.01,1.1149079229504846
False,1.01,1.01,1.01,43.01,0.5390826588139018
False,0.01,0.01,1.01,39.01,1.3032121730441475
True,0.01,0.01,1.01,35.01,0.5880493993267748
False,0.01,0.01,1.01,36.01,1.3859488916447016
False,0.01,0.01,1.01,36.01,1.4855574441856325
False,3.01,0.01,0.01,39.01,1.165357606933415
True,2.01,0.01,1.01,36.01,1.2596954546884582
False,0.01,0.01,0.01,42.01,0.5499927348471848
False,3.01,0.01,2.01,48.01,0.8834249929196631
True,1.01,0.01,3.01,41.01,1.1205901368810316
True,0.01,0.01,1.01,38.01,0.8360503682955168
False,0.01,0.01,2.01,37.01,1.0934236021307633
False,1.01,0.01,0.01,42.01,0.9887030206076282
True,2.01,0.01,0.01,36.01,1.2642207172196942
False,1.01,0.01,1.01,32.01,0.7846103096486727
True,0.01,0.01,2.01,32.01,2.056454987792551
True,1.01,0.01,4.01,43.01,2.02412422853998
True,2.01,0.01,4.01,39.01,1.0812065887131004
False,0.01,0.01,1.01,37.01,1.0756205685556899
True,0.01,0.01,1.01,41.01,0.5359809581314127
False,0.01,0.01,0.01,47.01,0.97499604047558
True,0.01,0.01,2.01,34.01,1.3294818959567838
True,1.01,0.01,0.01,38.01,0.6560061229108912
False,1.01,0.01,2.01,36.01,1.3883163133839382
False,0.01,0.01,0.01,58.01,1.0015623283439348
True,0.01,1.01,1.01,40.01,1.2722171730890641
False,0.01,0.01,0.01,40.01,1.0577773402977073
True,0.01,0.01,2.01,42.01,1.0937423861321258
True,0.01,0.01,2.01,41.01,1.2454485103217356
False,0.01,0.01,1.01,43.01,1.0797475970723092
True,0.01,0.01,0.01,33.01,0.6901036503153343
False,0.01,0.01,1.01,33.01,0.9040566206555153
True,0.01,0.01,1.01,45.01,0.8689737575409772
False,2.01,0.01,0.01,44.01,1.6839596787104283
True,0.01,0.01,0.01,37.01,0.9843708251387242
False,0.01,1.01,2.01,37.01,1.7545858116737492
False,0.01,0.01,1.01,44.01,1.0219779712705455
False,2.01,0.01,3.01,34.01,0.7336040203266841
True,0.01,1.01,4.01,39.01,1.1278398619212795
False,2.01,0.01,2.01,36.01,1.103457774781112
False,0.01,1.01,0.01,41.01,1.5179287969125064
False,0.01,1.01,2.01,38.01,1.4013660638740706
False,0.01,1.01,3.01,44.01,0.629749900349052
True,0.01,0.01,1.01,30.009999999999998,1.3416412871248653
True,0.01,3.01,2.01,26.009999999999998,1.2695753970132886
True,1.01,1.01,1.01,46.01,1.2505268113093029
False,1.01,0.01,4.01,49.01,1.4030138694366048
True,3.01,1.01,3.01,42.01,0.6410537466102024
True,2.01,3.01,1.01,36.01,1.1103091072677969
True,3.01,0.01,3.01,39.01,1.099359360969268
False,1.01,2.01,5.01,34.01,0.7620579264614259
False,0.01,0.01,0.01,47.01,1.113954431707667
True,0.01,1.01,2.01,37.01,0.8868766198837699
True,0.01,0.01,0.01,30.009999999999998,0.8603440173139483
False,0.01,0.01,2.01,34.01,0.23119964460910408
True,0.01,1.01,0.01,48.01,0.7663402396238191
False,0.01,0.01,1.01,42.01,0.8222416938365259
False,0.01,1.01,0.01,42.01,0.7678253310018603
False,1.01,0.01,2.01,38.01,0.9179432946679366
True,0.01,0.01,0.01,35.01,0.7660138108439614
False,1.01,0.01,1.01,42.01,0.31066116110127434
False,1.01,0.01,1.01,34.01,0.6206357600320449
False,0.01,0.01,0.01,35.01,0.988117444467559
False,0.01,0.01,1.01,43.01,0.8244651970060918
True,0.01,0.01,1.01,43.01,1.2111591824746426
False,0.01,0.01,0.01,48.01,0.7005931203299625
True,0.01,0.01,2.01,47.01,0.4518401887722374
True,1.01,0.01,1.01,33.01,1.0102701820979132
False,0.01,1.01,1.01,45.01,0.4898359201726457
False,0.01,0.01,1.01,47.01,0.8487281425941473
False,0.01,0.01,2.01,35.01,0.38698599143793505
False,0.01,0.01,0.01,38.01,1.002333582827083
True,0.01,0.01,0.01,48.01,0.5585437866910673
False,0.01,0.01,0.01,40.01,0.6954898126391817
True,1.01,0.01,0.01,42.01,1.6949342731647832
False,0.01,1.01,0.01,39.01,0.7099919553243847
True,1.01,1.01,1.01,47.01,1.1406522938614099
False,1.01,1.01,1.01,51.01,0.7925440762429049
False,0.01,1.01,0.01,37.01,1.0544189929684809
True,1.01,1.01,1.01,36.01,1.1212215244373815
False,0.01,1.01,1.01,36.01,1.1994027389888775
False,0.01,0.01,0.01,42.01,0.8236092035458055
False,2.01,1.01,2.01,58.01,1.7853395603491165
False,4.01,1.01,2.01,45.01,1.5810924139355873
True,0.01,0.01,2.01,52.01,1.1401962722660566
True,0.01,0.01,1.01,26.009999999999998,1.6517746190980755
False,1.01,1.01,1.01,40.01,0.8885571539955187
True,0.01,0.01,1.01,33.01,0.9908049715080336
True,0.01,1.01,0.01,57.01,0.9139289501425557
False,1.01,0.01,0.01,24.009999999999998,1.0030376337022955
True,0.01,0.01,1.01,33.01,0.8952291476573019
False,0.01,0.01,0.01,37.01,0.9823398390375475
True,0.01,0.01,1.01,39.01,1.2765840459434352
False,0.01,0.01,0.01,32.01,1.5309890524259169
False,0.01,0.01,0.01,39.01,1.059184045381774
True,2.01,0.01,2.01,36.01,0.838659764963469
False,1.01,0.01,0.01,45.01,0.9505409763327313
False,0.01,0.01,3.01,32.01,0.8032794059729501
False,0.01,0.01,0.01,42.01,1.1234192540309553
False,0.01,0.01,1.01,45.01,0.43047333198642523
True,1.01,1.01,0.01,38.01,1.111371204969603
False,0.01,0.01,0.01,42.01,0.8826671847763221
True,1.01,1.01,2.01,38.01,1.2349516285748963
False,0.01,0.01,1.01,47.01,0.7263028185684502
False,0.01,1.01,0.01,33.01,0.9768165113663534
True,1.01,1.01,1.01,47.01,1.8904617838396278
False,0.01,0.01,0.01,39.01,1.004740294329741
True,1.01,1.01,2.01,43.01,1.2159044343223828
True,1.01,2.01,0.01,31.009999999999998,1.5718775354502952
True,1.01,0.01,1.01,34.01,1.6948119614113641
False,0.01,0.01,2.01,34.01,1.6230764283798216
False,1.01,1.01,1.01,45.01,0.6949391841450111
False,2.01,3.01,5.01,46.01,1.684228026640061
False,0.01,1.01,4.01,42.01,1.1441115485073077
False,1.01,1.01,5.01,35.01,1.0303429334969583
True,3.01,3.01,2.01,44.01,1.0927065800773927
True,1.01,3.01,1.01,40.01,0.9687991291545524
True,0.01,0.01,0.01,47.01,1.2033516144203074
False,1.01,2.01,0.01,34.01,1.131066452374284
False,0.01,0.01,1.01,34.01,0.9407138519924637
False,0.01,0.01,2.01,32.01,1.4706742059207845
True,0.01,0.01,0.01,42.01,1.465031358228731
False,0.01,1.01,0.01,45.01,0.8605968429890403
False,0.01,0.01,0.01,40.01,0.5218025447543914
True,1.01,0.01,0.01,50.01,1.2266779916236605
False,1.01,0.01,1.01,40.01,0.7661499382648689
True,0.01,0.01,1.01,41.01,0.9754258898099016
True,1.01,0.01,0.01,41.01,1.5916930038018229
False,1.01,1.01,0.01,35.01,0.8248165445203114
False,1.01,0.01,0.01,38.01,0.730435659597804
True,0.01,0.01,1.01,37.01,1.069701676283285
True,0.01,0.01,0.01,40.01,1.0192983967846636
True,0.01,0.01,0.01,39.01,1.7934715298719766
True,0.01,1.01,0.01,35.01,0.9777700717638923
True,0.01,0.01,0.01,53.01,1.1389235390966022
False,1.01,0.01,1.01,38.01,0.6135694635232978
False,0.01,1.01,0.01,37.01,1.1744308812647644
True,0.01,1.01,1.01,46.01,1.536894318129958
False,0.01,2.01,1.01,37.01,0.9126246414000431
False,2.01,0.01,1.01,40.01,1.5569415030348586
False,0.01,0.01,0.01,55.01,1.2074302832688226
False,1.01,1.01,1.01,39.01,0.9297539195550066
False,0.01,0.01,3.01,42.01,1.1798232997286908
False,1.01,0.01,1.01,38.01,1.1653206018320224
False,1.01,0.01,1.01,31.009999999999998,0.8682580491361699
False,3.01,1.01,0.01,52.01,1.1626453440236335
False,0.01,0.01,0.01,32.01,0.7786829947299791
True,2.01,3.01,1.01,44.01,1.1591162220283113
True,2.01,1.01,3.01,42.01,1.3618349383278543
True,2.01,2.01,3.01,35.01,1.5227580238068676
True,0.01,0.01,0.01,26.009999999999998,0.9225290062345154
True,0.01,0.01,2.01,42.01,0.6316874567228679
False,0.01,0.01,1.01,31.009999999999998,0.7524482169028774
False,0.01,1.01,0.01,33.01,0.9270483133352379
False,0.01,0.01,1.01,40.01,1.0362138411553883
False,0.01,0.01,1.01,42.01,1.1001392376866146
False,0.01,0.01,1.01,38.01,0.583853346987829
True,0.01,0.01,1.01,35.01,1.1844685254413265
True,1.01,0.01,0.01,36.01,1.2831963828272044
True,0.01,0.01,0.01,35.01,0.8668132219198231
False,0.01,0.01,2.01,37.01,0.8202739677070525
False,2.01,0.01,0.01,48.01,0.9727128548149913
False,0.01,0.01,0.01,39.01,0.9729393720992754
True,0.01,0.01,0.01,31.009999999999998,0.9485035985582347
True,1.01,0.01,2.01,44.01,1.399467568250463
False,0.01,0.01,1.01,39.01,1.2491318518341679
False,1.01,0.01,2.01,27.009999999999998,1.111572804351753
True,0.01,1.01,0.01,31.009999999999998,1.424746057779984
True,0.01,0.01,2.01,44.01,1.130379810447446
False,0.01,0.01,1.01,27.009999999999998,1.4996055715376204
True,2.01,0.01,0.01,38.01,0.9517295355975073
False,0.01,2.01,1.01,50.01,0.4281279313989269
True,1.01,0.01,1.01,41.01,1.4950875935536179
True,2.01,2.01,1.01,43.01,1.3628657815391647
True,0.01,1.01,0.01,43.01,0.6131933590300416
False,0.01,2.01,1.01,35.01,0.7186971104668014
False,2.01,1.01,2.01,44.01,1.2424163260711663
True,2.01,3.01,1.01,48.01,0.48900175835313964
True,1.01,1.01,1.01,44.01,1.3938486810857718
True,1.01,3.01,2.01,44.01,1.0303260591575192
False,2.01,2.01,3.01,46.01,1.3945813567861758
False,3.01,2.01,2.01,37.01,1.0889454762959667
True,2.01,1.01,4.01,34.01,0.8170339807488146
True,0.01,0.01,0.01,38.01,1.2931769257680814
False,0.01,0.01,0.01,52.01,0.9085164165692924
True,0.01,0.01,0.01,37.01,1.0291381947746465
True,0.01,0.01,0.01,41.01,0.9489714824275666
False,0.01,0.01,3.01,39.01,0.4458487128838119
False,0.01,0.01,1.01,47.01,1.0666397715188038
True,0.01,1.01,1.01,43.01,1.0838570036840505
True,0.01,0.01,1.01,33.01,1.1215719712763859
False,0.01,0.01,2.01,46.01,1.365391975623472
True,0.01,1.01,0.01,44.01,0.8867912937600179
False,0.01,0.01,0.01,45.01,0.7310669634496733
False,0.01,0.01,2.01,30.009999999999998,0.5297710533456148
False,0.01,0.01,0.01,44.01,1.031066987596223
False,0.01,0.01,0.01,47.01,0.79720880884674
False,0.01,0.01,0.01,29.009999999999998,1.7800258704795908
True,0.01,0.01,0.01,44.01,1.1712319913606226
False,0.01,0.01,0.01,38.01,0.9621345609633234
False,1.01,2.01,0.01,48.01,1.2929449982313759
False,0.01,0.01,1.01,53.01,0.8297618143767067
True,0.01,2.01,1.01,33.01,0.6682038232194393
True,1.01,2.01,2.01,43.01,1.033485978938736
False,0.01,0.01,3.01,51.01,1.3856447280011337
False,1.01,0.01,1.01,47.01,0.6630829349479235
False,0.01,0.01,1.01,42.01,1.1796942683829834
True,0.01,1.01,3.01,35.01,1.397562732180563
False,0.01,1.01,1.01,33.01,1.256981166153573
False,1.01,0.01,2.01,30.009999999999998,0.6974144741406236
False,1.01,0.01,1.01,47.01,0.73055208461817
True,1.01,2.01,3.01,45.01,0.858910326236596
True,2.01,0.01,3.01,43.01,0.6797430367111218
True,2.01,0.01,2.01,29.009999999999998,1.3181933699378103
False,2.01,4.01,1.01,34.01,0.6685606266597782
True,1.01,0.01,4.01,44.01,1.4446867187966257
False,0.01,0.01,2.01,41.01,0.8463503619653503
False,0.01,0.01,0.01,44.01,1.0514303217983139
False,1.01,0.01,1.01,42.01,1.3790548092736565
True,1.01,0.01,1.01,57.01,1.1466750540914812
False,0.01,0.01,0.01,43.01,0.9240773058101603
False,0.01,0.01,1.01,38.01,0.4057973440608079
False,0.01,1.01,1.01,41.01,0.8118407162428094
True,0.01,0.01,0.01,44.01,0.7798003059855869
True,0.01,1.01,1.01,35.01,0.8870231957605873
False,0.01,0.01,0.01,39.01,0.7486223524924265
True,0.01,0.01,1.01,33.01,0.8704439908688978
True,1.01,0.01,0.01,45.01,1.5667229550951176
False,0.01,0.01,0.01,36.01,1.1899277770014862
False,0.01,0.01,0.01,31.009999999999998,1.060112050402298
True,0.01,0.01,1.01,33.01,0.8332926763013465
True,2.01,1.01,1.01,49.01,0.912664567550436
False,2.01,2.01,1.01,33.01,1.6437486625723285
False,2.01,0.01,0.01,43.01,0.8243883870541465
True,2.01,1.01,0.01,41.01,1.093269010270731
False,2.01,0.01,1.01,40.01,0.827105299911934
True,1.01,3.01,2.01,46.01,0.885246617619523
False,3.01,0.01,0.01,46.01,1.39205915833899
False,0.01,2.01,1.01,45.01,1.1478897755319353
True,5.01,0.01,1.01,43.01,1.2166892426799092
False,0.01,3.01,0.01,54.01,0.9054794640575743
True,3.01,1.01,0.01,36.01,1.7395654643233356
False,0.01,2.01,0.01,52.01,1.6025564397794796
False,1.01,1.01,2.01,41.01,1.1745077871735348
False,2.01,1.01,3.01,35.01,1.0760154395274575
True,3.01,4.01,2.01,43.01,1.081856826748131
True,7.01,5.01,2.01,34.01,1.5172816295002995
False,5.01,3.01,2.01,36.01,0.5760315386985021
True,7.01,4.01,2.01,50.01,0.8665640943745714
False,0.01,1.01,0.01,33.01,0.6282643765505778
False,0.01,0.01,0.01,35.01,0.7999635207665018
True,0.01,0.01,1.01,44.01,0.5150905336899125
True,1.01,1.01,1.01,39.01,0.6392705816552952
True,0.01,0.01,2.01,33.01,1.415487193239485
True,0.01,0.01,0.01,39.01,1.2534221815307007
False,0.01,0.01,0.01,40.01,0.7502487747942554
False,0.01,0.01,0.01,38.01,0.9380923149256168
True,0.01,1.01,1.01,50.01,0.8144077650044463
False,0.01,0.01,1.01,44.01,1.600331782479447
False,0.01,0.01,2.01,41.01,0.7683969301675876
False,0.01,0.01,0.01,37.01,0.8140882830401881
False,0.01,0.01,1.01,27.009999999999998,0.8167620113986638
True,1.01,0.01,0.01,40.01,1.0382551802871196
False,0.01,1.01,1.01,35.01,0.6385486212523882
True,0.01,0.01,4.01,38.01,0.7825717349377822
False,0.01,0.01,0.01,29.009999999999998,1.211510327397316
False,0.01,0.01,0.01,36.01,0.8459636017469684
False,0.01,0.01,0.01,42.01,0.753960515240579
True,0.01,0.01,1.01,35.01,0.6801361240465061
True,0.01,0.01,0.01,33.01,0.46472592125515666
False,0.01,0.01,2.01,52.01,0.48900339693611966
True,0.01,2.01,1.01,44.01,0.5988231213231213
True,1.01,2.01,1.01,43.01,0.947803785931494
False,1.01,2.01,3.01,36.01,1.0505531321441604
False,0.01,1.01,0.01,53.01,1.6491648986214396
False,1.01,1.01,0.01,42.01,1.6288267526674391
False,0.01,1.01,3.01,39.01,0.21757058167459806
True,1.01,0.01,1.01,38.01,1.2024043304036376
False,0.01,2.01,4.01,34.01,1.0516051782241567
False,0.01,0.01,1.01,35.01,1.094456827965161
False,1.01,1.01,2.01,32.01,1.1220032499209847
False,4.01,1.01,0.01,40.01,1.6075774994205219
False,0.01,0.01,2.01,41.01,0.8817890099469046
False,0.01,0.01,2.01,38.01,0.7731460322787059
False,0.01,0.01,1.01,40.01,0.7945292750110236
True,0.01,1.01,2.01,41.01,1.027677482090362
False,0.01,0.01,1.01,31.009999999999998,0.9323467567217568
False,0.01,0.01,0.01,49.01,1.3302854364174146
True,0.01,0.01,1.01,41.01,1.5862058668598917
True,0.01,0.01,1.01,32.01,1.676584912824203
False,1.01,1.01,0.01,41.01,0.9872762732609083
False,1.01,0.01,0.01,44.01,1.5614596587425045
False,0.01,0.01,2.01,42.01,0.8727702636696324
False,1.01,0.01,0.01,36.01,1.4182163964715782
True,1.01,0.01,1.01,35.01,0.8342343046502636
True,0.01,0.01,0.01,36.01,0.6740647619117284
False,0.01,1.01,2.01,44.01,0.6909705263688258
False,1.01,0.01,0.01,37.01,0.8786266418719901
False,1.01,1.01,0.01,36.01,0.6529904693062588
False,1.01,0.01,3.01,27.009999999999998,1.0000109018650574
False,0.01,0.01,0.01,40.01,1.6694210005025942
True,0.01,1.01,3.01,46.01,0.744044006310159
False,0.01,2.01,1.01,36.01,0.890834773400696
True,1.01,0.01,1.01,47.01,1.0749510547304664
True,2.01,1.01,2.01,43.01,1.0125703332307108
True,1.01,0.01,1.01,28.009999999999998,1.34404473454218
False,1.01,0.01,1.01,43.01,0.8792516468629844
True,0.01,0.01,2.01,46.01,0.8200041703715624
False,1.01,0.01,1.01,46.01,0.5194641765781668
True,0.01,0.01,1.01,36.01,0.9152023833883146
True,2.01,0.01,2.01,46.01,2.2238171432565217
True,2.01,0.01,3.01,40.01,1.2139919778077672
False,2.01,1.01,2.01,47.01,1.5294837780156858
False,2.01,2.01,2.01,49.01,1.8144816035595746
True,2.01,0.01,1.01,49.01,0.872222825253118
False,0.01,0.01,0.01,55.01,0.5756497301098632
False,0.01,0.01,0.01,41.01,0.9640636810008512
False,0.01,0.01,0.01,46.01,0.6405973685797196
True,0.01,0.01,2.01,46.01,0.6316921238468113
False,1.01,0.01,0.01,24.009999999999998,1.0476480801595218
False,1.01,0.01,0.01,38.01,0.7652840434419381
False,0.01,0.01,0.01,35.01,1.121843202879301
False,0.01,0.01,0.01,42.01,0.9826859663333857
False,0.01,0.01,2.01,34.01,0.9697430143963743
True,1.01,0.01,2.01,39.01,1.2742598499510112
False,0.01,0.01,1.01,35.01,1.2778704176044602
False,0.01,0.01,0.01,41.01,0.7862460496671193
True,0.01,0.01,1.01,30.009999999999998,1.268187050115229
False,0.01,0.01,0.01,44.01,0.9169419981600289
True,1.01,0.01,1.01,51.01,0.2856304754756767
False,1.01,0.01,1.01,46.01,0.9172171513443637
False,0.01,0.01,2.01,50.01,0.8078862170311123
True,1.01,0.01,1.01,29.009999999999998,1.5947950361613796
False,1.01,2.01,2.01,34.01,1.9866489146337107
True,1.01,0.01,1.01,40.01,1.5430986132840352
True,3.01,2.01,1.01,44.01,0.8043539925155494
False,0.01,1.01,1.01,24.009999999999998,0.9860032356306921
True,1.01,2.01,0.01,37.01,0.7129932074408915
False,0.01,0.01,0.01,37.01,1.7288197031498957
True,0.01,2.01,1.01,35.01,0.6840533096025087
True,1.01,1.01,1.01,41.01,0.9753572455264705
True,2.01,3.01,0.01,51.01,1.4812542468482732
False,2.01,1.01,3.01,50.01,1.0005094241507284
True,2.01,2.01,0.01,42.01,0.8098068546611176
False,1.01,1.01,3.01,47.01,1.1551219394247287
False,1.01,2.01,2.01,42.01,0.9575854256346246
True,2.01,1.01,1.01,40.01,1.3518370298977875
False,4.01,2.01,1.01,36.01,1.4808561559256224
True,0.01,0.01,0.01,37.01,0.7792761516593025
False,0.01,0.01,1.01,41.01,0.74264167439777
True,1.01,0.01,2.01,39.01,0.9361428693168417
False,0.01,0.01,2.01,41.01,1.6823565460351504
True,1.01,0.01,2.01,32.01,1.4527480851100694
False,1.01,0.01,3.01,48.01,1.118863389480394
True,1.01,0.01,2.01,35.01,1.7421913844776822
True,0.01,0.01,0.01,38.01,1.2660083227848515
True,0.01,0.01,0.01,46.01,0.7717115949352792
True,2.01,1.01,0.01,37.01,0.7727203745974152
False,0.01,0.01,0.01,46.01,0.7109112233011403
False,0.01,1.01,0.01,46.01,0.7382472615327709
False,1.01,0.01,0.01,38.01,0.7257014515613941
False,1.01,0.01,1.01,54.01,1.0088511940854084
False,0.01,0.01,0.01,30.009999999999998,1.3088819765305797
False,0.01,0.01,1.01,40.01,0.9796937526494915
True,1.01,1.01,1.01,48.01,0.9913437412404872
True,0.01,0.01,1.01,29.009999999999998,1.417378351137843
False,1.01,1.01,1.01,41.01,1.004361347333627
True,0.01,4.01,1.01,35.01,1.066358315623581
False,3.01,1.01,1.01,43.01,1.5647916042478112
False,4.01,0.01,0.01,42.01,1.1116891588549342
False,3.01,0.01,0.01,44.01,1.3957056854055323
True,0.01,2.01,2.01,44.01,0.9298100219247377
False,3.01,3.01,2.01,44.01,0.6979438173304803
False,2.01,2.01,1.01,44.01,1.0462846054164527
True,0.01,1.01,1.01,37.01,1.1034766965719782
False,1.01,0.01,1.01,41.01,0.7333094874474185
False,0.01,2.01,3.01,41.01,1.2468262464179491
False,1.01,1.01,0.01,40.01,1.2410418786001463
False,3.01,8.01,1.01,41.01,0.884236243916114
False,3.01,5.01,4.01,35.01,1.2403372189547988
False,1.01,0.01,2.01,37.01,1.0143120168000703
True,0.01,0.01,0.01,35.01,1.248651754775126
False,1.01,0.01,0.01,40.01,1.2211959644686408
False,0.01,0.01,1.01,39.01,0.5515614518759722
True,0.01,0.01,0.01,40.01,0.685115747106224
True,0.01,0.01,1.01,30.009999999999998,1.1812789038859228
False,0.01,0.01,2.01,48.01,0.6595386205863641
True,0.01,0.01,2.01,41.01,0.9203242724715076
True,1.01,0.01,1.01,32.01,0.7181020425033029
True,0.01,0.01,1.01,41.01,0.8310489796404992
True,2.01,0.01,0.01,38.01,1.073908233990568
False,1.01,0.01,2.01,44.01,0.6598910176483083
False,1.01,1.01,0.01,44.01,1.0962646544330585
False,0.01,0.01,1.01,36.01,0.7400309496576511
True,2.01,0.01,0.01,48.01,1.0121559050970816
False,1.01,0.01,1.01,41.01,1.2136438884556697
False,1.01,0.01,1.01,33.01,0.9398951285268259
False,0.01,0.01,1.01,38.01,1.1082914050093773
False,0.01,1.01,2.01,39.01,1.1932675988096135
False,0.01,0.01,1.01,40.01,0.5828058821359997
False,1.01,0.01,1.01,43.01,0.9228955466138846
False,1.01,0.01,0.01,42.01,1.2097927612272477
True,2.01,2.01,2.01,43.01,0.44997497203920994
False,2.01,1.01,1.01,39.01,1.0811865608288145
False,2.01,1.01,0.01,27.009999999999998,0.9170637792443385
True,1.01,0.01,1.01,39.01,1.582581801733172
False,0.01,1.01,0.01,46.01,1.3681473505675956
True,1.01,0.01,0.01,33.01,0.44937668297188416
True,1.01,0.01,3.01,34.01,1.4580900778538375
True,2.01,5.01,0.01,33.01,0.6959359924762918
False,1.01,0.01,1.01,41.01,0.6892506518560674
False,3.01,3.01,1.01,40.01,1.0607908159356916
False,0.01,2.01,1.01,33.01,1.1498152173244802
True,2.01,0.01,2.01,36.01,0.6217928644498093
False,0.01,1.01,2.01,33.01,0.5228313747604529
False,0.01,0.01,0.01,40.01,1.1215895610670226
True,0.01,2.01,1.01,42.01,0.8194171857989136
False,0.01,1.01,1.01,46.01,1.4053536400144504
False,0.01,0.01,0.01,40.01,0.8020404694837636
False,0.01,0.01,1.01,45.01,0.5705419661696669
False,0.01,0.01,2.01,33.01,0.9242622618907486
True,1.01,0.01,1.01,32.01,0.5078404171772967
True,1.01,0.01,0.01,45.01,0.9697086572466649
False,0.01,0.01,2.01,42.01,0.902056937603067
False,1.01,0.01,2.01,40.01,0.9792795326523613
False,1.01,0.01,1.01,36.01,0.715064885456342
True,1.01,1.01,2.01,46.01,0.7599735577368875
True,0.01,0.01,0.01,46.01,1.5565826642431968
True,1.01,1.01,0.01,40.01,0.8034448055141372
True,0.01,0.01,0.01,33.01,0.9906176229748634
True,1.01,2.01,1.01,52.01,0.9554447816743759
False,1.01,1.01,3.01,43.01,1.2037712207032158
False,0.01,3.01,0.01,46.01,0.45427269663083436
False,0.01,0.01,1.01,52.01,0.7305771333228098
False,0.01,2.01,0.01,39.01,1.0209452313391147
False,1.01,1.01,1.01,48.01,0.6581269744329274
True,1.01,0.01,3.01,35.01,1.5197164785763142
False,1.01,0.01,1.01,41.01,1.1850765914255263
True,2.01,2.01,0.01,39.01,0.5960531985057601
True,0.01,3.01,1.01,39.01,1.9742151966349966
False,3.01,0.01,0.01,36.01,1.303418544176869
True,2.01,1.01,2.01,38.01,0.8452630476901035
True,3.01,2.01,0.01,40.01,1.5004977714858108
False,3.01,1.01,3.01,48.01,0.9052014329074326
False,2.01,3.01,1.01,41.01,1.2726940662738353
False,0.01,1.01,0.01,32.01,0.5953390267727836
False,1.01,3.01,0.01,36.01,0.7911213997435019
True,0.01,0.01,0.01,31.009999999999998,1.3161278179804432
False,0.01,0.01,2.01,40.01,1.042880252356419
False,0.01,0.01,2.01,33.01,0.7911499481496466
False,0.01,0.01,2.01,41.01,1.0390543255158533
True,0.01,0.01,1.01,34.01,0.7909105147646676
True,0.01,0.01,1.01,38.01,0.6840244852849637
False,0.01,0.01,0.01,37.01,0.7733565599054729
True,0.01,0.01,0.01,43.01,0.8482273321121079
True,0.01,0.01,0.01,38.01,0.8181571417302185
False,0.01,0.01,0.01,33.01,1.3938478594462833
True,0.01,0.01,0.01,35.01,0.9925690538364063
False,0.01,1.01,0.01,53.01,0.8595536339614674
False,0.01,0.01,2.01,37.01,0.7480689859544525
False,1.01,0.01,1.01,45.01,1.4314110811503933
True,0.01,0.01,0.01,45.01,1.0018174379016394
False,1.01,0.01,0.01,43.01,0.989980630689747
True,0.01,0.01,0.01,44.01,0.4966682469338875
False,0.01,1.01,1.01,42.01,1.4084073649584874
False,0.01,0.01,1.01,46.01,1.235127994684063
False,0.01,0.01,0.01,45.01,1.2081449365802817
True,0.01,0.01,1.01,36.01,0.8291872756949987
True,0.01,0.01,0.01,40.01,0.790129657979648
False,0.01,0.01,2.01,33.01,1.5529214817333254
False,2.01,1.01,1.01,32.01,1.1701714877098508
False,1.01,1.01,1.01,43.01,0.8888365500900189
True,0.01,1.01,2.01,44.01,0.7171785655225038
False,1.01,0.01,0.01,45.01,0.8781567764086405
True,3.01,0.01,1.01,33.01,1.3982770710549188
False,0.01,0.01,2.01,39.01,0.9094423830798174
True,0.01,2.01,1.01,35.01,0.7295531219987741
False,0.01,5.01,1.01,40.01,1.2771665604836884
False,2.01,2.01,3.01,34.01,0.8665062346735471
False,1.01,0.01,3.01,38.01,1.1777965399996475
False,0.01,0.01,0.01,46.01,1.4339253663484157
True,0.01,1.01,3.01,42.01,0.6679460230743242
True,0.01,0.01,0.01,43.01,0.9141221220737441
False,0.01,0.01,0.01,34.01,0.8522714002631003
True,0.01,0.01,1.01,34.01,0.699936771438274
True,0.01,0.01,3.01,45.01,0.8372875845137507
True,0.01,0.01,1.01,35.01,0.9245176121838323
False,0.01,0.01,0.01,36.01,0.4500077825088976
True,0.01,2.01,1.01,43.01,0.7089271992184696
True,0.01,0.01,0.01,47.01,0.9347826721781831
False,0.01,0.01,0.01,44.01,0.9135431549083624
False,0.01,0.01,1.01,39.01,0.9104266336927626
False,0.01,2.01,1.01,36.01,0.8830443776496408
False,0.01,1.01,1.01,36.01,0.9724431188854534
True,0.01,0.01,1.01,29.009999999999998,0.7730661687240634
False,0.01,0.01,1.01,44.01,0.9502580825535292
False,0.01,0.01,1.01,44.01,0.7947725857036596
False,1.01,0.01,1.01,46.01,0.7852774564716911
True,0.01,0.01,2.01,38.01,0.5512130250554511
False,0.01,0.01,1.01,35.01,1.0142162523006175
False,2.01,0.01,1.01,37.01,0.8340659559425029
False,0.01,2.01,2.01,34.01,1.7196534725950454
False,0.01,1.01,0.01,42.01,1.2964897946784604
False,0.01,1.01,1.01,40.01,0.4920580760800515
True,0.01,1.01,0.01,42.01,1.1141004851553025
True,3.01,2.01,1.01,48.01,0.8403670989417834
True,3.01,0.01,3.01,43.01,1.3180668987114543
False,0.01,2.01,3.01,28.009999999999998,1.8247016138395449
False,1.01,2.01,3.01,36.01,1.1281952654288072
False,0.01,1.01,1.01,58.01,0.9667347885152351
True,5.01,1.01,4.01,37.01,0.9662217236392886
False,3.01,0.01,3.01,33.01,1.0158134337255231
True,0.01,0.01,2.01,40.01,1.2279123300446826
True,0.01,0.01,2.01,45.01,0.5196108483694543
False,0.01,0.01,0.01,45.01,0.6359078889749218
True,1.01,0.01,4.01,41.01,1.2676626538329827
False,0.01,0.01,0.01,45.01,0.621301913917175
False,0.01,0.01,0.01,37.01,0.961272805813479
False,0.01,1.01,0.01,39.01,0.8141248270666057
True,0.01,0.01,0.01,35.01,1.131198441264447
True,1.01,1.01,1.01,31.009999999999998,0.8400373524065521
True,0.01,0.01,2.01,37.01,0.9062397455097566
True,1.01,0.01,2.01,45.01,1.1647986379536575
True,0.01,1.01,0.01,38.01,0.8237302017534933
False,1.01,0.01,0.01,40.01,0.8875840897710366
False,0.01,0.01,0.01,39.01,0.8561050583876672
False,0.01,1.01,2.01,40.01,1.0877400864321856
False,0.01,0.01,0.01,45.01,1.0200433599698489
False,1.01,0.01,2.01,40.01,1.404766016803493
True,1.01,1.01,1.01,45.01,1.1035716780800031
False,2.01,0.01,0.01,36.01,0.8770184912049275
False,1.01,0.01,0.01,29.009999999999998,0.9750016333005319
False,0.01,0.01,1.01,37.01,0.8614386792048522
True,2.01,1.01,1.01,43.01,1.4031780828972875
False,0.01,0.01,0.01,35.01,0.7329990821783768
False,1.01,2.01,1.01,42.01,0.6062872315936892
False,1.01,0.01,1.01,41.01,0.7430792979254073
False,0.01,1.01,0.01,37.01,1.3117879010203572
False,2.01,0.01,3.01,39.01,1.0082009425759426
True,1.01,0.01,0.01,32.01,1.2661113129678088
True,3.01,0.01,0.01,30.009999999999998,0.7287962235492964
True,4.01,2.01,1.01,35.01,1.0138641228500023
False,2.01,0.01,4.01,47.01,0.8675064548977592
True,3.01,0.01,2.01,34.01,1.0292622573504926
False,3.01,1.01,1.01,63.01,1.3571898154643462
True,1.01,1.01,3.01,32.01,1.2986975347308949
False,0.01,0.01,1.01,38.01,0.8374810675013514
True,0.01,1.01,1.01,30.009999999999998,0.7934004564615375
False,0.01,0.01,0.01,48.01,0.8675040161899953
True,0.01,1.01,0.01,50.01,0.9849777824977326
False,0.01,0.01,0.01,46.01,1.0220906748310363
False,1.01,0.01,0.01,36.01,1.1627241289127845
False,0.01,0.01,0.01,43.01,1.3779115843190215
True,0.01,0.01,0.01,45.01,1.328871884709142
True,0.01,2.01,0.01,46.01,1.0657786593707135
False,0.01,0.01,0.01,36.01,0.9064826481296187
True,0.01,0.01,0.01,42.01,0.9622992346238193
True,2.01,1.01,1.01,36.01,0.7918290865478427
True,0.01,0.01,0.01,33.01,1.0342693317206189
False,3.01,0.01,0.01,39.01,1.2557328135005095
True,1.01,1.01,1.01,31.009999999999998,0.5264396961151123
True,0.01,2.01,0.01,48.01,0.8250243282756371
False,0.01,1.01,0.01,35.01,0.7097408475952356
True,0.01,1.01,2.01,50.01,0.861789610896542
False,0.01,2.01,2.01,46.01,0.8803205692442502
True,0.01,2.01,0.01,42.01,1.3133488753772244
False,0.01,0.01,1.01,40.01,1.2951860354940776
False,0.01,2.01,0.01,38.01,0.866655600594379
False,1.01,0.01,0.01,34.01,0.9241109661762849
False,2.01,3.01,1.01,48.01,0.9676723951043456
True,1.01,0.01,1.01,48.01,1.1011956886518486
False,5.01,2.01,1.01,35.01,1.4436358857909588
False,4.01,3.01,0.01,40.01,0.5296026221181867
False,2.01,0.01,2.01,41.01,0.7682251082251084
False,2.01,3.01,1.01,45.01,0.5762527035485293
False,3.01,1.01,1.01,48.01,1.018828954956352
True,2.01,4.01,1.01,42.01,0.8639250793270572
False,5.01,3.01,1.01,44.01,1.1371569641644794
False,4.01,2.01,1.01,41.01,0.9388939924977199
True,0.01,0.01,0.01,36.01,1.7614859943977526
False,0.01,0.01,4.01,33.01,1.6214939740999486
False,0.01,0.01,0.01,45.01,0.6142062077356196
False,0.01,0.01,0.01,43.01,0.5419241164845385
True,0.01,0.01,0.01,35.01,0.7175594233377725
True,0.01,0.01,1.01,39.01,0.7652717322782477
False,0.01,0.01,1.01,36.01,0.9530992019030651
False,1.01,0.01,1.01,42.01,0.45178561296900094
False,0.01,0.01,1.01,44.01,1.0472491316811805
True,0.01,1.01,0.01,43.01,1.0054521637680631
False,0.01,0.01,0.01,34.01,0.8061375526778004
True,0.01,1.01,0.01,38.01,1.2661722990847286
False,0.01,1.01,0.01,39.01,1.5686124568436888
True,0.01,1.01,0.01,37.01,0.861046947038425
False,0.01,0.01,1.01,43.01,1.0380091441261257
False,0.01,3.01,1.01,37.01,0.8363432522425154
True,0.01,0.01,1.01,35.01,0.6765179907475304
True,0.01,0.01,2.01,41.01,1.4114461628235901
False,0.01,1.01,0.01,37.01,0.7280123826612408
True,0.01,2.01,0.01,30.009999999999998,1.5085134632763944
False,1.01,0.01,1.01,45.01,1.170295236203427
True,1.01,1.01,2.01,45.01,1.6768650223007482
True,1.01,1.01,1.01,37.01,0.4244885371558799
False,0.01,2.01,1.01,32.01,1.1279931295050902
False,2.01,0.01,1.01,43.01,1.0023144476690666
False,2.01,3.01,1.01,42.01,1.0968082628274658
True,0.01,0.01,3.01,42.01,1.1207144770912687
False,1.01,0.01,2.01,33.01,1.4493972648673148
False,2.01,1.01,1.01,26.009999999999998,1.226049107700321
True,2.01,1.01,3.01,37.01,0.9128538962860125
True,2.01,3.01,1.01,36.01,1.5979808456171856
False,2.01,1.01,3.01,45.01,1.1970396827739136
False,2.01,3.01,1.01,36.01,1.8945828682763548
False,0.01,0.01,1.01,39.01,0.6312210599627947
False,0.01,0.01,1.01,47.01,0.8016428415913648
True,1.01,0.01,1.01,33.01,1.0922356680040337
True,1.01,0.01,0.01,48.01,1.2024462069180684
True,0.01,0.01,0.01,45.01,1.132143648225242
True,0.01,0.01,1.01,44.01,1.5802969828297664
False,0.01,0.01,0.01,38.01,1.0889714636229773
False,0.01,0.01,0.01,42.01,0.8927275428937834
False,0.01,0.01,0.01,36.01,0.9700924191538209
True,0.01,0.01,0.01,37.01,0.6122993844744506
True,0.01,0.01,3.01,37.01,0.8422206553549527
False,0.01,0.01,0.01,24.009999999999998,0.9169615370898264
False,0.01,0.01,0.01,31.009999999999998,1.0869687817251814
False,0.01,2.01,1.01,44.01,1.1167338781075278
False,1.01,1.01,2.01,35.01,0.7537932157752603
False,0.01,1.01,2.01,38.01,0.7553383180214794
False,1.01,0.01,1.01,44.01,0.8291620047518384
True,0.01,1.01,0.01,47.01,0.8571428696233533
True,0.01,1.01,0.01,35.01,1.462710837567248
False,0.01,0.01,0.01,31.009999999999998,0.9231773047252053
True,0.01,0.01,0.01,50.01,0.8477001704690579
False,1.01,0.01,2.01,42.01,1.0271548876053207
False,1.01,0.01,0.01,58.01,0.592119608123037
True,0.01,0.01,3.01,28.009999999999998,0.8155776939753585
False,0.01,3.01,1.01,39.01,1.2002304419953829
True,1.01,1.01,0.01,39.01,1.3003550353964732
False,1.01,0.01,0.01,43.01,0.8349402415597345
False,1.01,1.01,0.01,29.009999999999998,0.6940668558866325
True,3.01,0.01,0.01,35.01,1.6243873460981335
True,1.01,1.01,6.01,33.01,0.9907641491155939
False,0.01,1.01,2.01,35.01,1.5298279879574939
False,3.01,0.01,0.01,43.01,1.3748828890867655
False,3.01,0.01,2.01,42.01,0.9661710804993854
False,0.01,1.01,0.01,34.01,1.4747989794640701
True,0.01,0.01,0.01,45.01,1.2218276550937606
True,0.01,0.01,2.01,29.009999999999998,1.0448061860976243
False,0.01,0.01,0.01,36.01,0.8842207168678274
True,0.01,0.01,1.01,32.01,0.8379285275467416
False,1.01,0.01,1.01,35.01,1.012176894625314
True,1.01,0.01,1.01,42.01,1.1138394974623638
False,0.01,1.01,1.01,42.01,0.6608606861548038
False,0.01,0.01,1.01,46.01,0.9994373288733477
True,0.01,1.01,1.01,42.01,1.392812303945709
False,0.01,1.01,0.01,26.009999999999998,0.9703126056501341
True,0.01,2.01,2.01,44.01,0.5982187412330693
True,0.01,1.01,3.01,34.01,0.6722141737189877
False,0.01,0.01,0.01,29.009999999999998,0.8415991666200837
False,2.01,1.01,3.01,42.01,1.5806031374342195
False,0.01,2.01,1.01,39.01,1.3160615804651803
True,0.01,1.01,0.01,34.01,1.2633135964569229
False,3.01,0.01,1.01,34.01,1.023613472287831
False,1.01,1.01,1.01,47.01,0.944042135837635
False,1.01,0.01,1.01,41.01,1.2471570643265943
True,0.01,0.01,1.01,41.01,2.0384716175226116
False,1.01,1.01,0.01,39.01,2.112761880943168
False,0.01,1.01,2.01,42.01,0.697261373979385
True,0.01,0.01,0.01,34.01,1.2589824578069155
False,1.01,1.01,1.01,37.01,1.4209374169654032
True,0.01,1.01,0.01,43.01,1.039461829145374
False,4.01,2.01,1.01,41.01,1.6664142968430813
True,5.01,1.01,2.01,41.01,1.3064477692223688
False,0.01,0.01,2.01,45.01,1.039255891007924
True,2.01,5.01,2.01,47.01,0.9400419609630135
False,0.01,3.01,0.01,46.01,1.3387959812125547
False,3.01,3.01,2.01,34.01,0.8209932301645597
False,4.01,3.01,1.01,33.01,0.6670584431273661
False,0.01,0.01,0.01,44.01,1.3769677732487275
False,0.01,0.01,0.01,39.01,0.887627862128842
True,0.01,1.01,0.01,37.01,1.5196123420345804
False,0.01,0.01,1.01,41.01,0.5975327576078973
False,0.01,0.01,0.01,43.01,0.84247697044142
False,1.01,0.01,0.01,48.01,1.4286469100666523
False,0.01,0.01,0.01,44.01,0.6409033011607598
False,1.01,0.01,1.01,32.01,0.903403203949153
False,0.01,0.01,0.01,36.01,0.971915200913648
True,0.01,1.01,0.01,38.01,0.9610534351730352
False,0.01,0.01,0.01,47.01,1.0060855449843191
False,0.01,0.01,0.01,29.009999999999998,1.127760314924095
False,0.01,0.01,1.01,31.009999999999998,0.885324029083347
False,1.01,0.01,1.01,28.009999999999998,1.3626482043479324
False,0.01,1.01,1.01,24.009999999999998,0.8653115147782963
True,0.01,0.01,1.01,49.01,0.9346763867782367
False,0.01,0.01,0.01,44.01,0.9531104102759614
True,0.01,0.01,0.01,38.01,0.5749156005800071
False,2.01,0.01,0.01,41.01,1.2198251566220812
False,0.01,0.01,1.01,45.01,1.3403702022583774
False,0.01,1.01,0.01,41.01,0.523885384450194
False,0.01,0.01,0.01,36.01,1.1847159820522308
False,0.01,1.01,0.01,35.01,0.7488030884907569
True,1.01,0.01,2.01,39.01,0.8673350740328177
False,1.01,1.01,0.01,38.01,0.9109097993127326
True,2.01,1.01,0.01,23.009999999999998,1.5161314463089313
True,1.01,0.01,0.01,35.01,1.5710009552875972
True,1.01,0.01,0.01,33.01,1.000415363161405
False,1.01,0.01,1.01,32.01,1.4937208025556592
False,1.01,1.01,5.01,32.01,1.0677517169700512
True,0.01,2.01,1.01,38.01,0.8281373223114865
False,0.01,0.01,1.01,41.01,0.9957242696244032
False,2.01,2.01,0.01,53.01,1.361579259891032
True,0.01,0.01,0.01,27.009999999999998,1.2784077911673863
False,0.01,1.01,0.01,33.01,0.8360198701866848
False,0.01,0.01,0.01,41.01,0.782858310509565
True,0.01,0.01,0.01,41.01,1.0359751578830525
False,0.01,1.01,0.01,39.01,1.0043351459438485
False,2.01,0.01,1.01,39.01,0.5680782180332722
False,0.01,0.01,0.01,38.01,0.9577103297314592
False,0.01,0.01,1.01,34.01,1.1031194951245964
True,0.01,1.01,1.01,41.01,1.0706088333110633
False,0.01,0.01,2.01,33.01,1.064560723877506
True,0.01,0.01,1.01,49.01,0.4519179828232443
False,1.01,0.01,1.01,41.01,0.5779002120321676
True,0.01,1.01,1.01,37.01,0.5663972395871086
False,0.01,2.01,0.01,42.01,1.0237122870202486
True,1.01,0.01,0.01,37.01,0.9564358497823366
False,0.01,1.01,0.01,45.01,0.9242178402931415
True,0.01,0.01,4.01,34.01,1.336543372251784
False,0.01,2.01,1.01,39.01,0.8876547904331381
True,0.01,0.01,0.01,36.01,1.216995809153691
False,1.01,1.01,1.01,44.01,0.9259990550074297
False,1.01,0.01,0.01,45.01,0.7571206114544515
False,0.01,0.01,1.01,40.01,0.9516546989302408
True,0.01,0.01,1.01,38.01,1.0019173822078529
True,0.01,2.01,0.01,26.009999999999998,1.5188935635270313
False,0.01,1.01,1.01,48.01,0.3992624900146589
False,1.01,0.01,1.01,41.01,0.6977125052596231
False,1.01,1.01,2.01,43.01,0.9094053048649897
False,1.01,1.01,2.01,37.01,0.6546936949878126
True,2.01,0.01,2.01,43.01,1.349918596686142
False,2.01,0.01,0.01,32.01,0.9815295779748571
False,3.01,1.01,2.01,39.01,0.7176050395613464
False,3.01,1.01,2.01,46.01,0.9597569055411912
False,4.01,1.01,2.01,46.01,1.6987936102948216
True,0.01,1.01,2.01,34.01,1.1464021309270425
False,2.01,0.01,2.01,48.01,1.0273809154280928
False,0.01,0.01,1.01,37.01,0.714139914218829
False,1.01,1.01,1.01,38.01,1.0943645856911872
False,0.01,3.01,0.01,39.01,1.216222545477999
True,2.01,3.01,1.01,43.01,0.5600375209186494
True,1.01,1.01,2.01,55.01,0.6811454781716713
True,0.01,1.01,2.01,49.01,1.8535850303793817
False,0.01,1.01,0.01,42.01,1.2196008428354639
False,3.01,2.01,0.01,34.01,0.7862330398688878
False,0.01,0.01,1.01,38.01,0.9710508752957264
False,0.01,0.01,0.01,37.01,1.1602545851138235
False,1.01,1.01,0.01,36.01,0.9252707004286516
False,0.01,2.01,0.01,44.01,1.1258597314208327
True,0.01,1.01,1.01,41.01,1.007063285815516
True,1.01,0.01,2.01,44.01,1.5089410695679681
False,1.01,0.01,1.01,32.01,1.1016875530764947
True,0.01,0.01,0.01,34.01,0.6736958209886806
True,1.01,2.01,2.01,36.01,0.8527324755747361
False,1.01,2.01,2.01,36.01,0.7730863263650094
False,1.01,2.01,1.01,34.01,0.9661983467324095
False,1.01,2.01,1.01,47.01,0.5478133995476309
False,2.01,0.01,3.01,34.01,1.2257012579607944
False,2.01,2.01,1.01,38.01,0.7886603498266848
False,1.01,2.01,1.01,38.01,0.8777243869269995
True,1.01,0.01,1.01,38.01,1.9647414386305893
True,0.01,2.01,0.01,38.01,1.2312108350291069
False,2.01,2.01,1.01,35.01,0.5472359900561201
True,1.01,0.01,1.01,35.01,1.0415923459507004
True,1.01,3.01,0.01,37.01,1.3480378918509262
False,0.01,4.01,1.01,42.01,1.5773185674598658
True,4.01,5.01,2.01,34.01,1.195006790595026
False,0.01,0.01,1.01,49.01,0.6932474876734702
False,0.01,1.01,2.01,39.01,0.5456717536977329
False,0.01,0.01,0.01,46.01,1.177639799784391
False,0.01,0.01,3.01,38.01,1.067437570678746
False,0.01,0.01,0.01,40.01,0.8236702997983334
False,1.01,0.01,0.01,46.01,1.0085835918205697
True,0.01,0.01,3.01,45.01,1.0509235781072843
False,0.01,0.01,0.01,38.01,0.5293994296478768
True,0.01,0.01,1.01,42.01,0.6962610134026423
True,0.01,0.01,0.01,48.01,0.6662412801953329
True,0.01,1.01,0.01,36.01,0.7443774156419986
True,0.01,0.01,1.01,47.01,1.2663007437625469
True,0.01,0.01,0.01,41.01,0.7183638350271644
False,0.01,1.01,0.01,46.01,1.0947734537697196
False,0.01,0.01,0.01,43.01,0.9803861574887502
False,0.01,0.01,1.01,53.01,1.1945227236193625
False,0.01,0.01,0.01,45.01,0.6815198865114322
False,0.01,0.01,1.01,40.01,1.052242522113459
True,0.01,0.01,2.01,40.01,1.098939439723314
True,0.01,1.01,1.01,32.01,1.1795552031456642
False,2.01,0.01,0.01,33.01,0.6753331882510931
False,0.01,1.01,0.01,48.01,1.2093568097449714
True,0.01,0.01,1.01,26.009999999999998,0.9444763830329528
False,0.01,0.01,1.01,51.01,0.6908288267460093
False,0.01,1.01,1.01,42.01,0.6184984530371341
False,0.01,0.01,2.01,43.01,0.8462862848212505
False,0.01,2.01,1.01,36.01,0.7885278352762686
False,0.01,0.01,1.01,36.01,1.4028493831831539
True,0.01,0.01,2.01,30.009999999999998,1.0695698228786463
True,1.01,0.01,2.01,49.01,0.5957380265181481
False,1.01,0.01,0.01,38.01,1.1117482520866424
True,3.01,0.01,1.01,34.01,1.6607637244817082
False,2.01,0.01,2.01,49.01,1.5050584442032737
False,0.01,2.01,0.01,38.01,0.9897512425655729
True,0.01,0.01,2.01,41.01,1.151577723204192
False,0.01,0.01,0.01,44.01,0.5804010700292165
False,0.01,0.01,0.01,35.01,0.958998188220661
True,0.01,0.01,1.01,39.01,1.4577745621901064
False,0.01,0.01,1.01,40.01,0.8663727584214433
True,0.01,0.01,0.01,40.01,0.9095385785174113
False,0.01,0.01,1.01,42.01,0.6383697069535844
False,1.01,0.01,0.01,32.01,0.7688292490651488
False,0.01,0.01,0.01,35.01,0.9779414847895126
False,0.01,0.01,1.01,38.01,0.9026951271271756
False,0.01,0.01,0.01,24.009999999999998,1.5745103742254805
True,0.01,1.01,3.01,38.01,0.9568655951251891
True,0.01,0.01,1.01,37.01,1.2285186324411448
False,0.01,1.01,1.01,33.01,1.1063875382208401
False,0.01,1.01,2.01,42.01,0.7897193362247346
False,0.01,1.01,1.01,40.01,0.9324790020337627
True,0.01,0.01,1.01,33.01,1.00790587394208
False,0.01,0.01,1.01,39.01,0.5225307176769816
False,1.01,0.01,2.01,37.01,1.188800263204288
False,0.01,0.01,1.01,43.01,0.5774270681623623
True,1.01,1.01,2.01,39.01,0.6648200742244096
True,0.01,0.01,1.01,39.01,0.7544938394938394
False,0.01,0.01,1.01,44.01,1.0926239387519712
False,0.01,1.01,2.01,31.009999999999998,0.6658037281365787
False,0.01,0.01,1.01,31.009999999999998,1.3513841837510807
True,0.01,0.01,1.01,34.01,0.5898552708303347
True,1.01,1.01,0.01,39.01,1.1243729700006708
True,0.01,1.01,1.01,39.01,1.2239491199510848
True,0.01,1.01,2.01,48.01,0.7081906685073166
False,2.01,0.01,1.01,40.01,0.8534900382530068
False,0.01,0.01,2.01,31.009999999999998,0.9436435636960846
True,2.01,0.01,0.01,40.01,1.2009887536360269
True,0.01,0.01,0.01,40.01,0.6064959879588362
True,0.01,1.01,2.01,46.01,1.2059770135160723
False,0.01,0.01,1.01,33.01,0.7218225675333972
False,0.01,0.01,1.01,45.01,0.5455157779993909
True,0.01,0.01,1.01,43.01,1.1315253606874498
False,0.01,1.01,1.01,33.01,1.3169058889404337
False,1.01,0.01,2.01,51.01,1.0545785561466718
False,0.01,0.01,0.01,33.01,1.183020181936794
False,0.01,0.01,0.01,41.01,0.8714438377498482
False,0.01,0.01,0.01,46.01,1.3119624402246353
True,0.01,0.01,1.01,45.01,1.0214260073460504
False,0.01,0.01,1.01,33.01,0.745100920212086
False,0.01,0.01,0.01,50.01,1.2646338228599898
False,0.01,0.01,0.01,48.01,1.4137590429605975
True,0.01,0.01,1.01,30.009999999999998,1.3020493455038404
False,2.01,0.01,0.01,48.01,0.7626010694027512
False,0.01,0.01,1.01,55.01,1.104363406207043
True,1.01,0.01,2.01,38.01,1.0291863455367762
False,0.01,0.01,3.01,40.01,1.2481702069566096
False,0.01,0.01,2.01,38.01,1.3780414134925483
False,1.01,0.01,0.01,48.01,0.947607727127291
True,0.01,5.01,0.01,40.01,1.2147011960971916
True,1.01,0.01,1.01,48.01,0.9127058078931649
True,0.01,2.01,1.01,38.01,1.3720161886073434
False,0.01,2.01,3.01,46.01,1.3208707258582226
True,1.01,2.01,0.01,50.01,0.6442046210113916
False,1.01,4.01,3.01,44.01,1.6213125193878088
True,4.01,1.01,2.01,44.01,1.6541380964942893
True,1.01,1.01,1.01,53.01,0.9030346697976904
True,3.01,3.01,4.01,37.01,1.1316437461174302
True,2.01,6.01,1.01,47.01,0.888662677192089
False,3.01,4.01,1.01,39.01,1.5920149877545602
True,3.01,2.01,2.01,43.01,0.8015103790788846
False,0.01,0.01,0.01,29.009999999999998,1.1633207954054647
True,0.01,0.01,0.01,43.01,0.8693515110971534
True,0.01,1.01,1.01,42.01,0.6774080463586666
True,0.01,0.01,2.01,29.009999999999998,1.284958485438025
False,0.01,0.01,1.01,38.01,0.8171326191582649
False,0.01,0.01,0.01,36.01,0.8635927463727596
False,0.01,0.01,0.01,49.01,0.54613953290846
True,0.01,0.01,0.01,36.01,0.9257293662306554
True,1.01,0.01,1.01,39.01,0.8778402471357757
True,0.01,0.01,0.01,38.01,1.0881880514154167
False,0.01,0.01,1.01,35.01,0.6528963389586454
True,0.01,0.01,0.01,45.01,0.620227300232854
False,0.01,0.01,2.01,32.01,0.5229113253928873
False,1.01,0.01,0.01,27.009999999999998,1.2471896072610082
False,0.01,0.01,0.01,37.01,0.578640694331563
False,0.01,1.01,0.01,32.01,0.5805138669759909
False,0.01,0.01,0.01,40.01,1.2569447746625118
False,1.01,1.01,2.01,39.01,1.1507451691988857
False,0.01,0.01,0.01,48.01,0.5165296763510343
True,1.01,0.01,2.01,37.01,0.9854837632682226
False,0.01,0.01,1.01,43.01,0.484059387788896
False,2.01,0.01,0.01,37.01,0.9027987463896803
True,0.01,1.01,1.01,50.01,1.1446173248316929
False,1.01,1.01,2.01,43.01,0.43576366770601105
False,0.01,0.01,0.01,49.01,0.6520639249487294
False,2.01,1.01,0.01,40.01,1.355670031663835
False,1.01,2.01,1.01,29.009999999999998,0.5880314168516328
True,0.01,0.01,1.01,43.01,0.36618681234172784
False,0.01,0.01,4.01,37.01,0.5791081729799424
True,1.01,1.01,3.01,37.01,1.716654512115038
True,0.01,1.01,0.01,41.01,1.630590897204578
True,0.01,3.01,2.01,40.01,1.001293083745068
False,1.01,0.01,2.01,36.01,0.9758772065581237
False,0.01,0.01,0.01,32.01,0.8822493519903781
False,0.01,0.01,1.01,41.01,1.0072404142382523
False,0.01,1.01,2.01,51.01,0.7015505303663198
True,1.01,0.01,0.01,50.01,1.1380456735265037
False,0.01,1.01,1.01,38.01,1.200824373572606
False,0.01,0.01,0.01,31.009999999999998,1.3191937616815728
False,0.01,1.01,1.01,50.01,0.8956500901715612
False,0.01,0.01,2.01,43.01,1.118906274576861
True,0.01,0.01,3.01,42.01,0.7615948583101625
True,0.01,1.01,0.01,43.01,1.3011129207371404
False,0.01,0.01,0.01,43.01,1.0435771815567212
False,0.01,0.01,0.01,36.01,1.1382999355318364
False,0.01,1.01,0.01,40.01,1.3631473524822826
True,0.01,0.01,0.01,36.01,1.0617488982781336
False,1.01,0.01,1.01,34.01,1.152586972714115
False,2.01,1.01,0.01,48.01,1.082043214434519
False,0.01,1.01,0.01,46.01,0.7580213589674807
False,0.01,0.01,1.01,45.01,1.0551717333723118
True,0.01,1.01,1.01,37.01,0.7955224501290273
True,0.01,0.01,2.01,44.01,1.0251576247273075
False,0.01,0.01,1.01,44.01,1.1934522483497731
True,2.01,2.01,1.01,41.01,1.5944265481152813
True,0.01,1.01,1.01,38.01,0.5926054735192745
True,0.01,0.01,0.01,46.01,0.7767146099326951
False,4.01,2.01,1.01,43.01,1.3099692093135233
False,0.01,1.01,2.01,38.01,1.6683700486711315
False,4.01,0.01,2.01,39.01,0.7908483801952928
False,1.01,0.01,0.01,38.01,1.2910013426629063
False,2.01,1.01,3.01,48.01,0.677282073599246
True,2.01,2.01,4.01,37.01,0.8666282024574667
False,0.01,0.01,1.01,33.01,0.9047050195706607
True,2.01,1.01,4.01,36.01,1.1232486174782814
False,2.01,4.01,1.01,36.01,0.8281877825611316
True,1.01,0.01,0.01,52.01,0.46829177644967124
False,1.01,0.01,1.01,51.01,0.9619856245911935
False,0.01,0.01,0.01,30.009999999999998,0.6527546936426459
False,0.01,0.01,0.01,38.01,0.790734189008668
True,1.01,0.01,1.01,32.01,1.151079121551189
True,0.01,0.01,0.01,40.01,1.0194742147010751
False,0.01,0.01,1.01,42.01,0.6395394076429544
False,1.01,0.01,0.01,35.01,1.0401619577470025
False,1.01,1.01,0.01,29.009999999999998,0.4131238623598947
False,1.01,1.01,0.01,29.009999999999998,1.0979482766591184
False,0.01,0.01,0.01,40.01,0.9472451613810096
True,0.01,1.01,1.01,41.01,0.9937094046701155
True,1.01,0.01,2.01,37.01,1.2669036495413737
True,0.01,0.01,0.01,28.009999999999998,1.15518275835534
False,0.01,0.01,0.01,39.01,0.8624740990470593
False,1.01,0.01,0.01,40.01,0.8539516790597309
True,0.01,1.01,1.01,40.01,1.1969072535158252
True,1.01,1.01,3.01,33.01,1.5991301540528489
True,0.01,0.01,1.01,37.01,0.7166993238974344
False,0.01,0.01,1.01,41.01,1.0584534377602084
True,2.01,1.01,0.01,34.01,1.1332347769787208
False,1.01,0.01,0.01,50.01,0.8100771738581336
True,0.01,0.01,1.01,34.01,0.7243462531620428
False,2.01,2.01,1.01,38.01,0.7537969639067743
False,2.01,4.01,3.01,39.01,0.7881207019999902
True,2.01,0.01,4.01,30.009999999999998,1.2693637338221009
True,1.01,0.01,1.01,36.01,0.6424865177349649
False,1.01,2.01,1.01,51.01,0.6693660093930744
False,0.01,2.01,3.01,31.009999999999998,0.30827063201676197
False,1.01,4.01,0.01,29.009999999999998,0.7620828195120638
False,3.01,2.01,2.01,50.01,0.925084275449703
False,1.01,1.01,1.01,46.01,0.44004975778869715
False,1.01,1.01,3.01,38.01,0.9917407133397441
True,1.01,0.01,0.01,23.009999999999998,1.4325469578586816
False,0.01,1.01,0.01,44.01,1.3913631083548628
True,0.01,0.01,0.01,47.01,0.7271032873631761
True,2.01,0.01,1.01,37.01,0.7782560000747172
False,0.01,0.01,0.01,41.01,0.821374005671039
True,1.01,0.01,1.01,53.01,0.41323367698479196
False,0.01,0.01,0.01,45.01,0.7871867159328458
True,0.01,0.01,0.01,35.01,1.2290323613371115
True,0.01,0.01,1.01,40.01,1.2477468750827114
True,0.01,1.01,1.01,31.009999999999998,0.7912980064834285
False,0.01,0.01,1.01,37.01,1.1182877646618419
True,0.01,0.01,1.01,40.01,0.7236738986301374
False,0.01,0.01,0.01,37.01,0.9557942706717293
False,0.01,1.01,1.01,36.01,1.0623628742492524
True,0.01,0.01,2.01,36.01,1.132196244050559
False,0.01,0.01,2.01,41.01,0.6463848519611393
False,0.01,0.01,0.01,45.01,1.2765791698841236
True,0.01,0.01,2.01,45.01,0.9947162106380293
False,3.01,2.01,1.01,50.01,1.4419763611596044
False,1.01,1.01,1.01,37.01,1.0182305050310818
False,0.01,0.01,0.01,41.01,0.7194938786176566
True,0.01,2.01,1.01,37.01,1.2010658717759486
False,0.01,3.01,0.01,45.01,0.9131120400542305
True,1.01,3.01,1.01,28.009999999999998,1.0031381785425904
False,2.01,3.01,1.01,45.01,0.8037685671556639
True,4.01,1.01,3.01,43.01,0.9904412471954914
False,1.01,0.01,2.01,33.01,1.0508120886638934
False,5.01,2.01,3.01,45.01,1.2776822117999105
True,4.01,1.01,2.01,48.01,0.9736477231158083
True,2.01,0.01,1.01,38.01,1.0894182873342464
False,6.01,6.01,5.01,36.01,0.8466174232899936
False,3.01,1.01,5.01,45.01,1.0722112530364907
True,3.01,0.01,3.01,46.01,1.0744717629487734
False,1.01,1.01,0.01,38.01,1.2583154213916854
True,0.01,0.01,1.01,41.01,1.0490583411046999
False,0.01,0.01,1.01,43.01,1.1753184534064998
True,0.01,0.01,0.01,40.01,0.721858850976498
False,0.01,0.01,1.01,43.01,0.9437186322797346
True,0.01,0.01,0.01,48.01,1.161273374923015
True,0.01,0.01,2.01,40.01,0.7099042351983527
False,1.01,1.01,0.01,42.01,1.0239649272255453
True,0.01,0.01,2.01,32.01,0.883519516042611
False,1.01,0.01,1.01,36.01,1.1301684689184688
False,0.01,0.01,1.01,31.009999999999998,0.9762621602882404
False,0.01,0.01,0.01,31.009999999999998,1.1311675169359312
False,0.01,1.01,2.01,37.01,0.9101121264593608
True,0.01,0.01,0.01,37.01,1.4229997456231143
False,0.01,0.01,0.01,29.009999999999998,1.449561337355455
True,0.01,0.01,0.01,42.01,1.5668008677587815
False,0.01,0.01,1.01,48.01,0.900208045778698
False,0.01,0.01,1.01,56.01,0.6170933697487161
True,0.01,1.01,1.01,47.01,0.7510029201888645
False,0.01,0.01,0.01,47.01,0.7683687382124338
False,0.01,0.01,0.01,42.01,0.5153968748034593
False,1.01,0.01,0.01,42.01,0.858951505627202
False,0.01,0.01,3.01,26.009999999999998,1.1006846648835191
False,1.01,1.01,0.01,35.01,1.209314629139857
False,1.01,2.01,0.01,46.01,0.9908045412786434
True,0.01,2.01,4.01,33.01,0.9622183597207618
True,0.01,1.01,2.01,34.01,1.1124759180067945
False,1.01,1.01,1.01,37.01,0.6246043039076254
False,2.01,1.01,1.01,40.01,0.7278332359598346
True,0.01,1.01,1.01,35.01,0.8491000323531979
False,0.01,2.01,3.01,40.01,0.41126162946947675
False,0.01,1.01,0.01,35.01,1.444669745971928
False,0.01,2.01,1.01,41.01,0.6871351571569169
False,0.01,0.01,0.01,41.01,0.9285666358304564
True,1.01,0.01,2.01,40.01,0.7350572719959377
True,0.01,2.01,0.01,32.01,0.539883212398688
False,0.01,1.01,0.01,39.01,1.0708516029891295
False,0.01,2.01,0.01,49.01,1.2874911749524558
False,0.01,0.01,1.01,40.01,0.49854383643176753
False,2.01,0.01,0.01,31.009999999999998,0.763811854334731
True,0.01,1.01,1.01,40.01,1.4092150625874134
True,1.01,0.01,0.01,42.01,1.0272005301227616
False,0.01,0.01,1.01,44.01,0.9158666580294602
False,0.01,0.01,0.01,31.009999999999998,1.2899763035842045
False,0.01,0.01,0.01,33.01,0.6861486805918454
True,0.01,1.01,0.01,37.01,1.3507125111668337
False,1.01,0.01,0.01,48.01,0.5927546191483113
False,2.01,1.01,2.01,36.01,0.9599413339349014
False,1.01,0.01,0.01,37.01,0.9890496472481766
False,1.01,0.01,0.01,39.01,0.722304543105815
True,2.01,0.01,2.01,37.01,1.2137802713515586
True,1.01,1.01,3.01,37.01,1.1946705637734045
False,0.01,1.01,0.01,50.01,1.3004888290687502
False,1.01,1.01,0.01,44.01,1.0462830557657297
True,0.01,0.01,2.01,44.01,1.3760167333127151
False,1.01,2.01,0.01,53.01,1.0571010266967042
False,3.01,3.01,1.01,43.01,0.8067520697371315
True,1.01,2.01,0.01,40.01,1.2533649381113297
False,1.01,1.01,1.01,30.009999999999998,0.9551650781960808
False,2.01,1.01,1.01,38.01,1.1254577953752423
False,1.01,1.01,3.01,41.01,1.367946048513792
True,1.01,4.01,2.01,47.01,0.740878667119617
True,1.01,2.01,1.01,45.01,1.6867517040942952
False,3.01,1.01,2.01,44.01,0.8897954159367201
False,1.01,3.01,1.01,56.01,1.7331396927415528
False,1.01,2.01,3.01,37.01,1.7888535416578013
True,0.01,0.01,0.01,37.01,0.968084282676519
True,0.01,0.01,0.01,40.01,0.6543454009636837
False,0.01,0.01,0.01,49.01,1.0474496119008694
True,0.01,0.01,0.01,39.01,1.118179385011104
True,0.01,1.01,0.01,38.01,1.0031097011825245
False,0.01,0.01,0.01,55.01,0.6175121825406427
False,0.01,0.01,0.01,33.01,1.4368507165965607
True,1.01,0.01,2.01,37.01,0.9048460403515051
True,0.01,0.01,3.01,35.01,0.9186212574079107
False,0.01,2.01,1.01,37.01,0.5807600285405895
True,0.01,0.01,1.01,45.01,0.8105830346074925
True,0.01,0.01,1.01,39.01,0.8243917498698515
False,0.01,0.01,0.01,35.01,1.2897891957197172
True,0.01,1.01,1.01,35.01,1.0756522179485193
False,0.01,0.01,3.01,42.01,1.261328271694918
False,0.01,1.01,0.01,46.01,0.7151011461305579
False,1.01,0.01,0.01,51.01,0.5938340172825082
False,0.01,1.01,1.01,54.01,0.9848687749119934
False,0.01,0.01,0.01,43.01,0.6485241660558986
False,1.01,1.01,0.01,42.01,0.46291039618028973
False,1.01,0.01,1.01,59.01,1.2428982765273293
False,0.01,0.01,3.01,58.01,0.7128590669063813
False,1.01,0.01,0.01,44.01,0.5289181533135558
True,0.01,0.01,0.01,44.01,0.9529669522896808
True,0.01,0.01,0.01,41.01,0.6175876371345469
True,1.01,1.01,0.01,44.01,0.6881604145240201
False,0.01,4.01,1.01,33.01,0.8639915566097343
False,2.01,1.01,1.01,50.01,1.1528584414568397
False,0.01,1.01,4.01,40.01,0.7712246514188954
False,2.01,0.01,3.01,47.01,1.317741415053135
True,1.01,1.01,0.01,37.01,0.9847589602990744
False,0.01,1.01,2.01,36.01,0.3635969777349088
False,1.01,0.01,5.01,32.01,1.3236289460846526
True,0.01,0.01,1.01,33.01,0.8824316417966304
True,1.01,0.01,0.01,40.01,1.2310702011328643
False,0.01,1.01,0.01,33.01,1.483303190059393
False,0.01,1.01,2.01,33.01,0.90688664684565
False,0.01,0.01,0.01,39.01,1.3606665262646052
False,0.01,0.01,1.01,35.01,1.1079496633584596
True,1.01,0.01,0.01,36.01,1.1763523033005716
False,2.01,1.01,0.01,42.01,0.9219596029975056
True,0.01,0.01,1.01,34.01,0.510057880524023
False,0.01,0.01,1.01,29.009999999999998,0.9323077222307453
False,0.01,1.01,1.01,41.01,0.8387699078245406
False,0.01,0.01,0.01,46.01,0.9633693043193461
False,0.01,1.01,0.01,42.01,0.7366182007486354
True,0.01,0.01,0.01,43.01,1.1833232498673678
False,1.01,0.01,1.01,37.01,1.5126104511212666
True,0.01,0.01,0.01,35.01,1.5571470547314372
False,0.01,0.01,1.01,38.01,0.9212432919229592
False,0.01,0.01,1.01,34.01,0.8941652973364174
True,1.01,2.01,1.01,39.01,1.5622077749094054
False,0.01,3.01,0.01,36.01,1.1576599208495428
True,0.01,0.01,0.01,32.01,1.445613863653653
True,2.01,1.01,4.01,36.01,1.495417842764729
True,2.01,0.01,0.01,28.009999999999998,0.942014226412404
False,1.01,0.01,1.01,42.01,0.873188588760462
False,1.01,4.01,1.01,44.01,0.8342822331238808
True,3.01,5.01,1.01,35.01,0.6279471449173516
False,1.01,0.01,1.01,34.01,1.1373935993866067
False,1.01,0.01,2.01,39.01,0.9366701264534906
False,4.01,1.01,1.01,28.009999999999998,1.1943667256792463
False,1.01,0.01,2.01,45.01,0.43911198375964827
True,2.01,5.01,2.01,43.01,1.2401260376035628
False,1.01,0.01,4.01,43.01,1.314809697710756
False,5.01,1.01,2.01,33.01,0.7613424677762245
False,0.01,0.01,2.01,42.01,1.2867247175723164
False,0.01,0.01,1.01,54.01,1.3532013311181736
False,0.01,0.01,2.01,48.01,1.551837357961046
False,0.01,0.01,2.01,52.01,1.181142894213289
True,1.01,0.01,1.01,32.01,1.017219099345733
True,0.01,0.01,2.01,46.01,0.9034837298546106
True,0.01,0.01,1.01,51.01,0.3806563891281729
True,0.01,0.01,1.01,38.01,0.2778905030298219
True,0.01,1.01,0.01,38.01,0.7320506890273883
True,0.01,1.01,0.01,40.01,0.7540663813078421
False,0.01,0.01,1.01,42.01,0.6278129047372482
False,0.01,1.01,0.01,40.01,1.1230397034580115
False,0.01,0.01,0.01,41.01,0.7191493986504928
False,0.01,0.01,1.01,44.01,1.4248083640370746
True,1.01,0.01,2.01,45.01,1.1861754805658982
False,0.01,0.01,0.01,47.01,0.8473092451218323
False,0.01,0.01,0.01,50.01,0.9999398670777577
False,0.01,0.01,2.01,38.01,0.8711422917277175
False,2.01,0.01,0.01,47.01,0.8100493131137436
True,1.01,0.01,1.01,35.01,0.849733700379103
False,0.01,0.01,1.01,31.009999999999998,0.8463826509684211
True,1.01,0.01,2.01,54.01,1.1548814885790175
False,0.01,1.01,1.01,52.01,0.7084294115371169
False,1.01,0.01,0.01,34.01,0.8911342533455076
True,0.01,0.01,0.01,41.01,1.050178393045847
False,1.01,0.01,2.01,38.01,0.7968053487430469
False,3.01,0.01,3.01,42.01,1.1632002122100706
False,1.01,0.01,2.01,50.01,0.875787694967216
True,1.01,1.01,0.01,24.009999999999998,0.9895276286408834
True,0.01,2.01,1.01,46.01,0.8804525115733242
True,1.01,1.01,0.01,42.01,0.8317713950684403
False,0.01,1.01,1.01,33.01,0.981542156645246
False,2.01,2.01,3.01,37.01,1.214501022051374
False,0.01,0.01,0.01,36.01,1.2546987106312073
True,0.01,0.01,1.01,44.01,0.7764279403234039
True,0.01,0.01,0.01,35.01,0.7955764291911999
False,0.01,0.01,0.01,45.01,0.7828250087493648
True,0.01,0.01,1.01,28.009999999999998,0.5779590913578163
False,0.01,0.01,0.01,41.01,1.1369156458026846
True,0.01,0.01,1.01,39.01,0.7216390034950204
True,0.01,0.01,1.01,39.01,1.189220996260056
False,0.01,1.01,0.01,38.01,0.8682894329627858
False,0.01,0.01,0.01,32.01,0.6932133745157496
False,1.01,0.01,0.01,44.01,1.8953098629121594
True,0.01,0.01,0.01,27.009999999999998,1.0183026570719742
False,1.01,1.01,0.01,39.01,0.867644644913232
False,0.01,2.01,0.01,42.01,1.367809810100165
True,1.01,1.01,0.01,43.01,0.9307389675102193
False,0.01,0.01,1.01,37.01,0.7548690707374152
False,0.01,1.01,0.01,43.01,0.8343407863030465
True,1.01,1.01,0.01,32.01,0.9780010928603887
False,0.01,0.01,0.01,39.01,0.8257847364112835
True,0.01,0.01,1.01,34.01,1.7685756936684554
False,1.01,0.01,2.01,40.01,0.9890702398734688
True,0.01,0.01,2.01,31.009999999999998,0.4250932342106735
False,0.01,0.01,2.01,47.01,0.8054153077623549
False,0.01,0.01,1.01,30.009999999999998,0.5641280144712896
False,0.01,1.01,1.01,45.01,0.835834679218054
False,2.01,3.01,1.01,44.01,0.9755631432765686
False,0.01,0.01,1.01,39.01,0.9360073892862246
True,0.01,3.01,0.01,42.01,0.9236224575726949
False,1.01,2.01,3.01,38.01,0.8632098109645044
False,2.01,0.01,3.01,55.01,0.4308111110992768
True,5.01,1.01,5.01,41.01,0.6866370800041977
True,1.01,0.01,1.01,39.01,1.134893862970127
True,3.01,1.01,2.01,35.01,1.2142456221027649
False,0.01,0.01,0.01,31.009999999999998,0.9663366381782781
True,0.01,0.01,1.01,39.01,0.8456501720649525
True,0.01,0.01,0.01,29.009999999999998,1.1639274434510802
False,0.01,0.01,0.01,28.009999999999998,0.8247224504484792
False,1.01,0.01,0.01,28.009999999999998,0.8126239495615518
True,0.01,0.01,2.01,30.009999999999998,0.9243152605371732
False,0.01,0.01,0.01,39.01,1.1806632465065634
True,0.01,0.01,2.01,44.01,0.6212646376035394
False,0.01,0.01,0.01,34.01,1.0605824527625056
False,0.01,0.01,0.01,43.01,0.9093521219787708
True,1.01,1.01,3.01,43.01,1.2793096894249703
False,0.01,1.01,0.01,46.01,0.3877193410344366
True,0.01,0.01,0.01,36.01,1.174089570744648
False,0.01,0.01,0.01,39.01,0.92332420513458
True,0.01,0.01,3.01,35.01,1.0117169509072175
True,0.01,0.01,1.01,50.01,1.5208104231944406
False,1.01,0.01,0.01,49.01,0.7119449753127396
True,0.01,0.01,1.01,33.01,0.9136410682869326
False,0.01,0.01,1.01,54.01,1.1504673676553139
False,0.01,0.01,0.01,30.009999999999998,0.9753900156928839
True,0.01,1.01,0.01,34.01,0.5835535067677907
False,0.01,3.01,1.01,31.009999999999998,0.9911552817044809
True,1.01,0.01,0.01,44.01,0.7615958574148229
False,0.01,0.01,0.01,34.01,0.5619509567264986
True,1.01,0.01,3.01,35.01,0.6307582117119285
False,0.01,0.01,1.01,30.009999999999998,1.1859936517078666
False,1.01,1.01,0.01,48.01,1.094874339846457
False,1.01,1.01,1.01,42.01,0.8007869320483737
False,0.01,0.01,2.01,29.009999999999998,0.8967377855338682
False,2.01,1.01,2.01,56.01,0.7601472736492384
True,0.01,1.01,1.01,26.009999999999998,0.6510588023088023
False,0.01,0.01,3.01,36.01,0.8570024340135715
False,1.01,3.01,3.01,34.01,0.6392385839966486
False,1.01,1.01,1.01,35.01,0.6486508216847092
True,0.01,0.01,1.01,44.01,0.772350482256748
True,0.01,0.01,0.01,36.01,0.7911180194074929
False,1.01,0.01,1.01,32.01,0.8322179089695624
True,1.01,0.01,0.01,41.01,0.6405592287132529
False,0.01,0.01,0.01,39.01,1.2031449345789693
False,1.01,1.01,3.01,56.01,1.1375613434395209
False,0.01,0.01,0.01,37.01,0.8386541818701401
False,0.01,0.01,0.01,39.01,0.8005390270062632
False,0.01,0.01,0.01,30.009999999999998,1.0391750974375806
True,0.01,0.01,1.01,34.01,1.1734441658450663
False,0.01,0.01,0.01,34.01,0.833364619837477
False,0.01,0.01,1.01,55.01,1.2554876248495006
False,0.01,0.01,1.01,35.01,0.8798298733363628
True,0.01,0.01,1.01,39.01,0.7581254711788519
False,1.01,0.01,0.01,52.01,1.027100118073606
False,1.01,0.01,0.01,34.01,0.31297318565622934
True,1.01,0.01,1.01,38.01,1.3892595912311057
True,0.01,1.01,1.01,37.01,0.6790743295250796
True,1.01,1.01,1.01,35.01,1.0194672645270184
True,0.01,0.01,1.01,34.01,0.9751610859207731
True,1.01,1.01,2.01,43.01,0.7561832824782868
False,2.01,0.01,0.01,36.01,0.4144787213130866
False,0.01,1.01,1.01,35.01,0.6028574797208074
True,0.01,3.01,0.01,50.01,1.1452312648809022
True,2.01,2.01,2.01,40.01,0.8770657066360776
False,2.01,2.01,0.01,24.009999999999998,0.9079529389571337
True,3.01,1.01,0.01,38.01,1.1744073991094113
False,1.01,0.01,3.01,38.01,1.621262145260654
False,2.01,0.01,4.01,45.01,1.0470046823517256
True,2.01,1.01,1.01,35.01,0.7840191304890798
False,0.01,1.01,2.01,43.01,1.3320521392810214
False,3.01,1.01,1.01,42.01,0.9737211465267057
False,0.01,0.01,0.01,37.01,1.2432396959232994
False,0.01,0.01,0.01,46.01,1.0277836864009002
False,0.01,0.01,0.01,41.01,0.9325694331862318
False,0.01,0.01,1.01,43.01,0.8044284392628938
True,0.01,1.01,0.01,44.01,0.7901499063517087
True,0.01,0.01,0.01,46.01,0.9012670112319423
True,0.01,0.01,1.01,36.01,0.8278243168423971
False,0.01,0.01,0.01,41.01,0.7178439594100449
False,1.01,1.01,1.01,42.01,0.7897031162477959
False,2.01,0.01,1.01,38.01,0.7969205535238264
False,0.01,1.01,0.01,44.01,0.592487043521503
False,1.01,1.01,1.01,41.01,0.9419423014544968
False,0.01,0.01,2.01,38.01,1.0708788208223072
True,0.01,0.01,0.01,37.01,0.7326230995541636
True,0.01,1.01,1.01,47.01,1.5846017968491253
False,0.01,0.01,0.01,40.01,1.053209019455915
False,0.01,0.01,1.01,41.01,0.9234246148891593
False,0.01,0.01,0.01,46.01,1.037963418889183
False,1.01,0.01,0.01,46.01,0.6330503714909216
False,0.01,1.01,1.01,43.01,1.1690850366528085
False,0.01,1.01,0.01,32.01,0.8722201032425184
True,1.01,0.01,2.01,42.01,1.390269385869063
True,0.01,1.01,0.01,36.01,0.8496304506779807
False,2.01,0.01,2.01,46.01,1.0212443031613725
True,0.01,0.01,0.01,47.01,1.3026302214975283
True,0.01,1.01,1.01,28.009999999999998,0.8617533057799862
False,1.01,0.01,2.01,41.01,1.2779483928850055
True,0.01,1.01,2.01,38.01,1.4083037585529001
False,0.01,1.01,1.01,46.01,0.9434187279214732
False,2.01,0.01,2.01,47.01,1.1072307283403708
True,0.01,2.01,1.01,40.01,0.8399582047806332
True,1.01,2.01,1.01,40.01,1.0940332653915088
False,3.01,1.01,1.01,50.01,1.527289984912605
False,0.01,0.01,2.01,41.01,1.1009683628517744
False,0.01,0.01,0.01,43.01,0.8350640636365849
False,1.01,0.01,0.01,43.01,0.9703360144900229
False,0.01,0.01,0.01,43.01,0.9151350499167831
False,1.01,0.01,0.01,38.01,0.9894632244906876
False,0.01,0.01,1.01,44.01,0.9884505245879589
True,0.01,0.01,0.01,48.01,0.8450572014432356
False,0.01,0.01,0.01,44.01,1.1099229032953257
False,0.01,0.01,1.01,40.01,0.972347743950584
True,0.01,0.01,1.01,53.01,0.9291831070098888
False,0.01,1.01,2.01,35.01,1.1869457920815998
False,0.01,0.01,1.01,52.01,1.7127691313239397
True,0.01,0.01,0.01,33.01,1.2598879162056755
True,0.01,0.01,1.01,46.01,1.3916218798530027
True,0.01,0.01,0.01,52.01,1.054380909291395
False,1.01,0.01,1.01,43.01,0.9254270465309218
True,0.01,1.01,1.01,41.01,1.1406749114524823
False,0.01,0.01,1.01,33.01,0.9369959027312487
False,0.01,0.01,0.01,41.01,0.9180713435250639
False,1.01,0.01,4.01,26.009999999999998,0.9002122477263956
True,0.01,0.01,1.01,45.01,0.6780402900548199
False,1.01,0.01,3.01,52.01,0.8673832292700175
False,2.01,1.01,0.01,31.009999999999998,0.9363154406578917
True,0.01,0.01,0.01,39.01,0.847032362548752
True,1.01,0.01,0.01,43.01,0.729543160316797
True,2.01,1.01,1.01,44.01,0.791037112110082
True,3.01,5.01,1.01,37.01,0.8308992705005723
True,0.01,1.01,0.01,36.01,0.9024636966717164
True,2.01,1.01,1.01,47.01,1.3556497511034786
False,0.01,0.01,0.01,34.01,0.6893182583235484
False,1.01,5.01,2.01,43.01,0.8435900828222332
False,2.01,2.01,1.01,43.01,0.7430370300958535
True,3.01,5.01,0.01,43.01,1.5376717064217065
False,0.01,0.01,0.01,49.01,0.8213666307781117
False,0.01,0.01,2.01,39.01,1.0837331087020037
True,1.01,1.01,1.01,46.01,1.1263026170548467
False,0.01,1.01,1.01,43.01,1.106448849203594
True,0.01,0.01,1.01,43.01,1.0791346036670828
False,0.01,0.01,1.01,38.01,0.6344154708360106
True,0.01,0.01,1.01,45.01,0.8758651168416752
False,0.01,0.01,1.01,37.01,1.4389386397988235
True,1.01,2.01,0.01,45.01,0.6712663985194786
False,0.01,1.01,0.01,53.01,0.745668991498969
True,0.01,1.01,1.01,40.01,0.3705736831652915
False,0.01,0.01,0.01,38.01,0.49091968329049585
True,1.01,0.01,1.01,38.01,1.1446208696651428
False,0.01,0.01,0.01,40.01,1.073808728101604
False,1.01,0.01,2.01,40.01,1.1605451986330972
True,1.01,0.01,3.01,33.01,1.428369918850202
True,0.01,0.01,0.01,41.01,0.6325956239197386
True,1.01,3.01,1.01,33.01,0.6668387659031676
False,1.01,1.01,1.01,42.01,0.7812784880654151
False,1.01,0.01,0.01,41.01,0.7696172654841116
False,0.01,2.01,2.01,46.01,1.1616321236081995
False,1.01,1.01,0.01,35.01,1.064932384461477
False,0.01,1.01,0.01,33.01,1.5388776914975515
False,1.01,1.01,1.01,35.01,0.3488807295744529
True,1.01,3.01,0.01,34.01,0.5747742822311789
True,1.01,0.01,0.01,52.01,0.9995445977834253
False,0.01,1.01,1.01,38.01,1.42381057230205
False,1.01,1.01,1.01,47.01,0.7670663964592422
False,2.01,2.01,2.01,33.01,0.9194390839512793
False,0.01,0.01,3.01,34.01,1.0512234318614806
True,1.01,1.01,0.01,30.009999999999998,0.7507197139010344
True,3.01,4.01,1.01,34.01,1.2239435894708224
False,2.01,3.01,1.01,42.01,1.446788243332169
False,1.01,0.01,0.01,43.01,0.7196035497854549
False,0.01,2.01,0.01,31.009999999999998,1.1141959384257898
False,1.01,0.01,0.01,34.01,0.9797710016302645
True,0.01,0.01,1.01,38.01,0.8679020214000109
True,0.01,1.01,1.01,42.01,0.9231997604956867
True,0.01,0.01,0.01,38.01,0.8138702681020168
False,1.01,0.01,0.01,44.01,0.6339380828959937
True,0.01,0.01,1.01,38.01,1.0314075888022547
False,0.01,0.01,1.01,41.01,0.9536328726812178
False,0.01,0.01,0.01,41.01,0.4442281150105522
False,0.01,0.01,0.01,31.009999999999998,0.8410330850587441
False,0.01,1.01,0.01,49.01,0.3963293590353586
True,0.01,1.01,2.01,38.01,0.8652160567688516
False,0.01,2.01,1.01,41.01,0.7736011015588481
True,0.01,1.01,0.01,47.01,1.2617021937492376
True,0.01,0.01,0.01,39.01,1.0037635522969646
True,1.01,0.01,0.01,45.01,0.6957063367782819
True,0.01,0.01,0.01,41.01,1.5166357514665783
False,0.01,1.01,0.01,36.01,0.9848831670511156
True,0.01,0.01,1.01,39.01,0.7561373376561116
False,1.01,0.01,0.01,27.009999999999998,0.9172823353096553
False,1.01,2.01,3.01,31.009999999999998,1.6787282342099827
False,1.01,2.01,2.01,45.01,1.0669190375338287
True,0.01,1.01,2.01,40.01,1.3908013601361546
False,0.01,0.01,0.01,42.01,0.7602384541239456
False,3.01,0.01,0.01,43.01,1.1201638504680018
False,2.01,0.01,3.01,25.009999999999998,0.9243836622452736
False,0.01,1.01,3.01,43.01,1.0853236701504545
False,1.01,0.01,1.01,44.01,0.5386915418494366
False,1.01,1.01,2.01,45.01,1.0379342597393013
True,2.01,3.01,4.01,40.01,1.9438409102583993
False,3.01,2.01,5.01,43.01,2.068763205283061
False,1.01,1.01,1.01,44.01,0.7536944519450576
True,0.01,0.01,0.01,40.01,1.1082745223689057
True,0.01,1.01,2.01,47.01,0.8121012282257422
False,1.01,0.01,1.01,37.01,0.7634735637527786
True,0.01,0.01,0.01,38.01,1.4211023286009412
True,0.01,0.01,1.01,40.01,1.5814977320294334
True,0.01,1.01,1.01,41.01,0.7467763577002708
True,0.01,1.01,1.01,42.01,0.9800693279360388
False,0.01,0.01,0.01,36.01,1.085435143428502
True,0.01,0.01,0.01,40.01,0.7493370861195658
False,0.01,0.01,1.01,45.01,1.420700794037935
True,1.01,0.01,1.01,32.01,0.9300250433478684
False,0.01,0.01,2.01,33.01,1.6570960174202063
False,0.01,0.01,1.01,49.01,0.7284283733932072
True,0.01,0.01,0.01,40.01,1.1732066298396946
False,0.01,2.01,0.01,39.01,1.4243995503913423
False,4.01,2.01,2.01,48.01,0.7064213819724093
False,0.01,0.01,1.01,39.01,1.2884507813040422
False,1.01,0.01,1.01,32.01,1.0727395376704503
False,0.01,0.01,1.01,32.01,1.5861151902945072
True,3.01,2.01,0.01,39.01,1.3968080382501493
True,2.01,1.01,0.01,33.01,0.6452902164617665
False,1.01,4.01,2.01,38.01,0.8378855822921308
True,3.01,1.01,3.01,54.01,1.8205830738669484
True,2.01,3.01,2.01,38.01,1.418691111005578
False,3.01,0.01,1.01,33.01,0.6741050644320317
False,1.01,2.01,0.01,30.009999999999998,0.7700130292429406
False,4.01,2.01,1.01,37.01,0.7286447588440235
True,3.01,10.01,2.01,45.01,1.0065259420762565
True,4.01,5.01,1.01,38.01,0.6875872330933441
True,3.01,10.01,1.01,32.01,0.662606901382869
True,2.01,3.01,3.01,42.01,1.1789414690580533
False,1.01,7.01,1.01,47.01,0.6797586317862024
True,3.01,4.01,3.01,35.01,1.328739940558428
False,0.01,1.01,2.01,34.01,0.9946114968842485
True,0.01,0.01,0.01,38.01,0.8724430031670397
True,0.01,0.01,0.01,50.01,1.3864932978437283
True,0.01,0.01,1.01,36.01,0.918710681191123
True,0.01,0.01,0.01,34.01,0.9689196698714936
False,0.01,0.01,0.01,49.01,0.9995680908481673
False,0.01,0.01,1.01,43.01,0.834487269752203
True,0.01,0.01,1.01,41.01,1.2969780856845323
False,0.01,0.01,2.01,45.01,0.4680805676530171
False,0.01,0.01,0.01,52.01,1.2697802366076054
False,0.01,0.01,1.01,47.01,1.0485195540929069
True,0.01,0.01,0.01,42.01,1.254036739292096
False,1.01,0.01,0.01,33.01,0.9501909873472991
True,0.01,0.01,2.01,30.009999999999998,1.111899945956489
False,1.01,0.01,0.01,40.01,0.7284214221028779
False,0.01,0.01,1.01,34.01,0.7980353528828942
True,2.01,1.01,1.01,47.01,1.5303515123155274
True,0.01,0.01,0.01,47.01,1.1847213222161572
False,0.01,1.01,0.01,41.01,1.051902761646802
True,1.01,0.01,0.01,49.01,1.4567952893510818
False,0.01,0.01,2.01,32.01,1.5988076487040883
False,0.01,1.01,1.01,38.01,1.035409342851125
True,1.01,1.01,0.01,45.01,0.843397116156404
False,0.01,1.01,2.01,34.01,0.5462216596179162
True,0.01,0.01,2.01,37.01,1.4124513210047185
False,1.01,0.01,1.01,48.01,1.1879689833929428
False,1.01,0.01,2.01,41.01,1.1720065882435453
True,3.01,1.01,0.01,39.01,0.9180949006760782
True,2.01,2.01,2.01,40.01,1.124973769193907
True,1.01,1.01,1.01,47.01,0.8127034120888379
False,5.01,3.01,5.01,40.01,0.8886100821103
False,1.01,3.01,4.01,44.01,0.6101031737644751
True,1.01,3.01,3.01,44.01,0.5973403524320001
False,0.01,0.01,0.01,38.01,0.9651848390933995
False,0.01,0.01,0.01,54.01,1.2044507146283967
False,0.01,1.01,0.01,25.009999999999998,0.6547848453851048
True,0.01,0.01,0.01,38.01,1.5171809227826687
False,0.01,1.01,1.01,44.01,1.109016694904226
False,0.01,0.01,0.01,40.01,1.3358892692902715
True,0.01,0.01,1.01,43.01,1.1519915928295459
False,0.01,0.01,0.01,51.01,0.6682774817898544
False,1.01,0.01,1.01,42.01,0.9137946430203127
False,0.01,1.01,1.01,34.01,0.9811471474473473
False,2.01,0.01,0.01,47.01,0.5544917643495096
True,0.01,1.01,0.01,34.01,0.9774027901400163
True,0.01,0.01,0.01,46.01,0.953474360269164
False,0.01,1.01,0.01,34.01,0.7667730880230879
True,0.01,1.01,0.01,43.01,0.8898833702671753
True,2.01,0.01,0.01,44.01,0.8696753804368975
True,0.01,1.01,2.01,41.01,1.2431337165122887
True,3.01,0.01,0.01,34.01,0.7501274570763821
True,0.01,2.01,1.01,53.01,1.0575266730812891
False,0.01,1.01,2.01,45.01,0.6594831141202464
True,0.01,1.01,2.01,34.01,0.9448851881753508
True,0.01,2.01,3.01,39.01,0.5114960659621198
False,1.01,0.01,3.01,48.01,1.2930786165803148
False,0.01,1.01,1.01,54.01,0.7360098968149857
True,0.01,2.01,1.01,46.01,1.4090336933790186
False,0.01,1.01,1.01,45.01,0.8176999477143579
True,0.01,0.01,0.01,40.01,0.6855602768760662
False,2.01,1.01,1.01,38.01,1.148929788818577
False,0.01,1.01,2.01,38.01,1.0718320817028169
False,2.01,1.01,1.01,46.01,1.1847090184161122
False,0.01,4.01,2.01,34.01,0.7364952236997186
False,1.01,1.01,1.01,36.01,1.5073498305623898
False,4.01,2.01,3.01,39.01,0.9160202869026397
False,0.01,0.01,0.01,51.01,0.6463160660782689
False,0.01,0.01,0.01,40.01,1.0979915930820867
False,0.01,0.01,0.01,34.01,0.8349989046041677
True,0.01,0.01,0.01,43.01,1.7970264169981756
True,0.01,0.01,0.01,43.01,0.7048130906833376
True,0.01,0.01,0.01,44.01,1.0033381044389538
False,0.01,0.01,0.01,40.01,0.9793303319976749
True,0.01,0.01,2.01,26.009999999999998,0.6585306200068194
True,0.01,0.01,1.01,32.01,0.6601153562602353
True,0.01,1.01,0.01,31.009999999999998,1.4973055176032788
False,0.01,0.01,2.01,41.01,0.6711679526665425
True,0.01,0.01,1.01,37.01,0.7399713766276288
False,0.01,0.01,0.01,40.01,1.0255229530896766
False,1.01,0.01,0.01,42.01,1.2241689760660615
False,0.01,0.01,0.01,42.01,0.6449040010176348
False,1.01,0.01,4.01,46.01,0.5519074620130311
False,0.01,0.01,2.01,35.01,1.0529562785834297
False,1.01,0.01,1.01,38.01,0.7654238356337053
True,1.01,0.01,0.01,50.01,0.8712585513842293
True,0.01,0.01,0.01,46.01,0.7189125342212401
True,0.01,0.01,2.01,38.01,1.2404985431827131
True,0.01,1.01,0.01,43.01,1.5434029357203483
False,1.01,0.01,1.01,44.01,0.9265118215118214
False,1.01,0.01,0.01,41.01,0.7729724956579176
False,0.01,0.01,0.01,38.01,1.4572128261411426
False,2.01,0.01,1.01,36.01,0.5002811438385717
False,0.01,2.01,0.01,48.01,0.5115424509357775
False,1.01,1.01,1.01,42.01,0.9093402200409101
False,1.01,1.01,1.01,44.01,0.9446834847765616
True,1.01,2.01,2.01,36.01,1.0888939442812737
True,6.01,3.01,2.01,32.01,1.5662106917232084
False,2.01,2.01,2.01,44.01,0.7390045230881064
True,2.01,1.01,2.01,45.01,1.597309237950399
False,0.01,0.01,0.01,36.01,0.79442871318391
False,0.01,0.01,0.01,34.01,1.018605041740096
False,0.01,1.01,0.01,45.01,1.426497802284656
False,0.01,2.01,0.01,45.01,1.0450360467079418
False,0.01,0.01,2.01,49.01,0.9363945794437788
False,0.01,0.01,1.01,44.01,0.3732056939791422
True,0.01,0.01,1.01,46.01,1.138648966783723
True,0.01,1.01,1.01,58.01,1.480939118243112
False,0.01,0.01,0.01,45.01,0.7710198290651582
False,0.01,0.01,2.01,48.01,0.5941702204527662
True,2.01,0.01,1.01,62.01,0.6452690744456449
True,1.01,0.01,1.01,38.01,1.7016429776827322
True,1.01,0.01,0.01,41.01,1.114682523507899
False,0.01,0.01,1.01,31.009999999999998,0.8653643868414803
False,0.01,0.01,0.01,25.009999999999998,0.9864138030713211
True,1.01,1.01,2.01,44.01,0.9290815064051401
False,1.01,0.01,0.01,47.01,0.4508755673982319
False,0.01,0.01,1.01,56.01,0.9399402136326581
True,1.01,0.01,0.01,39.01,0.7258140071247481
False,1.01,0.01,0.01,44.01,0.8738914106297776
False,0.01,0.01,2.01,51.01,0.9956351941269053
False,0.01,0.01,0.01,37.01,0.70809616712977
True,0.01,1.01,0.01,42.01,0.9903433184040762
True,1.01,1.01,2.01,37.01,0.9104944112475769
True,0.01,0.01,1.01,33.01,0.9751899304533407
False,0.01,1.01,2.01,42.01,1.0099696324523608
False,0.01,1.01,0.01,41.01,0.7986240658120601
False,0.01,0.01,0.01,24.009999999999998,1.3709645803741024
True,1.01,1.01,0.01,39.01,1.3669014639621644
False,2.01,1.01,3.01,47.01,1.0837786534071365
True,1.01,0.01,5.01,45.01,0.901260063689381
True,0.01,4.01,2.01,38.01,0.8916511963398923
True,0.01,1.01,5.01,33.01,1.1591522768024107
False,0.01,0.01,0.01,42.01,1.40559085566153
False,0.01,0.01,0.01,33.01,0.829933076590764
False,0.01,0.01,0.01,45.01,0.7908418473250242
False,0.01,0.01,0.01,45.01,0.8553189972827363
True,0.01,0.01,0.01,37.01,0.8300029423660256
True,0.01,0.01,0.01,52.01,0.8281633620791218
True,1.01,0.01,0.01,47.01,1.37633021815885
True,0.01,0.01,0.01,40.01,0.9074981168124983
True,0.01,2.01,1.01,36.01,0.8674770831695438
False,0.01,0.01,2.01,41.01,1.1908088021448755
True,0.01,0.01,1.01,37.01,0.5827829768270945
False,0.01,1.01,1.01,44.01,0.374538269358576
False,0.01,0.01,1.01,36.01,1.0990697379379024
False,0.01,1.01,0.01,49.01,0.9774320831304802
True,0.01,0.01,1.01,41.01,1.1706494656456747
True,1.01,2.01,1.01,51.01,1.196419058537938
True,0.01,1.01,1.01,43.01,0.9363688589138579
False,1.01,0.01,0.01,41.01,0.5075321662411826
False,1.01,0.01,0.01,41.01,1.0157843886128313
True,1.01,2.01,1.01,52.01,0.6891862626641029
False,1.01,1.01,1.01,44.01,1.5221527221488524
False,0.01,0.01,0.01,40.01,1.2453839804283164
False,0.01,0.01,0.01,39.01,0.9532341677730749
False,0.01,0.01,3.01,51.01,0.585202841412418
True,0.01,0.01,4.01,37.01,0.8451910765239239
False,0.01,1.01,1.01,45.01,0.5425519710128033
False,0.01,2.01,1.01,30.009999999999998,0.8235371071475858
False,0.01,3.01,0.01,39.01,1.4116629478099474
True,0.01,0.01,3.01,47.01,1.0013498229810514
False,1.01,0.01,1.01,41.01,1.0082487813445884
False,0.01,1.01,2.01,42.01,0.9535352429431375
False,1.01,0.01,3.01,38.01,1.4838834571071413
False,7.01,2.01,2.01,41.01,0.6801783839941734
False,0.01,0.01,2.01,31.009999999999998,0.6631992500602676
False,0.01,0.01,0.01,40.01,0.8360335344045281
True,0.01,0.01,0.01,29.009999999999998,0.8169454989104424
True,0.01,0.01,1.01,40.01,1.7408079581396936
False,0.01,0.01,0.01,33.01,1.1169041566228135
False,0.01,1.01,0.01,39.01,0.5929274706058919
False,1.01,0.01,0.01,37.01,1.0745466779387867
False,0.01,0.01,0.01,38.01,0.6022230736266408
False,0.01,0.01,1.01,49.01,0.3524129484740287
False,0.01,0.01,0.01,33.01,0.9031608493423048
True,0.01,1.01,2.01,38.01,0.6120144238227765
True,1.01,0.01,2.01,40.01,0.8404036250758727
True,1.01,0.01,0.01,43.01,1.076777541669787
True,0.01,0.01,1.01,42.01,1.1205379806811695
True,0.01,2.01,0.01,35.01,0.4770584550509016
True,0.01,0.01,0.01,32.01,0.6794563053625631
False,0.01,0.01,1.01,31.009999999999998,0.843350484963244
False,0.01,0.01,3.01,36.01,0.770380835375933
False,0.01,0.01,1.01,45.01,0.7446978621250762
False,0.01,1.01,2.01,40.01,1.1162212013078643
False,0.01,2.01,0.01,41.01,1.1434803875204427
False,0.01,1.01,2.01,43.01,0.7796599190539629
True,2.01,0.01,2.01,39.01,1.3449216252619516
True,0.01,0.01,0.01,38.01,0.5466353741148369
True,0.01,0.01,2.01,45.01,0.3895124750522733
False,0.01,3.01,1.01,33.01,0.6913006867777898
True,1.01,1.01,1.01,40.01,1.075535662984016
False,1.01,2.01,0.01,28.009999999999998,1.1494085051466718
False,1.01,0.01,0.01,25.009999999999998,1.0154941926265457
False,2.01,1.01,1.01,32.01,1.1527953147970122
False,1.01,1.01,0.01,43.01,1.123165067686345
False,1.01,1.01,0.01,34.01,0.5536341658107687
True,1.01,3.01,2.01,39.01,1.0420806611037383
False,0.01,0.01,0.01,39.01,0.9373237590238658
True,1.01,0.01,0.01,36.01,0.9887320797401443
False,0.01,2.01,1.01,38.01,0.8790053959893028
False,1.01,0.01,0.01,44.01,1.0775121745336549
True,0.01,0.01,0.01,40.01,1.0961950697414518
False,0.01,1.01,0.01,45.01,0.8200369472163249
False,2.01,0.01,1.01,40.01,0.5845930455283905
True,1.01,0.01,0.01,42.01,0.8732897615375996
True,0.01,0.01,0.01,34.01,0.7567571426617945
False,0.01,2.01,0.01,37.01,0.9544796958802014
False,0.01,0.01,1.01,30.009999999999998,1.2349612386642652
False,0.01,0.01,0.01,42.01,0.7567199341193149
True,1.01,1.01,1.01,39.01,0.687308822724782
False,2.01,0.01,0.01,42.01,0.9613244800143717
False,3.01,0.01,1.01,27.009999999999998,0.8554519905794699
True,0.01,0.01,4.01,33.01,1.3593878423140435
False,0.01,0.01,0.01,49.01,1.6200045206609979
False,0.01,1.01,2.01,41.01,0.8097850671441393
False,0.01,1.01,0.01,41.01,1.116168796455847
False,0.01,0.01,0.01,45.01,1.046565252431911
False,0.01,1.01,2.01,31.009999999999998,1.4393561660763035
True,0.01,1.01,1.01,47.01,1.330714429144638
False,0.01,0.01,1.01,35.01,0.5515267877825084
False,0.01,0.01,0.01,29.009999999999998,0.9797801138672949
True,0.01,0.01,1.01,35.01,1.0316138907829107
False,0.01,1.01,0.01,34.01,0.44244906350321056
False,1.01,1.01,0.01,44.01,1.1195114740962002
False,0.01,1.01,1.01,44.01,0.9187150525924642
False,0.01,0.01,3.01,48.01,0.5377136178122275
True,0.01,1.01,1.01,39.01,1.2994525484098494
True,1.01,2.01,1.01,31.009999999999998,1.0797220191901045
False,2.01,1.01,0.01,47.01,0.6956446901117245
False,3.01,3.01,5.01,33.01,1.6216977385359739
False,0.01,0.01,1.01,46.01,0.951791714213796
False,0.01,0.01,1.01,47.01,0.9811835844279163
False,0.01,0.01,0.01,35.01,0.8486715321547915
True,0.01,0.01,0.01,44.01,0.8763972151405419
True,0.01,0.01,1.01,40.01,1.2132059930688832
True,3.01,2.01,1.01,39.01,1.2453889867047758
False,0.01,0.01,2.01,42.01,1.2517501424941873
False,2.01,0.01,1.01,35.01,0.6057132454072363
False,0.01,1.01,0.01,42.01,1.1774983552517562
True,0.01,0.01,2.01,38.01,0.7644930666519938
False,1.01,1.01,0.01,39.01,1.1658676767848595
True,0.01,0.01,1.01,39.01,1.220748857040075
True,0.01,1.01,0.01,38.01,0.7112644385563944
True,1.01,1.01,0.01,37.01,0.7827620325150036
False,0.01,0.01,0.01,34.01,0.9880184812768064
False,1.01,0.01,0.01,42.01,0.7461881391532411
True,0.01,2.01,0.01,43.01,0.7553240870183383
False,1.01,0.01,1.01,42.01,1.1184625541670115
False,3.01,0.01,2.01,28.009999999999998,0.44308663323262876
False,1.01,0.01,1.01,33.01,0.4540511578669474
False,1.01,2.01,0.01,36.01,0.8784190846674627
False,1.01,0.01,0.01,40.01,1.2764154023506808
False,0.01,2.01,1.01,31.009999999999998,0.7188587385309062
True,1.01,0.01,0.01,31.009999999999998,0.9027986008404647
True,1.01,1.01,1.01,36.01,0.9805603593666797
False,2.01,1.01,0.01,41.01,1.385473315543556
False,1.01,2.01,0.01,43.01,1.0047249140963297
True,5.01,4.01,2.01,52.01,1.1403147654246646
True,3.01,3.01,1.01,35.01,1.5943192584196966
False,3.01,2.01,2.01,42.01,1.2104549356592247
True,2.01,3.01,1.01,40.01,1.783846533674643
False,3.01,1.01,3.01,40.01,0.9507025385039419
True,5.01,10.01,5.01,40.01,1.3395812818168518
True,0.01,0.01,0.01,41.01,0.8989822309015674
False,1.01,0.01,1.01,40.01,0.9441183763203888
False,0.01,0.01,0.01,38.01,1.1108331856296134
False,1.01,1.01,1.01,45.01,1.4470833237840912
False,1.01,0.01,0.01,49.01,0.8539551189551189
True,0.01,0.01,0.01,39.01,0.8164317910122219
False,0.01,0.01,0.01,38.01,1.0246861254897586
True,0.01,0.01,1.01,48.01,0.9580493500752121
False,0.01,0.01,0.01,45.01,0.44349779931068106
True,0.01,1.01,2.01,46.01,1.0055662951352606
False,0.01,0.01,0.01,41.01,1.2251637460541394
True,0.01,0.01,1.01,38.01,0.7364145911359432
True,0.01,1.01,2.01,35.01,0.9462206234410293
True,0.01,1.01,1.01,38.01,1.2058242312535834
True,0.01,0.01,1.01,34.01,1.52790827477124
False,0.01,1.01,0.01,38.01,1.0991708637037025
False,0.01,1.01,1.01,30.009999999999998,0.8155903371991808
True,0.01,1.01,1.01,42.01,1.1365116437810598
False,2.01,0.01,2.01,31.009999999999998,0.9684549210235817
False,1.01,1.01,0.01,45.01,0.5318664215542438
False,2.01,3.01,2.01,39.01,0.9025063489034826
False,1.01,0.01,0.01,42.01,0.72552811457204
False,2.01,1.01,1.01,46.01,0.9643215312948773
True,1.01,1.01,1.01,51.01,1.3013113589250291
False,0.01,0.01,0.01,59.01,1.5918546226688812
False,6.01,3.01,1.01,43.01,1.3539310685811512
True,2.01,3.01,4.01,29.009999999999998,1.2744269980921827
True,2.01,0.01,1.01,48.01,1.2585710018960465
False,3.01,5.01,0.01,31.009999999999998,0.8699440743401017
False,3.01,0.01,1.01,36.01,0.9108473180432742
False,2.01,3.01,0.01,41.01,1.0820602903081284
True,4.01,4.01,0.01,43.01,1.5975945110834673
True,4.01,14.01,2.01,36.01,1.485694517878521
False,0.01,2.01,1.01,27.009999999999998,1.3812137181600617
False,0.01,1.01,0.01,39.01,1.1415078693327159
False,0.01,0.01,2.01,35.01,1.0055097425648627
True,0.01,0.01,1.01,32.01,0.4033914797456324
False,0.01,0.01,0.01,26.009999999999998,1.3713584249583342
True,0.01,0.01,2.01,43.01,1.0010533469667453
True,0.01,0.01,0.01,45.01,0.4786649825386495
False,0.01,0.01,1.01,42.01,0.9324833373523942
True,1.01,0.01,0.01,38.01,0.6107979415753264
False,1.01,1.01,0.01,42.01,1.0716094460958552
False,1.01,1.01,1.01,35.01,1.2782175373892122
True,0.01,1.01,1.01,35.01,0.8409320666799047
True,1.01,0.01,0.01,41.01,1.1306352412979124
True,0.01,1.01,3.01,34.01,1.0178217189201173
False,1.01,0.01,1.01,38.01,0.6845282257699605
True,0.01,1.01,0.01,45.01,0.822006817156843
True,0.01,1.01,0.01,36.01,0.95448876399252
True,1.01,2.01,0.01,36.01,1.137129404249141
False,1.01,1.01,1.01,41.01,1.3803155501562772
False,1.01,1.01,1.01,37.01,0.9192089929094526
True,2.01,0.01,0.01,38.01,1.0246117042858318
False,1.01,1.01,1.01,41.01,1.9133056315824986
False,1.01,1.01,1.01,37.01,0.9465441058588868
False,2.01,1.01,1.01,35.01,0.7884902166890138
True,2.01,0.01,2.01,45.01,0.8676359605829267
False,3.01,1.01,2.01,39.01,0.6614084189545015
False,2.01,4.01,0.01,41.01,1.107418722881867
False,3.01,4.01,0.01,36.01,0.6232591486437994
True,4.01,5.01,0.01,41.01,1.2787710137603
True,2.01,7.01,2.01,43.01,0.6294526885065377
True,12.01,18.009999999999998,2.01,34.01,0.5825952492560637
True,3.01,7.01,3.01,28.009999999999998,1.600457517258232
True,7.01,11.01,3.01,51.01,1.0045129397527095
True,0.01,0.01,0.01,52.01,0.9135100304222782
False,0.01,0.01,0.01,39.01,0.9643389214435507
False,0.01,0.01,0.01,40.01,1.1723715316144463
False,0.01,0.01,1.01,45.01,0.8738744997208809
False,1.01,0.01,0.01,42.01,1.2887704593383682
True,1.01,0.01,0.01,34.01,0.9797093834063193
False,1.01,1.01,0.01,40.01,0.5317935688816231
False,0.01,1.01,0.01,47.01,1.3547258638234831
True,0.01,0.01,0.01,41.01,0.7589480098959045
False,3.01,0.01,2.01,42.01,1.6862285403499282
False,1.01,0.01,0.01,43.01,0.8152992198503035
True,1.01,0.01,0.01,48.01,0.6139018242955774
False,1.01,0.01,0.01,34.01,0.5049254181491023
False,0.01,0.01,2.01,33.01,0.789272377603746
True,1.01,0.01,0.01,43.01,0.7168938341779898
False,2.01,0.01,2.01,45.01,1.2616162286537298
False,0.01,1.01,1.01,40.01,0.5741434379628896
False,0.01,2.01,2.01,35.01,0.8484033430905021
True,1.01,0.01,1.01,32.01,0.5247438998909587
True,0.01,2.01,0.01,39.01,0.8418002690310713
True,1.01,0.01,0.01,49.01,0.7769796805054833
False,1.01,0.01,1.01,28.009999999999998,0.9458318197426739
False,0.01,0.01,0.01,47.01,1.3077554680143324
True,2.01,0.01,1.01,36.01,0.9688434396607617
False,0.01,0.01,1.01,42.01,1.3086612171032177
False,1.01,1.01,1.01,31.009999999999998,0.9481801589410388
False,0.01,1.01,3.01,35.01,0.6649252491292864
True,3.01,1.01,1.01,45.01,0.8354129660308282
True,0.01,1.01,2.01,39.01,0.8372584973219359
True,2.01,0.01,2.01,41.01,0.39643672110857875
True,1.01,0.01,1.01,26.009999999999998,0.9929045821159865
True,2.01,1.01,0.01,38.01,1.171411903300071
True,4.01,6.01,0.01,46.01,0.6587301141763383
False,1.01,0.01,2.01,39.01,0.8425545515733256
True,0.01,0.01,1.01,37.01,0.7008973341055136
True,0.01,1.01,2.01,41.01,0.8757786690895325
False,0.01,0.01,1.01,43.01,1.5856664436574506
False,1.01,0.01,1.01,37.01,1.262107539501438
True,0.01,0.01,0.01,33.01,1.4406250939067398
False,0.01,1.01,1.01,42.01,1.3153281484359822
True,0.01,0.01,0.01,40.01,1.1992895982250202
False,0.01,0.01,0.01,51.01,0.9752363025576484
False,1.01,0.01,1.01,52.01,0.9327669768503436
False,0.01,0.01,0.01,40.01,0.9754556273467787
False,0.01,0.01,0.01,42.01,1.0763334508810938
False,0.01,2.01,0.01,40.01,0.5961652789959535
False,0.01,1.01,0.01,49.01,1.0597452180693017
False,2.01,0.01,0.01,33.01,0.996363744138784
True,0.01,0.01,1.01,36.01,1.0493497075422713
False,0.01,0.01,1.01,37.01,0.8768929501688122
True,2.01,0.01,0.01,41.01,1.0301129321392468
False,0.01,1.01,3.01,49.01,1.0854999620365278
True,1.01,1.01,1.01,47.01,1.726484682268845
False,0.01,0.01,0.01,47.01,0.7644054187864624
True,0.01,0.01,2.01,45.01,1.1569460813781303
True,0.01,0.01,0.01,34.01,0.8926388090728594
False,1.01,2.01,0.01,44.01,0.7536013513100966
True,1.01,1.01,2.01,39.01,0.8530961096222649
True,1.01,1.01,1.01,34.01,1.2215636916583237
False,1.01,2.01,1.01,51.01,0.548533694767049
False,0.01,1.01,1.01,48.01,1.4934666036678168
True,2.01,1.01,2.01,35.01,0.8787632165017656
False,1.01,2.01,1.01,45.01,1.2750612530407925
False,1.01,2.01,1.01,47.01,0.6560653366416237
True,1.01,2.01,0.01,47.01,1.0168301877951489
False,3.01,1.01,0.01,37.01,1.3078215017541683
True,0.01,1.01,0.01,42.01,0.897259910522913
False,1.01,0.01,1.01,41.01,1.0453633150299724
True,1.01,0.01,1.01,54.01,0.8320801101411911
True,0.01,0.01,0.01,45.01,0.6235823810821881
False,0.01,1.01,1.01,33.01,0.39464323469445595
True,0.01,0.01,0.01,45.01,1.2212570841077839
False,1.01,0.01,1.01,43.01,0.9194037325885506
True,2.01,0.01,0.01,43.01,0.701471807554894
False,1.01,0.01,0.01,42.01,1.152334737555326
False,0.01,1.01,1.01,37.01,0.6648308362764037
False,1.01,0.01,1.01,38.01,0.941611061875832
True,0.01,0.01,1.01,41.01,0.9070135113088404
False,0.01,0.01,0.01,31.009999999999998,0.7967820825043259
False,0.01,0.01,2.01,45.01,1.2036166677046602
True,2.01,1.01,0.01,39.01,0.920000648190312
False,2.01,0.01,1.01,41.01,0.8318777870634875
False,0.01,0.01,0.01,56.01,1.1008292091050709
False,2.01,0.01,1.01,38.01,1.1388159407249505
True,0.01,1.01,2.01,38.01,0.541102361226278
True,1.01,0.01,1.01,34.01,0.4989907316184049
True,0.01,2.01,0.01,39.01,0.7867597517876108
True,1.01,3.01,0.01,40.01,0.9877617095505821
False,2.01,0.01,1.01,42.01,0.7983697884584116
False,1.01,0.01,2.01,44.01,1.1343690167978893
False,1.01,0.01,2.01,45.01,0.24899616091266946
False,0.01,2.01,0.01,48.01,1.645471319578361
False,1.01,1.01,1.01,38.01,0.7017568246969379
True,3.01,2.01,2.01,41.01,0.7106253354322636
True,0.01,4.01,3.01,44.01,0.9157512557625291
False,3.01,3.01,2.01,44.01,0.9693141175261775
False,4.01,1.01,1.01,41.01,0.9021049209177142
False,3.01,4.01,3.01,35.01,1.437255733088396
False,4.01,5.01,2.01,38.01,0.6560093398166669
False,1.01,0.01,1.01,37.01,0.9303738220465603
True,0.01,1.01,1.01,34.01,1.3037387155632172
True,0.01,0.01,1.01,40.01,1.650864450358247
False,0.01,0.01,1.01,33.01,0.9321103449198131
True,0.01,0.01,0.01,45.01,0.8950622188342197
True,0.01,0.01,1.01,50.01,1.2877471618740715
True,0.01,1.01,1.01,39.01,1.21487672470709
False,0.01,0.01,1.01,39.01,1.1035316148140697
False,1.01,0.01,0.01,37.01,1.0057789388816554
False,0.01,2.01,0.01,44.01,0.560289267937096
False,0.01,0.01,1.01,47.01,1.4643988703545459
False,3.01,0.01,0.01,43.01,0.913994262850273
False,1.01,0.01,1.01,46.01,0.8533692789538806
False,0.01,0.01,1.01,52.01,1.4097154177245104
False,0.01,0.01,2.01,37.01,1.2022214364863473
True,0.01,0.01,3.01,31.009999999999998,0.6382369496559077
False,0.01,1.01,1.01,45.01,0.9802205235173119
False,0.01,0.01,1.01,38.01,1.0792375552801912
False,0.01,0.01,1.01,32.01,1.0114096001930302
True,1.01,0.01,3.01,51.01,1.0495444254909796
False,0.01,1.01,3.01,40.01,1.6028639994744995
True,0.01,0.01,2.01,45.01,2.1308028356756625
False,6.01,1.01,1.01,42.01,1.1600858136866767
False,2.01,2.01,2.01,46.01,1.4378860703844805
True,0.01,2.01,0.01,41.01,1.4967203434859868
True,1.01,1.01,1.01,39.01,1.1268834309773021
True,1.01,3.01,1.01,37.01,1.2577467244717482
True,2.01,2.01,1.01,46.01,1.0229429767829201
False,2.01,2.01,3.01,30.009999999999998,1.991192621112438
False,2.01,3.01,0.01,47.01,1.0931818405699516
False,1.01,4.01,0.01,46.01,0.6579402178306917
False,3.01,1.01,1.01,30.009999999999998,0.6922729070687328
True,6.01,3.01,4.01,33.01,1.4985164813325669
False,0.01,0.01,0.01,34.01,1.0667696825906814
True,0.01,1.01,0.01,37.01,0.9696916836173128
False,0.01,0.01,0.01,37.01,0.9062974905155681
False,0.01,0.01,1.01,30.009999999999998,1.0098526015872595
False,0.01,0.01,1.01,39.01,0.7671037294398556
False,0.01,0.01,1.01,28.009999999999998,1.2987867892148
True,0.01,2.01,0.01,37.01,0.6256893393962359
False,1.01,0.01,0.01,32.01,0.6020231176221214
True,1.01,0.01,0.01,27.009999999999998,0.431829355226474
True,0.01,0.01,0.01,29.009999999999998,1.2298789942517465
True,0.01,0.01,1.01,39.01,1.1733112749001409
True,0.01,0.01,1.01,40.01,0.8403744193919872
False,0.01,0.01,0.01,38.01,0.8759632264615975
True,1.01,1.01,0.01,38.01,0.8360933613513154
False,1.01,0.01,1.01,33.01,0.8130779253259276
False,0.01,0.01,0.01,49.01,1.0014795013108706
False,0.01,0.01,0.01,49.01,1.3664545703630295
False,1.01,0.01,1.01,26.009999999999998,0.9939801299944148
True,1.01,0.01,1.01,29.009999999999998,0.49093650417425044
True,0.01,1.01,3.01,57.01,0.5371585377628153
False,1.01,1.01,0.01,40.01,0.7004006100425284
False,1.01,1.01,1.01,40.01,1.0924172165914345
False,2.01,0.01,1.01,54.01,0.4620862211810422
False,0.01,2.01,0.01,41.01,0.8903836787289916
False,0.01,2.01,1.01,34.01,1.078931143551909
False,2.01,0.01,2.01,39.01,0.8778931523857366
True,0.01,0.01,2.01,42.01,1.1530117654748082
False,0.01,2.01,1.01,36.01,0.3710129281801797
False,0.01,0.01,0.01,49.01,1.5642707816332964
False,3.01,0.01,1.01,46.01,1.2160840614952386
False,0.01,0.01,0.01,32.01,0.9380347158594566
False,2.01,1.01,4.01,41.01,0.75778061607009
False,1.01,1.01,2.01,42.01,1.05430870530081
True,0.01,0.01,1.01,38.01,0.6161902789578722
False,0.01,1.01,0.01,30.009999999999998,0.5560946905881334
False,0.01,1.01,0.01,48.01,0.9509796999718373
True,0.01,1.01,1.01,34.01,1.1630040105749029
False,0.01,0.01,1.01,44.01,1.1317711661608167
False,0.01,0.01,0.01,36.01,0.6370599077213527
False,0.01,0.01,0.01,54.01,1.4544485672547913
False,0.01,0.01,1.01,38.01,0.5165391169176924
False,0.01,0.01,1.01,37.01,1.0771045678809403
False,0.01,0.01,1.01,35.01,1.2192306223188574
False,1.01,0.01,2.01,26.009999999999998,0.7828647031695133
False,0.01,0.01,1.01,35.01,0.7774662016136015
False,0.01,3.01,0.01,36.01,1.0231443897982906
False,0.01,0.01,1.01,39.01,0.8231975390256179
False,0.01,1.01,0.01,48.01,0.7182518954639454
True,0.01,0.01,0.01,42.01,1.4603376319249632
True,0.01,0.01,0.01,35.01,0.8062218651125111
True,0.01,0.01,2.01,41.01,1.3934585673077864
False,0.01,1.01,0.01,45.01,0.826024377246417
True,1.01,0.01,1.01,33.01,0.5297583898821019
True,0.01,0.01,0.01,52.01,0.5587603700191254
False,0.01,0.01,0.01,32.01,0.6954757352357056
False,1.01,1.01,1.01,42.01,0.9831318328283262
False,1.01,0.01,0.01,49.01,0.9673348059735254
False,0.01,1.01,1.01,36.01,1.079368581530622
False,0.01,1.01,0.01,44.01,0.3854374267437471
True,0.01,0.01,0.01,48.01,1.1578882568078606
True,0.01,1.01,0.01,41.01,1.2068566846469324
False,1.01,1.01,1.01,48.01,0.8214066631289427
True,0.01,4.01,0.01,36.01,0.9745218281553922
False,1.01,2.01,3.01,37.01,0.8790574832409198
True,2.01,0.01,0.01,34.01,1.1511880297574886
False,4.01,2.01,3.01,36.01,0.9889678510252768
False,0.01,1.01,1.01,34.01,1.0687252799709994
False,0.01,0.01,3.01,47.01,1.4150925096299067
True,1.01,0.01,0.01,45.01,0.7959594448309243
True,1.01,1.01,1.01,38.01,0.8996199709533198
False,0.01,0.01,0.01,40.01,1.3058955013750597
False,0.01,0.01,1.01,45.01,1.388462786042353
True,0.01,0.01,1.01,45.01,1.1318631141431295
True,0.01,1.01,0.01,38.01,0.7422316093001248
False,0.01,0.01,0.01,33.01,0.7263001018977443
False,0.01,0.01,0.01,32.01,1.3555341294905836
False,0.01,0.01,0.01,32.01,1.3606753736314359
True,0.01,0.01,0.01,36.01,1.0691916551766516
True,0.01,0.01,0.01,36.01,1.039633058987839
False,0.01,0.01,0.01,41.01,0.7487156730673022
True,0.01,1.01,1.01,27.009999999999998,1.2521495940673406
False,0.01,0.01,0.01,45.01,0.9309107188033937
True,0.01,0.01,2.01,43.01,0.9262824603078256
False,0.01,0.01,1.01,36.01,1.0172147621490066
False,0.01,0.01,0.01,35.01,1.0744298210784655
True,0.01,0.01,1.01,45.01,0.6597009078461918
False,0.01,1.01,0.01,49.01,0.8523202224491309
False,0.01,0.01,1.01,33.01,1.2731030080880357
False,0.01,0.01,1.01,37.01,1.6000372630256325
True,1.01,0.01,1.01,34.01,0.8188314561093697
False,2.01,0.01,4.01,38.01,0.7979288520553813
True,3.01,1.01,4.01,32.01,0.5850829563036362
False,1.01,0.01,1.01,41.01,0.5925085691904173
False,1.01,2.01,4.01,46.01,1.1596294164676515
False,1.01,1.01,1.01,28.009999999999998,1.030495385257588
True,1.01,1.01,1.01,55.01,1.176013398207334
True,1.01,1.01,2.01,42.01,1.6445182927244995
False,5.01,1.01,1.01,50.01,1.1239611229219808
False,2.01,1.01,2.01,41.01,1.2721911048188137
False,1.01,0.01,0.01,47.01,0.7215697322125518
True,0.01,0.01,0.01,43.01,0.7680005028934843
False,2.01,0.01,0.01,49.01,0.7000607256442861
True,0.01,0.01,1.01,40.01,0.6989981664627549
True,2.01,0.01,3.01,37.01,1.1229670760226529
True,0.01,0.01,3.01,44.01,1.5351546702910557
False,0.01,0.01,0.01,46.01,0.38700568401787916
False,0.01,0.01,1.01,40.01,1.0951327374443092
False,0.01,0.01,0.01,47.01,0.8790279326148891
False,1.01,0.01,1.01,32.01,0.8377104066218698
True,2.01,0.01,2.01,45.01,1.0911513175535479
False,0.01,0.01,0.01,43.01,0.7339110905441549
True,0.01,0.01,1.01,53.01,1.433495454851879
True,0.01,1.01,0.01,36.01,0.912560297024315
False,0.01,1.01,1.01,48.01,1.3440918932631414
False,1.01,1.01,0.01,30.009999999999998,1.1661612838915472
True,0.01,1.01,2.01,40.01,1.0943179090285986
False,0.01,0.01,0.01,45.01,1.0992519270723842
False,1.01,0.01,1.01,52.01,1.0792835723247294
True,0.01,0.01,0.01,40.01,0.5856911413673871
False,0.01,1.01,0.01,34.01,0.5883165244817898
False,0.01,0.01,5.01,41.01,1.1759487783409046
True,1.01,1.01,1.01,55.01,1.3762504221061016
True,0.01,1.01,1.01,41.01,0.40043714247563417
False,0.01,0.01,1.01,45.01,1.49346923148583
False,0.01,1.01,0.01,40.01,1.0703745180324624
True,1.01,3.01,1.01,40.01,1.2697036057774593
False,1.01,2.01,2.01,36.01,0.6868113936488729
True,3.01,1.01,2.01,46.01,0.71735681382737
False,1.01,1.01,0.01,41.01,0.9346179434249919
False,1.01,4.01,0.01,50.01,1.1438649714975142
False,1.01,0.01,0.01,40.01,0.5940767565767565
False,5.01,2.01,2.01,42.01,1.1210848366590638
True,2.01,2.01,1.01,46.01,1.2383088636821395
False,0.01,0.01,2.01,39.01,1.2855380638403897
False,0.01,0.01,1.01,36.01,0.8425885628216951
False,0.01,0.01,0.01,37.01,0.8144138480359502
False,0.01,1.01,0.01,41.01,1.0309221831774542
True,0.01,0.01,0.01,55.01,0.62138796195314
False,0.01,1.01,2.01,32.01,1.0425391920810796
False,0.01,1.01,1.01,45.01,1.195840149762947
False,0.01,0.01,1.01,40.01,0.981582739687224
False,1.01,0.01,0.01,41.01,1.4967043938482274
False,0.01,0.01,0.01,37.01,1.002044754182912
True,1.01,0.01,2.01,35.01,1.1994840819916535
False,0.01,2.01,0.01,41.01,1.185026755894598
False,1.01,1.01,2.01,50.01,1.260878039097328
True,0.01,0.01,1.01,47.01,1.0765886382155738
False,0.01,1.01,0.01,48.01,1.11035581543856
True,0.01,0.01,0.01,51.01,1.7722734377478842
True,0.01,0.01,0.01,47.01,1.2020739521104185
False,1.01,0.01,1.01,52.01,1.2972425204467903
True,2.01,1.01,1.01,33.01,1.3127426931867519
False,1.01,0.01,0.01,39.01,0.6995623072644369
True,2.01,2.01,0.01,42.01,0.9053599430941939
True,3.01,3.01,2.01,36.01,0.6858864404068176
True,1.01,0.01,1.01,43.01,0.6488387289662457
True,3.01,1.01,1.01,40.01,0.8848285443824345
False,3.01,0.01,2.01,43.01,1.2925049944153368
True,4.01,3.01,0.01,47.01,1.2364077718918138
False,2.01,4.01,3.01,30.009999999999998,1.2678590289268037
False,2.01,4.01,1.01,41.01,1.069565445541612
False,6.01,6.01,1.01,37.01,0.9684604836934749
False,3.01,2.01,2.01,46.01,0.811613459590813
False,9.01,7.01,1.01,42.01,0.9231712760394062
False,11.01,6.01,1.01,34.01,1.0925655857157404
False,0.01,0.01,2.01,36.01,0.8225873008022441
True,0.01,0.01,1.01,31.009999999999998,0.759885069257746
False,0.01,0.01,0.01,42.01,1.0225643164500573
False,0.01,0.01,0.01,39.01,1.1904566027960883
True,0.01,0.01,0.01,35.01,1.0436402478582065
True,0.01,0.01,0.01,52.01,1.2709742873484184
True,0.01,1.01,0.01,41.01,0.7684366423806078
False,1.01,1.01,2.01,42.01,0.8881089676137316
True,0.01,1.01,1.01,40.01,0.5253550081523465
True,0.01,1.01,1.01,46.01,1.1323097075462043
False,0.01,1.01,0.01,43.01,1.1826077483702444
False,0.01,0.01,1.01,43.01,0.9896139495505516
True,0.01,0.01,1.01,42.01,0.911620207648232
False,0.01,0.01,0.01,42.01,1.049712028203628
True,0.01,0.01,0.01,36.01,1.1720400291007294
False,0.01,0.01,1.01,44.01,0.6637325037578695
True,0.01,0.01,1.01,41.01,1.398815126926594
True,0.01,1.01,2.01,35.01,1.3631113201908371
False,0.01,0.01,1.01,41.01,1.4431474099737154
True,2.01,1.01,0.01,37.01,0.9615524974688602
False,1.01,0.01,0.01,37.01,1.2288604236102163
False,0.01,0.01,0.01,44.01,0.9547760255149114
False,1.01,0.01,0.01,45.01,0.6909997155930324
True,0.01,0.01,1.01,40.01,1.0429665440121945
False,0.01,1.01,0.01,44.01,1.1193869677672603
False,2.01,2.01,2.01,37.01,0.48517606957062875
False,2.01,1.01,1.01,35.01,1.0083061314495307
False,1.01,2.01,2.01,42.01,0.5045774612211208
False,0.01,0.01,2.01,48.01,1.1266512758144909
True,0.01,1.01,1.01,42.01,1.223590093481398
False,1.01,1.01,3.01,47.01,0.9225727367723058
False,1.01,0.01,0.01,37.01,1.2572957153927062
False,3.01,1.01,0.01,49.01,1.5753712560650757
False,0.01,0.01,2.01,46.01,0.8138793406678211
False,0.01,1.01,0.01,44.01,1.01522392013602
True,0.01,0.01,1.01,49.01,0.9460046479278762
False,0.01,0.01,0.01,35.01,0.56570318169564
False,0.01,0.01,1.01,36.01,1.1075769522992842
False,0.01,1.01,0.01,45.01,1.154895063171765
True,0.01,0.01,0.01,41.01,0.7731145024864613
False,0.01,1.01,1.01,38.01,0.8123795427067663
True,0.01,0.01,0.01,24.009999999999998,1.3549565780065806
True,0.01,0.01,2.01,48.01,1.363756984341868
False,0.01,0.01,0.01,26.009999999999998,0.7650523659275559
False,0.01,0.01,1.01,33.01,0.3882953552513344
True,0.01,1.01,1.01,35.01,0.47313004198561115
True,1.01,0.01,0.01,53.01,0.5895558786547954
False,0.01,1.01,2.01,36.01,1.3927275492358822
False,0.01,0.01,0.01,39.01,0.7993356511370358
False,1.01,0.01,2.01,39.01,0.6464558269213032
False,0.01,0.01,1.01,44.01,0.6713656842838234
True,1.01,0.01,0.01,36.01,0.6910323918105006
True,0.01,1.01,0.01,32.01,1.1243758998781257
True,0.01,0.01,2.01,37.01,1.035879302343955
False,0.01,0.01,1.01,35.01,0.7591143821751398
False,2.01,0.01,3.01,30.009999999999998,0.8043356311533747
False,0.01,0.01,0.01,32.01,1.4379897602521325
True,0.01,1.01,1.01,34.01,0.6982831379712484
False,1.01,0.01,0.01,40.01,1.6459977059196331
False,0.01,0.01,2.01,40.01,0.9916676305466252
True,2.01,1.01,0.01,27.009999999999998,0.9085753217688478
True,1.01,1.01,1.01,43.01,1.0504777487712091
False,2.01,1.01,0.01,34.01,1.2507397472425572
True,5.01,1.01,0.01,34.01,1.3192602332308214
False,2.01,2.01,3.01,37.01,1.3853160927695116
False,3.01,3.01,1.01,34.01,0.7525206233856715
True,1.01,0.01,3.01,46.01,1.0408443156099096
False,0.01,0.01,1.01,37.01,1.0929031471785424
False,0.01,0.01,1.01,38.01,1.0881785976268954
False,0.01,0.01,0.01,37.01,1.2706761233935149
True,0.01,1.01,1.01,31.009999999999998,1.3339643383351691
True,0.01,0.01,0.01,40.01,1.529251238567641
True,0.01,1.01,0.01,39.01,1.3227870118512488
False,0.01,0.01,1.01,38.01,1.22537760503625
False,0.01,0.01,0.01,35.01,0.8910681105540071
False,0.01,0.01,0.01,31.009999999999998,0.3645187301450231
True,0.01,1.01,1.01,36.01,0.8177067409839813
False,0.01,0.01,0.01,31.009999999999998,1.0958989940178525
True,0.01,0.01,0.01,35.01,1.2992190507634465
False,0.01,0.01,1.01,35.01,1.6167272651687616
False,2.01,0.01,1.01,50.01,0.9775562811015632
False,1.01,0.01,1.01,38.01,0.5384385048739269
True,0.01,1.01,0.01,41.01,1.0002734753934195
True,1.01,1.01,0.01,41.01,1.1204286188350545
False,0.01,0.01,2.01,30.009999999999998,0.4562429790765623
True,2.01,1.01,1.01,28.009999999999998,0.9864204109929109
False,0.01,0.01,1.01,33.01,1.3108144101133368
False,1.01,0.01,2.01,47.01,1.1335380611805443
False,0.01,2.01,1.01,42.01,0.648524833232665
False,1.01,0.01,2.01,38.01,1.231656631209811
False,0.01,3.01,2.01,32.01,1.0954880708743508
False,0.01,1.01,0.01,39.01,0.6356273827011556
True,1.01,1.01,0.01,28.009999999999998,0.93297114720726
False,1.01,1.01,2.01,31.009999999999998,1.6708635139876593
True,4.01,1.01,1.01,38.01,0.7380038040602798
False,3.01,0.01,2.01,32.01,1.0975635594482342
True,2.01,2.01,5.01,35.01,0.9549543346303078
True,2.01,1.01,2.01,40.01,0.9804917125234672
True,0.01,0.01,4.01,52.01,1.2192705892071913
False,0.01,0.01,2.01,34.01,0.6080222697655393
False,0.01,2.01,0.01,40.01,0.8648795828613318
True,0.01,0.01,0.01,39.01,1.1604427094917773
True,1.01,0.01,0.01,49.01,0.7879689573506534
False,0.01,0.01,1.01,43.01,0.8085952386808634
False,0.01,1.01,1.01,46.01,0.9334655934493239
True,0.01,1.01,0.01,38.01,2.132397267392602
False,1.01,0.01,1.01,46.01,0.9763531460493757
True,0.01,1.01,1.01,53.01,0.7566127502762661
True,0.01,0.01,0.01,39.01,1.3946151131233449
False,0.01,0.01,1.01,51.01,0.9645492279832311
False,0.01,0.01,0.01,37.01,0.7323479587943262
True,0.01,1.01,0.01,31.009999999999998,0.900466705567136
True,2.01,1.01,0.01,43.01,1.081370174966912
False,0.01,0.01,1.01,35.01,1.238173840583768
True,1.01,1.01,1.01,48.01,1.2171475194684447
False,1.01,1.01,1.01,36.01,1.077786607505278
True,1.01,2.01,2.01,38.01,1.077116849065643
False,0.01,1.01,1.01,39.01,1.096152112467902
True,0.01,0.01,1.01,37.01,0.6109427590309943
True,0.01,0.01,1.01,40.01,1.472024790416975
False,3.01,0.01,1.01,42.01,1.4906360405906376
False,2.01,1.01,0.01,39.01,1.57051495954531
True,1.01,5.01,2.01,34.01,1.1333797922270403
True,0.01,1.01,0.01,41.01,0.9133483944688295
False,0.01,0.01,0.01,41.01,1.1453435769167195
False,5.01,0.01,1.01,41.01,0.6905735918517875
False,3.01,2.01,0.01,45.01,0.5021701632810893
True,2.01,1.01,1.01,39.01,0.9072709503569996
True,1.01,4.01,1.01,38.01,1.026188806447758
True,2.01,0.01,3.01,35.01,1.238568529352198
False,2.01,5.01,3.01,43.01,1.03301856557469
True,4.01,0.01,4.01,38.01,1.3572063969956947
False,0.01,0.01,0.01,39.01,0.8066343911073754
True,1.01,0.01,1.01,41.01,0.8769433049460629
False,0.01,0.01,1.01,35.01,0.8963403485503617
False,0.01,0.01,0.01,39.01,0.567577539090289
True,0.01,0.01,0.01,44.01,1.4135075733820979
True,0.01,0.01,0.01,53.01,0.8783526711193111
True,1.01,0.01,1.01,35.01,0.6648003795962053
False,0.01,0.01,0.01,47.01,0.8777836350198142
True,0.01,0.01,0.01,33.01,1.2686018615393169
True,0.01,1.01,0.01,55.01,1.0523377221402208
False,0.01,0.01,0.01,49.01,0.7484366469562822
False,0.01,0.01,2.01,52.01,0.8379036296648774
False,1.01,1.01,3.01,41.01,1.121253625494893
False,0.01,0.01,2.01,39.01,1.0085003673570698
False,0.01,0.01,0.01,50.01,1.1117872461216114
True,0.01,1.01,0.01,54.01,0.7650840465169195
False,0.01,1.01,1.01,45.01,0.48048103141706777
True,0.01,0.01,0.01,32.01,0.8528316645058226
True,1.01,2.01,0.01,35.01,1.3071608169136884
True,0.01,0.01,2.01,35.01,0.8728814640596877
False,1.01,1.01,0.01,32.01,1.1281567560538421
True,0.01,0.01,1.01,45.01,0.9813939520916266
False,0.01,2.01,2.01,37.01,1.2013675692926171
False,0.01,1.01,0.01,45.01,0.6040460657333724
False,0.01,4.01,2.01,35.01,0.9596278949326835
False,2.01,0.01,1.01,43.01,0.9948030575149629
False,1.01,1.01,0.01,41.01,1.0695898153066936
False,0.01,2.01,3.01,42.01,1.6913562955503172
True,0.01,3.01,1.01,43.01,0.6070372609846295
True,1.01,0.01,0.01,32.01,0.9450805604486218
False,1.01,0.01,0.01,33.01,0.9855898706556602
False,2.01,0.01,1.01,33.01,0.8932967298205411
False,2.01,0.01,1.01,39.01,1.3002168014590616
False,2.01,1.01,0.01,52.01,1.1099883307592053
False,0.01,0.01,2.01,46.01,0.9605648365306164
False,0.01,0.01,1.01,41.01,1.029946018644828
True,0.01,1.01,1.01,41.01,1.1862813442448623
False,1.01,0.01,1.01,47.01,0.6515851823736611
True,0.01,1.01,1.01,43.01,0.7625192656483826
True,0.01,0.01,0.01,39.01,0.680104819094205
True,0.01,3.01,1.01,41.01,1.0048557983690078
False,0.01,0.01,1.01,30.009999999999998,1.099141143976008
False,0.01,0.01,1.01,33.01,0.879819503883376
False,0.01,0.01,0.01,40.01,0.7234899286734636
False,0.01,2.01,1.01,31.009999999999998,0.866465238997963
False,2.01,0.01,2.01,45.01,0.8150340179719247
False,0.01,0.01,0.01,27.009999999999998,0.5206907381719859
False,0.01,0.01,2.01,47.01,0.9766874205222027
False,0.01,0.01,0.01,50.01,0.7632208331121374
False,0.01,0.01,1.01,40.01,0.5823618260290782
False,0.01,1.01,0.01,36.01,0.6580352485502428
True,0.01,1.01,0.01,34.01,1.1661653660925804
True,1.01,1.01,2.01,45.01,0.4764712850618236
True,1.01,0.01,3.01,46.01,0.9820607034375545
False,0.01,0.01,0.01,47.01,1.2707331484328315
True,0.01,2.01,2.01,39.01,0.7261950078329389
False,0.01,2.01,0.01,40.01,0.5968415101936488
True,0.01,0.01,0.01,43.01,0.7122812617609485
False,0.01,0.01,0.01,32.01,0.4466587895723241
True,0.01,0.01,1.01,42.01,0.5703077347978329
True,0.01,0.01,2.01,42.01,1.0021877868851319
False,0.01,0.01,1.01,31.009999999999998,0.781695238185008
True,1.01,3.01,1.01,41.01,0.9225404671221331
False,0.01,2.01,2.01,28.009999999999998,0.8915653346145338
True,7.01,2.01,3.01,37.01,1.02816972567514
False,0.01,1.01,1.01,55.01,1.8777840801987837
True,0.01,0.01,1.01,37.01,0.7697947443729861
False,0.01,0.01,1.01,49.01,1.0751866670796422
True,0.01,0.01,1.01,40.01,0.9674530682242719
True,0.01,0.01,2.01,41.01,0.8318614598903812
True,0.01,0.01,1.01,39.01,0.9779023593861988
False,0.01,0.01,0.01,31.009999999999998,0.8386024700656289
True,0.01,0.01,0.01,40.01,1.053029811415761
True,1.01,0.01,0.01,44.01,0.6648383579479676
False,0.01,0.01,0.01,39.01,0.8000481977661394
True,0.01,0.01,1.01,35.01,1.0327922222547221
False,0.01,0.01,0.01,50.01,0.6069981521560964
True,0.01,1.01,1.01,43.01,0.43163247479285216
True,0.01,0.01,0.01,36.01,1.025389335938276
False,0.01,2.01,0.01,28.009999999999998,0.7909598766620441
False,1.01,0.01,0.01,40.01,1.030826542119021
True,0.01,1.01,3.01,36.01,0.9851841625631302
True,0.01,0.01,0.01,25.009999999999998,0.6892439273041988
True,0.01,1.01,0.01,34.01,0.6662154987743972
False,1.01,0.01,2.01,29.009999999999998,0.7858712418690519
False,0.01,0.01,3.01,31.009999999999998,1.671339052313406
False,0.01,0.01,0.01,47.01,0.8692575900450664
False,0.01,2.01,2.01,41.01,1.1509968209672397
False,0.01,1.01,1.01,42.01,0.8946636361773497
False,2.01,3.01,0.01,45.01,0.9099996432288148
False,0.01,1.01,4.01,44.01,1.1143894742119407
False,2.01,1.01,1.01,34.01,0.9566221301424667
True,1.01,1.01,2.01,39.01,1.5463191702779806
False,0.01,2.01,1.01,44.01,0.6483232843808027
False,0.01,0.01,1.01,37.01,1.020039535268609
False,3.01,0.01,2.01,39.01,0.775530983691361
False,4.01,2.01,1.01,38.01,0.7069992944427809
False,0.01,3.01,4.01,41.01,0.7072229357105083
False,3.01,1.01,2.01,45.01,1.5861740111740108
True,1.01,0.01,1.01,30.009999999999998,1.1723350877990846
False,0.01,0.01,2.01,37.01,0.5541597442280164
False,0.01,0.01,0.01,36.01,0.9836333638611134
False,0.01,0.01,3.01,36.01,0.6896827714428544
False,0.01,0.01,0.01,45.01,0.6684796482935123
True,0.01,0.01,0.01,42.01,0.632270530073325
True,0.01,0.01,0.01,42.01,1.3801953573859083
True,0.01,0.01,2.01,45.01,0.2985700102454253
False,0.01,1.01,0.01,56.01,1.2960820719735882
False,0.01,0.01,0.01,42.01,0.5738631728361631
False,0.01,0.01,2.01,40.01,0.7136627239788093
False,0.01,0.01,0.01,44.01,0.8377553159661424
True,0.01,2.01,0.01,34.01,0.7919444003008629
False,0.01,1.01,0.01,50.01,0.7330573299194575
True,0.01,0.01,0.01,39.01,0.98317227934704
True,0.01,0.01,4.01,46.01,0.649703486085065
True,2.01,1.01,1.01,44.01,1.20704300977329
True,0.01,0.01,0.01,45.01,0.28570843379741256
True,0.01,0.01,0.01,52.01,1.057223719869069
False,0.01,0.01,1.01,40.01,0.9556656224769305
False,0.01,0.01,2.01,54.01,0.5311035894274225
False,0.01,0.01,0.01,33.01,0.8023767238276807
False,1.01,0.01,0.01,47.01,1.141192301935901
False,0.01,1.01,1.01,44.01,1.4020949892668078
True,0.01,0.01,0.01,31.009999999999998,1.216902167312701
False,0.01,1.01,2.01,48.01,1.033731246350635
False,2.01,2.01,1.01,44.01,0.7667887159775585
False,3.01,0.01,1.01,36.01,0.8703401580799279
False,1.01,1.01,3.01,49.01,0.8728527912529384
True,1.01,2.01,0.01,55.01,1.0583912779047417
True,1.01,0.01,3.01,53.01,1.1902460101113304
False,1.01,0.01,3.01,40.01,0.7151718036169672
False,1.01,0.01,3.01,46.01,1.5500363531224022
True,0.01,0.01,0.01,31.009999999999998,1.3856917398239492
False,0.01,0.01,2.01,32.01,0.7111594181968944
False,0.01,0.01,0.01,43.01,1.0573249855585702
False,0.01,0.01,0.01,43.01,1.0666005934388287
False,0.01,1.01,0.01,53.01,0.8870880354934195
False,1.01,1.01,2.01,39.01,1.1677486390452572
False,0.01,0.01,0.01,30.009999999999998,0.803469156073772
False,1.01,0.01,0.01,30.009999999999998,1.361813207612423
False,0.01,0.01,0.01,50.01,1.3096620045516345
False,0.01,0.01,0.01,40.01,0.8930784565820364
True,0.01,0.01,1.01,36.01,0.5089128612379197
False,0.01,0.01,0.01,48.01,1.1435991825567735
True,0.01,0.01,2.01,28.009999999999998,0.706787071460154
False,0.01,0.01,0.01,40.01,1.1220866627910382
False,0.01,0.01,0.01,36.01,0.8056345923481495
False,1.01,0.01,0.01,35.01,1.4107472862175543
True,0.01,0.01,1.01,37.01,1.1283972362825208
False,0.01,0.01,2.01,38.01,0.8857354597683845
False,0.01,0.01,1.01,36.01,1.5049052699024967
True,0.01,0.01,0.01,35.01,0.841710333130423
False,0.01,1.01,0.01,27.009999999999998,1.2042072169272593
False,3.01,1.01,1.01,32.01,1.0969947040983297
True,0.01,2.01,1.01,46.01,1.398775915339077
False,1.01,1.01,1.01,41.01,1.091401302890242
False,0.01,0.01,0.01,43.01,0.6709747147968569
True,0.01,0.01,1.01,42.01,0.9348624026438924
True,0.01,0.01,0.01,40.01,1.1591459439066625
True,4.01,0.01,0.01,43.01,0.9641427682445916
False,1.01,0.01,1.01,44.01,0.8470983777117053
False,1.01,2.01,1.01,37.01,1.1240054729743514
False,0.01,2.01,1.01,46.01,0.6949928614349659
True,1.01,6.01,0.01,49.01,1.1336856043122028
False,0.01,2.01,2.01,45.01,1.2327140099343734
False,0.01,0.01,0.01,42.01,1.1214521899980159
True,0.01,0.01,4.01,42.01,0.6375819856636464
True,0.01,0.01,2.01,39.01,0.388197097162181
True,0.01,0.01,0.01,35.01,1.2250565156888826
False,1.01,0.01,1.01,42.01,1.5652071604064202
True,1.01,0.01,0.01,44.01,1.600831726958149
False,0.01,0.01,1.01,49.01,0.8874533403104832
False,0.01,0.01,0.01,24.009999999999998,0.8911077638071048
True,0.01,0.01,0.01,31.009999999999998,1.297334755234128
True,0.01,0.01,0.01,40.01,1.5515809626103743
False,1.01,0.01,0.01,33.01,0.9385374925276364
False,0.01,0.01,1.01,34.01,0.8759285685387842
False,0.01,0.01,0.01,37.01,1.1313921740804926
True,0.01,0.01,0.01,39.01,1.26464319148796
False,0.01,0.01,3.01,39.01,1.2376677488075347
False,0.01,0.01,0.01,55.01,0.6644937647491826
False,0.01,1.01,0.01,35.01,1.4465391504084417
False,2.01,1.01,1.01,49.01,1.1538057784996703
True,0.01,0.01,1.01,49.01,0.8789911360867136
True,1.01,0.01,2.01,28.009999999999998,1.674972930781392
False,0.01,0.01,1.01,40.01,0.9171701335745311
True,0.01,0.01,0.01,35.01,0.6253919525932966
False,2.01,0.01,1.01,36.01,1.179938686517634
True,0.01,2.01,0.01,36.01,1.1695762117541393
False,0.01,0.01,0.01,42.01,0.8035169739772062
True,1.01,0.01,1.01,40.01,1.4233235158865412
False,0.01,0.01,2.01,43.01,1.3201128334362193
False,2.01,2.01,2.01,44.01,1.021245032390543
False,1.01,1.01,0.01,31.009999999999998,0.7813187974353906
True,1.01,2.01,3.01,37.01,1.4877631344737041
False,0.01,0.01,1.01,42.01,0.5346186719656815
False,1.01,1.01,1.01,33.01,1.0436845077238701
False,3.01,0.01,1.01,31.009999999999998,1.0919920516012613
False,0.01,0.01,0.01,43.01,1.3389775807699233
False,0.01,0.01,0.01,47.01,0.7752250169170898
False,0.01,0.01,0.01,42.01,0.9223452421757504
False,0.01,0.01,1.01,42.01,0.8564167080328429
False,1.01,0.01,0.01,31.009999999999998,0.5967926499203291
False,0.01,0.01,0.01,32.01,0.6924002387518368
True,0.01,0.01,1.01,39.01,1.0597808541510405
False,0.01,0.01,0.01,42.01,1.0176411113825736
False,0.01,0.01,2.01,38.01,0.6293485598086982
False,0.01,0.01,0.01,57.01,1.1616976811031474
False,0.01,0.01,0.01,37.01,1.170680702976529
False,0.01,0.01,0.01,32.01,0.7047155508953848
True,0.01,0.01,1.01,40.01,0.6501703093740298
True,2.01,0.01,1.01,41.01,1.1600971170392722
True,0.01,0.01,2.01,53.01,0.6925137162093683
False,0.01,1.01,1.01,29.009999999999998,0.6689861844200535
True,1.01,0.01,2.01,35.01,0.960425604797929
False,1.01,0.01,1.01,42.01,0.9473598222738876
False,0.01,0.01,0.01,46.01,1.536301204938447
False,0.01,0.01,1.01,31.009999999999998,0.7589266708624245
True,1.01,2.01,2.01,33.01,0.9893599757761957
True,2.01,0.01,0.01,54.01,1.090854914749927
True,0.01,4.01,1.01,40.01,0.5774889723802767
True,0.01,1.01,0.01,42.01,0.7648546637237061
True,0.01,0.01,1.01,37.01,0.7795755861979748
True,1.01,0.01,3.01,43.01,1.3497922909542117
False,0.01,1.01,2.01,46.01,1.1766478294533886
False,1.01,1.01,0.01,41.01,0.6194778509162071
True,1.01,1.01,2.01,49.01,0.7897155245637254
False,2.01,1.01,1.01,31.009999999999998,1.1636424268275152
False,1.01,3.01,3.01,34.01,1.6907713288279413
True,2.01,0.01,4.01,37.01,0.9778253463547582
False,3.01,4.01,2.01,38.01,0.9113810820214994
False,0.01,2.01,4.01,39.01,1.211730198409422
True,0.01,0.01,0.01,51.01,1.0144488939225782
True,0.01,0.01,0.01,48.01,1.7058226923607498
False,0.01,0.01,0.01,31.009999999999998,0.9426900710103157
True,0.01,1.01,1.01,43.01,0.956703341776703
False,0.01,0.01,2.01,53.01,0.7244744801970647
True,0.01,0.01,1.01,43.01,0.9944567430305968
False,0.01,0.01,2.01,37.01,0.9607811969206077
False,0.01,0.01,1.01,35.01,0.7707960967481093
False,0.01,0.01,1.01,34.01,0.8960097504834346
True,1.01,0.01,0.01,39.01,0.5872709158825311
True,0.01,0.01,0.01,30.009999999999998,0.9222138251609113
False,1.01,2.01,3.01,40.01,1.5221468187703753
False,0.01,0.01,0.01,38.01,1.2795482295482297
True,0.01,1.01,0.01,43.01,1.5421913656955601
True,1.01,0.01,1.01,38.01,1.143783473914548
True,1.01,3.01,1.01,35.01,1.0440160679408512
False,3.01,3.01,3.01,40.01,0.71226619959492
False,0.01,2.01,0.01,36.01,0.4594704898698625
False,0.01,2.01,0.01,44.01,0.6815406255537835
False,0.01,0.01,0.01,41.01,0.675275254962385
False,2.01,0.01,0.01,35.01,0.8445789249042429
True,0.01,1.01,0.01,30.009999999999998,0.7602887974179331
True,1.01,2.01,1.01,33.01,0.9226328642282468
False,2.01,1.01,1.01,33.01,1.240684554567483
True,1.01,5.01,3.01,39.01,0.8207582360460159
False,3.01,2.01,1.01,38.01,1.029009045538281
False,0.01,3.01,1.01,35.01,0.849930149936807
False,2.01,1.01,4.01,42.01,0.8660268041175387
False,1.01,1.01,0.01,43.01,0.9632152547813401
False,6.01,3.01,2.01,35.01,0.7271565923420142
False,8.01,5.01,6.01,35.01,1.114652060039991
True,1.01,1.01,1.01,38.01,0.7062044354370396
True,0.01,0.01,0.01,51.01,1.0777988713272568
False,0.01,0.01,2.01,41.01,0.24445738230854863
False,0.01,0.01,0.01,37.01,1.511687787113916
False,0.01,1.01,1.01,48.01,1.4494713844640812
False,0.01,0.01,2.01,30.009999999999998,1.27922298061165
True,0.01,1.01,0.01,45.01,0.9329056791871266
True,0.01,0.01,0.01,32.01,0.8376797563508642
True,0.01,0.01,0.01,40.01,1.3712248721532023
True,0.01,0.01,1.01,33.01,0.8069673941191768
True,0.01,1.01,0.01,49.01,1.0989270021735282
False,0.01,1.01,1.01,43.01,1.640423501701491
False,0.01,1.01,0.01,30.009999999999998,0.7757557610579423
False,0.01,1.01,2.01,36.01,1.3155446797255248
True,0.01,0.01,1.01,44.01,1.2138672310092784
False,1.01,1.01,0.01,42.01,1.2353795825757041
False,0.01,0.01,2.01,33.01,0.7954495913326877
True,1.01,0.01,0.01,38.01,1.209880040580956
True,0.01,0.01,1.01,33.01,1.2579239116596084
False,0.01,0.01,2.01,32.01,1.1211591935905438
False,1.01,0.01,2.01,34.01,1.006847990629498
False,0.01,0.01,0.01,37.01,1.0849741988655122
True,0.01,2.01,1.01,24.009999999999998,1.3430186901312946
False,0.01,0.01,2.01,37.01,1.7177443757450532
False,1.01,0.01,2.01,39.01,0.860345115619775
False,0.01,2.01,0.01,39.01,1.9007320450970333
True,0.01,0.01,0.01,30.009999999999998,1.5069523525124275
True,0.01,1.01,1.01,29.009999999999998,1.1667667846018792
True,1.01,0.01,0.01,42.01,0.447720574925147
False,1.01,0.01,0.01,36.01,1.1207706427055106
True,2.01,0.01,2.01,45.01,1.2453568372651234
False,1.01,1.01,3.01,34.01,1.612101425398956
True,0.01,2.01,2.01,43.01,2.219546849467873
False,1.01,1.01,1.01,38.01,0.9888993337923097
True,0.01,0.01,1.01,29.009999999999998,0.9108249342157078
False,0.01,1.01,0.01,44.01,0.9915310787865981
True,0.01,0.01,1.01,38.01,0.7834042715410902
False,1.01,0.01,2.01,49.01,0.6248577493822804
True,0.01,2.01,0.01,49.01,0.9049180937631109
False,1.01,0.01,1.01,42.01,0.9389439550640584
True,1.01,1.01,2.01,36.01,0.8794644886050614
True,1.01,0.01,1.01,40.01,1.2394754542637887
True,0.01,0.01,0.01,36.01,0.9844840609195773
True,1.01,0.01,1.01,41.01,1.5127010648712045
False,1.01,0.01,0.01,32.01,0.47623593488314997
False,1.01,4.01,1.01,35.01,0.8909301651420359
False,0.01,1.01,1.01,33.01,0.8054290696934133
False,0.01,1.01,0.01,41.01,0.9639087348081036
False,1.01,1.01,2.01,34.01,1.4411782966701474
True,0.01,1.01,0.01,36.01,0.8300630893479074
True,1.01,3.01,1.01,44.01,0.6095908530881736
True,1.01,1.01,1.01,39.01,0.7786352713115312
False,2.01,2.01,0.01,50.01,1.0609882852913541
False,1.01,1.01,0.01,30.009999999999998,0.8106487569629112
False,1.01,2.01,2.01,42.01,0.9058363057727106
False,2.01,3.01,3.01,37.01,1.040532798207101
False,4.01,1.01,1.01,25.009999999999998,0.9895025923323718
True,1.01,2.01,2.01,39.01,1.3408370942763053
True,1.01,5.01,0.01,52.01,1.223864986868974
False,1.01,1.01,0.01,40.01,1.087744707502772
False,2.01,1.01,2.01,34.01,0.4425771101216972
False,2.01,2.01,0.01,41.01,1.2720040083863067
False,4.01,3.01,1.01,44.01,0.9899700062479432
True,5.01,5.01,1.01,40.01,1.4873049635603652
False,8.01,5.01,1.01,42.01,1.1852042756944265
True,4.01,6.01,2.01,32.01,0.9187725488649748
False,4.01,3.01,0.01,37.01,1.3060068159614564
True,0.01,0.01,0.01,29.009999999999998,0.7680716030891486
False,0.01,0.01,0.01,47.01,1.021865689948832
False,0.01,0.01,1.01,45.01,1.033205266978362
False,1.01,0.01,1.01,38.01,0.9493433182611183
True,0.01,0.01,0.01,29.009999999999998,0.9132906410199837
True,0.01,0.01,1.01,40.01,0.7052475352882599
False,0.01,0.01,0.01,36.01,0.3433535215007405
False,0.01,0.01,1.01,31.009999999999998,1.25825894132449
False,0.01,0.01,0.01,36.01,0.8807637565596594
True,0.01,0.01,1.01,40.01,0.7217245482773432
False,0.01,1.01,0.01,40.01,0.6928872859239927
False,0.01,0.01,0.01,40.01,0.7693380086123207
False,0.01,0.01,2.01,32.01,0.8406913300239623
True,0.01,0.01,0.01,37.01,0.7854278756540816
False,0.01,0.01,2.01,42.01,0.6079449156902077
False,0.01,0.01,1.01,47.01,0.7963274808874109
False,0.01,0.01,0.01,36.01,0.7352684152656603
False,0.01,2.01,1.01,35.01,1.1243501155096003
True,0.01,0.01,2.01,22.009999999999998,1.4918455331929497
True,1.01,0.01,0.01,32.01,1.3680319155170353
True,4.01,1.01,2.01,30.009999999999998,1.5937176515594442
False,0.01,0.01,0.01,43.01,0.8823098943742715
False,0.01,0.01,1.01,46.01,1.0475689481006702
False,0.01,0.01,1.01,44.01,0.7423467217739038
True,0.01,1.01,1.01,39.01,0.8609419428023992
False,2.01,0.01,1.01,32.01,1.143467725427995
False,1.01,0.01,0.01,37.01,0.6445479194221758
True,1.01,1.01,0.01,32.01,0.6220235410676588
True,4.01,0.01,0.01,38.01,0.8430619577865136
False,0.01,4.01,2.01,40.01,1.210490573393799
False,2.01,2.01,1.01,43.01,1.2677120607665462
True,0.01,5.01,2.01,36.01,1.2948221173464174
False,4.01,0.01,1.01,41.01,1.7191280515723557
True,1.01,0.01,1.01,46.01,0.7085820923123649
False,0.01,1.01,0.01,45.01,0.8035926155188762
True,0.01,0.01,0.01,34.01,0.4370111642901262
False,0.01,0.01,0.01,58.01,0.7321966188421248
False,0.01,0.01,2.01,43.01,1.0317980379574456
False,0.01,1.01,0.01,56.01,1.0030188729613985
False,0.01,0.01,1.01,48.01,1.039732620917926
True,0.01,0.01,0.01,54.01,1.248937663861008
False,0.01,0.01,2.01,29.009999999999998,0.8775196361440423
False,0.01,1.01,1.01,43.01,0.7202020062568716
False,0.01,1.01,2.01,40.01,0.6593665253297906
False,0.01,0.01,1.01,36.01,1.052727357026556
True,0.01,0.01,0.01,36.01,0.9856189271012739
True,0.01,1.01,0.01,42.01,0.821400591949791
True,0.01,0.01,0.01,41.01,0.761944386778841
True,0.01,0.01,2.01,38.01,0.6262087928249143
False,0.01,1.01,1.01,34.01,1.0971591175448832
False,0.01,0.01,1.01,36.01,0.7339587338853057
False,0.01,1.01,0.01,42.01,0.6743199703858123
True,1.01,1.01,1.01,46.01,1.3541092963976258
False,0.01,0.01,0.01,35.01,0.6569329488919041
True,0.01,1.01,1.01,44.01,1.0345483188283158
True,0.01,2.01,1.01,45.01,0.814662029793104
False,1.01,0.01,0.01,41.01,0.6547631866877391
False,1.01,2.01,1.01,34.01,0.9873821394715862
True,2.01,0.01,1.01,45.01,1.2323674431764151
False,4.01,4.01,1.01,42.01,0.8561575264647899
False,3.01,0.01,1.01,45.01,0.7992620894482548
True,0.01,1.01,1.01,51.01,0.7356033461959083
False,3.01,2.01,0.01,47.01,1.145257102076578
False,0.01,3.01,2.01,47.01,1.1125385305890552
False,2.01,2.01,4.01,58.01,1.0283519294747958
True,0.01,9.01,3.01,30.009999999999998,1.1283191319545938
True,0.01,1.01,0.01,31.009999999999998,0.728524524184579
True,1.01,1.01,1.01,38.01,0.689725253445669
False,0.01,0.01,0.01,42.01,0.4527482322148598
True,0.01,0.01,1.01,31.009999999999998,1.6485395762595978
True,0.01,0.01,1.01,34.01,1.2842648360497633
False,0.01,0.01,0.01,45.01,0.8007267012154798
False,0.01,0.01,2.01,46.01,0.9742300031132095
True,0.01,0.01,2.01,33.01,1.0919992582950087
False,1.01,1.01,0.01,41.01,0.769896697789708
False,0.01,0.01,0.01,36.01,1.1689177277700773
False,0.01,0.01,0.01,28.009999999999998,0.9309140667269485
False,0.01,0.01,1.01,36.01,1.2317472678291925
True,0.01,0.01,0.01,44.01,0.4998709985666507
False,0.01,0.01,0.01,36.01,0.8647288714132298
True,0.01,0.01,0.01,54.01,1.7906137307448904
False,1.01,1.01,1.01,35.01,0.6922429333237615
False,1.01,0.01,0.01,45.01,0.9565311219689089
False,1.01,0.01,0.01,37.01,1.1867541903001724
False,0.01,2.01,1.01,48.01,0.7525371035369749
False,0.01,0.01,1.01,47.01,0.812740650435266
False,0.01,1.01,1.01,43.01,0.748434269600174
False,1.01,0.01,3.01,38.01,1.0757847606641353
False,0.01,1.01,0.01,35.01,0.5667248286260892
True,0.01,1.01,1.01,47.01,0.8370107520158095
True,1.01,1.01,0.01,50.01,0.6587399396348365
False,1.01,1.01,0.01,43.01,0.9944740057438344
True,2.01,3.01,0.01,43.01,1.0099808703616429
False,0.01,3.01,0.01,38.01,0.7867359709471813
False,2.01,1.01,1.01,39.01,0.6008478174807704
True,0.01,1.01,3.01,36.01,0.9037397381723016
False,1.01,1.01,2.01,31.009999999999998,0.6553314400476935
True,4.01,0.01,2.01,33.01,0.8464367076119172
False,2.01,2.01,0.01,50.01,0.6951793304734482
False,0.01,1.01,0.01,35.01,0.826257899042147
True,0.01,0.01,1.01,34.01,0.6303204466796212
False,1.01,0.01,0.01,36.01,1.26102646635833
True,0.01,0.01,0.01,35.01,1.1184672486032967
True,0.01,0.01,0.01,40.01,1.4469576888422822
False,0.01,0.01,0.01,39.01,0.6504830441188132
False,0.01,1.01,1.01,32.01,1.0366666328394323
False,0.01,0.01,0.01,42.01,0.7024028169836782
False,0.01,0.01,0.01,46.01,0.7041319423012785
False,0.01,0.01,2.01,35.01,0.9441097505000182
False,0.01,0.01,1.01,41.01,1.0821715686744844
False,0.01,1.01,1.01,38.01,1.2792172181357842
True,1.01,1.01,0.01,44.01,0.7902700740279626
False,1.01,0.01,0.01,36.01,0.6697733154336929
False,0.01,0.01,1.01,34.01,0.6275100260778009
True,0.01,0.01,0.01,36.01,0.7989059247560452
True,0.01,0.01,0.01,43.01,0.8264554713769916
False,0.01,2.01,0.01,37.01,0.7481204294077508
False,1.01,0.01,0.01,30.009999999999998,0.7743253203726855
False,0.01,2.01,1.01,39.01,0.8808065027643501
False,0.01,0.01,1.01,46.01,0.9371372236948042
True,0.01,0.01,1.01,42.01,0.6605791497828701
True,0.01,0.01,0.01,40.01,0.6777508241785101
False,0.01,0.01,1.01,36.01,1.5045394976598878
False,2.01,1.01,1.01,34.01,1.3931269379839644
True,1.01,1.01,2.01,44.01,0.6469990150706468
False,1.01,1.01,1.01,37.01,0.8434997150505534
False,2.01,1.01,1.01,30.009999999999998,0.6853113312195219
True,1.01,1.01,0.01,33.01,0.911584159600464
True,0.01,1.01,3.01,31.009999999999998,1.3151163472573735
True,2.01,1.01,1.01,40.01,0.8525633764357468
True,2.01,1.01,2.01,44.01,1.1569734193135186
True,1.01,2.01,1.01,30.009999999999998,1.2421280312917908
False,0.01,0.01,1.01,33.01,0.9738714168293369
False,0.01,0.01,1.01,49.01,1.5422270627166932
True,0.01,1.01,0.01,40.01,0.5860967284504388
True,0.01,0.01,1.01,37.01,0.9354271625503882
True,0.01,0.01,1.01,55.01,0.8656409471482236
True,0.01,0.01,2.01,32.01,0.7989121663115469
False,0.01,1.01,0.01,27.009999999999998,1.3675715869896914
True,1.01,0.01,2.01,38.01,0.9975863832222619
True,0.01,0.01,1.01,37.01,0.6640465552965553
True,0.01,1.01,1.01,47.01,0.9857897118632155
True,0.01,0.01,0.01,40.01,0.8378797456206177
False,0.01,1.01,0.01,42.01,0.797674773130512
False,0.01,0.01,0.01,38.01,1.0220011124195543
False,1.01,2.01,1.01,41.01,1.321062598382092
False,0.01,0.01,0.01,47.01,1.4180460000125246
True,1.01,0.01,4.01,37.01,1.001205021802848
True,1.01,1.01,3.01,48.01,1.4896206229698108
False,1.01,3.01,1.01,38.01,0.5491241891241891
False,3.01,0.01,1.01,54.01,0.736110799199053
False,0.01,2.01,0.01,41.01,1.1572814961193207
True,1.01,0.01,1.01,42.01,0.943336432723021
False,1.01,0.01,0.01,40.01,0.6966550501257787
False,1.01,5.01,1.01,35.01,0.48269041237754245
False,0.01,2.01,0.01,32.01,0.6589397902319442
False,2.01,1.01,0.01,55.01,0.6666735830214123
False,1.01,0.01,3.01,33.01,0.3837412913883502
True,2.01,3.01,1.01,48.01,0.9301851189323639
False,1.01,2.01,0.01,44.01,0.8367950955439987
False,4.01,5.01,1.01,34.01,1.068823069775082
False,1.01,5.01,1.01,48.01,0.958986206579855
False,3.01,5.01,2.01,49.01,1.2416930942480273
True,3.01,9.01,4.01,46.01,0.5449630541649233
False,7.01,5.01,1.01,39.01,1.2533065401409051
True,0.01,0.01,1.01,47.01,1.4439997613810125
False,0.01,0.01,0.01,40.01,1.3794880110321286
False,0.01,1.01,1.01,32.01,1.245178673090193
True,0.01,0.01,1.01,51.01,1.414340309791628
False,0.01,0.01,0.01,43.01,0.7468980551217393
True,1.01,0.01,1.01,44.01,0.6687289407051075
False,0.01,0.01,1.01,44.01,0.9671645636543336
False,0.01,0.01,1.01,49.01,0.7345788363016548
False,0.01,0.01,0.01,40.01,1.3234769388651375
False,2.01,0.01,0.01,45.01,0.7480723865663472
True,0.01,0.01,0.01,33.01,1.1258250377880614
False,0.01,0.01,1.01,44.01,0.8071884211111288
False,1.01,0.01,0.01,32.01,1.0167084065018548
False,0.01,0.01,0.01,44.01,0.6090439380880557
True,0.01,0.01,0.01,42.01,1.4294411037441517
False,0.01,0.01,0.01,34.01,1.089224734161817
True,0.01,0.01,1.01,34.01,1.2356827787940663
True,1.01,1.01,0.01,40.01,1.121767256436374
True,0.01,0.01,0.01,35.01,1.0186659969401437
False,0.01,1.01,0.01,42.01,0.8692062558371998
False,0.01,1.01,0.01,49.01,0.7574590529772759
False,2.01,0.01,0.01,44.01,0.9659857321496419
False,0.01,0.01,0.01,29.009999999999998,1.2059776090861285
False,0.01,0.01,1.01,41.01,1.082700561475515
False,0.01,0.01,0.01,36.01,0.7100462380288172
True,0.01,1.01,0.01,42.01,0.9010802688368974
True,0.01,0.01,4.01,38.01,0.951949459394281
True,0.01,0.01,0.01,34.01,0.6864830184828264
False,0.01,0.01,1.01,42.01,1.1471485680676856
False,2.01,1.01,2.01,36.01,1.1226468180227276
False,3.01,1.01,1.01,30.009999999999998,1.2023019125450638
True,0.01,0.01,0.01,34.01,1.339952034602182
False,2.01,2.01,2.01,45.01,0.5938193982877447
False,0.01,0.01,0.01,37.01,0.7176292362074898
False,0.01,0.01,0.01,42.01,1.007010919864106
True,1.01,0.01,0.01,35.01,0.9794804778813667
True,2.01,4.01,0.01,39.01,0.8569168394475685
True,0.01,0.01,1.01,40.01,0.788492991732578
False,0.01,0.01,0.01,36.01,0.9423723351060488
True,0.01,1.01,0.01,48.01,0.6359175657073153
True,0.01,1.01,0.01,38.01,1.2708510154039032
False,0.01,2.01,0.01,35.01,0.7026150592788365
False,1.01,0.01,0.01,55.01,1.1386060252814765
False,0.01,0.01,1.01,41.01,0.6741808962198786
False,1.01,0.01,1.01,40.01,1.1200587993541284
False,0.01,0.01,1.01,32.01,1.172543171113844
True,0.01,0.01,2.01,32.01,1.1077269446309697
False,1.01,1.01,2.01,41.01,0.6325319195027055
False,2.01,1.01,1.01,56.01,0.7415165428236259
True,1.01,1.01,1.01,53.01,0.6821523654803706
False,0.01,1.01,0.01,42.01,0.6133353204944267
True,0.01,1.01,0.01,30.009999999999998,1.3757703357340378
True,1.01,3.01,0.01,38.01,0.6944626679578271
False,0.01,0.01,1.01,53.01,0.9676975054897052
False,1.01,0.01,0.01,39.01,0.9121336477032866
True,2.01,1.01,1.01,38.01,1.108670266421231
True,1.01,0.01,2.01,47.01,0.5376832287583301
True,2.01,1.01,0.01,37.01,0.9781239518048223
False,2.01,2.01,1.01,37.01,0.8792500032856165
False,1.01,4.01,1.01,38.01,1.4648053353304857
False,3.01,0.01,1.01,56.01,0.9554911372575309
True,7.01,0.01,0.01,42.01,0.7841613709647764
False,1.01,3.01,0.01,45.01,1.2301164145191896
False,2.01,10.01,3.01,47.01,1.8841881503952442
False,10.01,5.01,4.01,46.01,1.1459458651298786
False,4.01,5.01,3.01,35.01,1.3193972416213045
True,0.01,0.01,0.01,40.01,0.9859006775749285
False,0.01,0.01,1.01,37.01,0.8067144674102147
False,1.01,0.01,0.01,39.01,0.962608299584826
False,0.01,0.01,1.01,33.01,1.2888261439383082
False,0.01,0.01,0.01,40.01,0.9714652401842443
False,0.01,0.01,1.01,45.01,1.253385852830531
False,1.01,2.01,1.01,43.01,1.2450036310895098
True,0.01,0.01,0.01,44.01,1.471468830034856
True,0.01,0.01,0.01,46.01,0.8831686303545291
False,0.01,0.01,3.01,32.01,0.7017880874312057
True,0.01,0.01,2.01,38.01,0.9512914261422556
True,0.01,2.01,0.01,39.01,0.8712811078850282
True,0.01,0.01,0.01,39.01,1.598933525183317
True,0.01,0.01,1.01,45.01,1.1723751798912574
True,0.01,0.01,0.01,35.01,1.002354586358435
False,0.01,1.01,1.01,44.01,0.8190180227508312
True,0.01,1.01,2.01,32.01,1.2421374711162134
False,0.01,0.01,1.01,43.01,1.107656786686022
True,2.01,0.01,1.01,44.01,1.0693300257165803
False,2.01,1.01,1.01,43.01,1.246985992749418
False,0.01,0.01,3.01,44.01,0.8242560902719571
False,1.01,0.01,0.01,47.01,1.4278251528288546
False,2.01,1.01,0.01,44.01,0.7261456471620618
False,0.01,0.01,1.01,48.01,1.0499744503163027
False,3.01,0.01,1.01,39.01,0.7116137647400577
False,1.01,0.01,5.01,30.009999999999998,1.235488874614676
False,1.01,1.01,5.01,41.01,0.7084451787559033
False,2.01,0.01,2.01,28.009999999999998,0.9678106209002619
False,0.01,3.01,0.01,36.01,1.4154453747233315
True,1.01,3.01,0.01,33.01,0.6833804135596093
True,1.01,2.01,1.01,43.01,0.9517008407603759
False,0.01,0.01,3.01,43.01,1.1540227249264055
False,3.01,3.01,0.01,40.01,1.1656918645559617
False,0.01,0.01,0.01,41.01,0.9768558918962597
False,0.01,0.01,0.01,40.01,0.8736116805808807
False,0.01,0.01,0.01,31.009999999999998,0.9143617686896935
True,0.01,0.01,0.01,27.009999999999998,1.634847726388866
True,0.01,0.01,0.01,52.01,0.7022363959659044
True,0.01,0.01,0.01,32.01,1.5404005862558494
True,0.01,0.01,0.01,44.01,0.7124026947221533
False,0.01,2.01,0.01,50.01,0.9140365080262781
False,0.01,0.01,0.01,42.01,0.8558718218157231
False,0.01,0.01,1.01,37.01,0.8538890157136398
False,0.01,0.01,0.01,47.01,0.9382890103012055
False,0.01,2.01,2.01,50.01,2.2219754785371
True,0.01,2.01,1.01,29.009999999999998,0.9845359411733364
False,0.01,0.01,0.01,37.01,1.1857155612370924
False,0.01,0.01,1.01,35.01,0.8617702262619296
True,0.01,1.01,1.01,43.01,0.837837270508629
False,1.01,0.01,3.01,33.01,1.1587905349279692
False,1.01,0.01,2.01,35.01,1.0719532093577462
True,0.01,0.01,0.01,32.01,0.6150638314803263
False,0.01,1.01,1.01,41.01,1.2378460985803292
False,0.01,0.01,1.01,37.01,1.5884318166089992
False,0.01,0.01,1.01,39.01,0.7344930160818737
True,0.01,1.01,1.01,35.01,0.9783300872254361
False,0.01,0.01,1.01,40.01,1.240345246569583
True,0.01,0.01,1.01,29.009999999999998,0.9113785724985276
False,0.01,0.01,1.01,45.01,1.1930019113352954
False,0.01,0.01,1.01,41.01,1.2556522829661256
True,0.01,0.01,1.01,34.01,0.817068919006207
True,0.01,0.01,1.01,47.01,0.9588111126995766
True,0.01,0.01,1.01,33.01,0.8675610494260377
False,0.01,2.01,0.01,35.01,1.1230956455488694
False,0.01,0.01,1.01,37.01,1.2551476097306
True,1.01,1.01,2.01,37.01,0.9355974619461558
False,0.01,0.01,1.01,36.01,0.80331235941285
False,0.01,0.01,0.01,41.01,1.167566468811583
False,0.01,0.01,0.01,38.01,0.6619212332137211
True,1.01,0.01,1.01,36.01,0.9262574047354184
False,0.01,1.01,1.01,50.01,0.6295447758518244
False,1.01,1.01,1.01,44.01,1.2635261878797346
False,0.01,0.01,1.01,35.01,0.8036943493894861
False,0.01,0.01,1.01,40.01,0.9834413360163394
False,0.01,1.01,0.01,39.01,1.4463043800777522
False,0.01,0.01,0.01,36.01,1.2591026707362702
False,0.01,0.01,4.01,37.01,1.043195575596336
True,2.01,1.01,1.01,30.009999999999998,0.8967158839579552
False,0.01,2.01,0.01,51.01,0.796960081660626
False,1.01,0.01,0.01,47.01,1.0780575640425656
True,0.01,1.01,1.01,37.01,0.918065765268363
True,1.01,0.01,1.01,32.01,1.0634555660101503
True,0.01,0.01,0.01,44.01,0.9664837305298208
True,1.01,0.01,0.01,47.01,0.6139077201443429
False,1.01,0.01,0.01,46.01,1.3429699513379727
False,1.01,1.01,0.01,43.01,0.64653461568007
False,1.01,0.01,0.01,33.01,1.0587125948117735
True,0.01,0.01,1.01,27.009999999999998,1.7221498441433354
False,0.01,0.01,1.01,33.01,0.8453077768533246
False,1.01,0.01,1.01,46.01,1.1916940973143095
True,0.01,2.01,1.01,38.01,0.9318115540810603
True,3.01,1.01,0.01,38.01,1.3371797348977272
True,2.01,2.01,3.01,41.01,1.2235596327427325
True,1.01,1.01,3.01,45.01,0.9878259155886121
True,3.01,4.01,1.01,42.01,1.683234506878867
False,3.01,4.01,2.01,23.009999999999998,0.8211739372818282
True,7.01,2.01,1.01,43.01,0.9431304784793155
False,3.01,2.01,2.01,39.01,1.013804805074131
True,5.01,5.01,0.01,38.01,1.1461687362345256
False,0.01,0.01,1.01,42.01,1.1005422814063621
True,0.01,0.01,0.01,44.01,0.36330228560701316
False,0.01,1.01,1.01,43.01,0.8626617955122334
True,0.01,0.01,0.01,32.01,1.23779327875824
False,1.01,1.01,1.01,36.01,1.534382178418194
False,1.01,0.01,1.01,29.009999999999998,0.6866868526026296
True,1.01,0.01,1.01,40.01,0.749404021994098
False,0.01,0.01,2.01,41.01,0.8459647765045586
False,0.01,1.01,0.01,44.01,1.1661521610434653
True,0.01,0.01,1.01,38.01,1.123566800967503
True,0.01,0.01,2.01,40.01,0.9841219008914107
True,0.01,0.01,0.01,43.01,0.753544993725646
True,2.01,0.01,3.01,39.01,1.8936227125439173
False,0.01,0.01,2.01,35.01,0.49077883975673336
False,2.01,1.01,0.01,40.01,0.9591128756720971
False,0.01,1.01,0.01,49.01,0.3887939837939838
True,1.01,0.01,0.01,43.01,1.2453359743857872
True,1.01,0.01,2.01,45.01,1.0885084102044094
True,0.01,2.01,0.01,46.01,0.7392090301285458
False,2.01,1.01,1.01,30.009999999999998,1.2132838122157936
False,1.01,1.01,0.01,43.01,1.0202918978360138
True,1.01,0.01,3.01,35.01,0.7843842554958705
True,1.01,3.01,1.01,37.01,1.5319170929926076
True,2.01,1.01,0.01,41.01,1.4233813749382804
False,1.01,1.01,0.01,39.01,1.2480597123501083
True,2.01,2.01,0.01,27.009999999999998,1.5939675491146081
False,2.01,3.01,3.01,45.01,0.5432949675247493
False,1.01,0.01,2.01,34.01,0.9754285711273973
False,4.01,7.01,0.01,50.01,1.6274341988121441
False,5.01,3.01,2.01,31.009999999999998,1.149815834393819
True,3.01,3.01,0.01,42.01,1.0159920703653837
True,5.01,2.01,0.01,36.01,1.5945993997347239
False,5.01,3.01,2.01,43.01,1.3029371881856353
True,2.01,3.01,0.01,43.01,0.8787852669598354
False,1.01,1.01,0.01,59.01,0.815417582352828
True,0.01,0.01,0.01,34.01,1.4173573046357721
True,0.01,0.01,1.01,42.01,1.7891524687304736
False,0.01,1.01,0.01,39.01,0.6775256074378128
True,3.01,0.01,0.01,46.01,1.6451267934627878
True,0.01,0.01,1.01,44.01,0.7020236589699167
False,0.01,0.01,1.01,45.01,0.9378045659924195
False,0.01,1.01,0.01,44.01,0.9713310058924862
True,2.01,1.01,3.01,43.01,1.1036176542014
True,1.01,2.01,3.01,39.01,1.3593972609440337
False,1.01,2.01,1.01,50.01,1.3956693893526364
False,1.01,0.01,0.01,35.01,1.0413148322739116
False,0.01,0.01,0.01,43.01,1.4986655905326371
True,1.01,1.01,1.01,45.01,1.2553862979365578
True,3.01,1.01,0.01,43.01,1.0203328630528123
False,1.01,0.01,2.01,36.01,0.8117249651858366
True,2.01,1.01,0.01,33.01,1.3407953974494893
False,1.01,0.01,2.01,36.01,1.5730634186664045
False,0.01,1.01,1.01,37.01,0.9769744731656478
False,0.01,2.01,1.01,42.01,1.2463285629739884
True,2.01,1.01,0.01,44.01,0.750778822517808
False,1.01,1.01,0.01,34.01,0.9295739179682952
True,7.01,1.01,4.01,41.01,1.057034808302707
False,0.01,2.01,0.01,42.01,1.2556599870628216
False,6.01,2.01,4.01,35.01,0.45031873259814437
False,2.01,5.01,0.01,41.01,1.0154001014196494
False,3.01,3.01,1.01,27.009999999999998,1.1408393176487766
True,3.01,4.01,2.01,42.01,0.9275775555401763
False,5.01,8.01,0.01,46.01,1.4191643276107075
False,8.01,5.01,2.01,41.01,1.2440249076198557
True,1.01,6.01,4.01,34.01,1.3380522079737283
False,9.01,6.01,3.01,21.009999999999998,1.034020910228004
False,1.01,0.01,0.01,42.01,0.6500965739982257
True,0.01,0.01,0.01,47.01,0.8903620807938681
True,0.01,0.01,1.01,43.01,0.8447862241796916
True,1.01,0.01,0.01,37.01,0.8879135482021392
False,0.01,0.01,1.01,40.01,0.9514807239750003
False,0.01,0.01,0.01,44.01,1.4064934919346685
True,0.01,0.01,1.01,43.01,1.5176305824640326
False,0.01,0.01,0.01,40.01,0.9459120293068772
True,0.01,0.01,0.01,44.01,0.5230163162778709
True,0.01,0.01,0.01,34.01,0.5796678526069458
False,0.01,0.01,2.01,47.01,1.0052948218269713
False,0.01,1.01,1.01,33.01,0.8686886064976258
False,0.01,0.01,0.01,37.01,0.6387663203920506
False,0.01,0.01,1.01,34.01,1.0529379281863753
False,0.01,0.01,0.01,51.01,1.2215848124342037
True,0.01,0.01,1.01,46.01,0.8433948387303946
False,1.01,0.01,2.01,29.009999999999998,0.6739582901780371
False,0.01,1.01,0.01,34.01,0.8927729595575904
False,0.01,0.01,0.01,43.01,0.8999100967268787
False,0.01,0.01,1.01,46.01,0.9805511044473083
False,0.01,0.01,1.01,39.01,1.0131502507977466
True,0.01,0.01,0.01,42.01,0.8217352926027633
True,1.01,0.01,1.01,38.01,1.0061130892305554
False,0.01,0.01,1.01,37.01,1.7941200466200466
False,0.01,0.01,1.01,48.01,1.1239135929088855
True,1.01,0.01,0.01,45.01,1.027374083257621
False,1.01,0.01,1.01,42.01,1.2932405237412177
False,1.01,0.01,0.01,28.009999999999998,1.1903386521147994
False,0.01,0.01,3.01,38.01,0.9417281781379774
True,0.01,4.01,1.01,44.01,0.7789440547279294
True,1.01,0.01,2.01,52.01,1.3549356731805822
True,2.01,1.01,4.01,43.01,1.017893947180115
False,1.01,0.01,0.01,36.01,1.2425400805126856
True,1.01,0.01,1.01,43.01,0.9771197096718918
False,1.01,0.01,0.01,40.01,1.3021793638695645
False,0.01,0.01,0.01,36.01,1.334413643059583
True,0.01,0.01,1.01,25.009999999999998,0.7240363618406037
False,0.01,0.01,1.01,42.01,0.6048432953769446
False,0.01,0.01,1.01,58.01,1.025538213900875
True,0.01,1.01,2.01,34.01,1.0248302673347127
False,0.01,0.01,1.01,44.01,0.9698734303136058
False,0.01,0.01,0.01,38.01,1.2147886239556982
False,0.01,0.01,1.01,45.01,0.5310183220263864
False,0.01,0.01,1.01,43.01,1.21945738008222
False,0.01,0.01,0.01,36.01,1.0000279796717741
True,0.01,0.01,2.01,40.01,0.5912288541955443
False,0.01,0.01,0.01,46.01,0.9084407864740919
True,0.01,2.01,0.01,34.01,1.2336036673296096
True,1.01,1.01,1.01,32.01,0.8262049596487069
False,0.01,0.01,0.01,28.009999999999998,1.2037084445477233
True,1.01,1.01,1.01,45.01,1.11555368960243
False,0.01,1.01,0.01,38.01,1.2050055532294783
True,2.01,1.01,1.01,38.01,0.8147470733018571
True,0.01,0.01,1.01,38.01,0.9700227738281363
True,1.01,1.01,0.01,33.01,0.8262048046809709
False,0.01,0.01,1.01,38.01,0.6539659106413257
False,2.01,2.01,1.01,36.01,0.8470791933209282
False,0.01,1.01,1.01,44.01,0.33193961009750483
False,1.01,1.01,0.01,42.01,1.1909681701826942
True,0.01,1.01,2.01,50.01,0.7256653031653032
False,1.01,2.01,0.01,33.01,0.9508717765876961
False,2.01,2.01,1.01,44.01,2.028112065555438
True,0.01,1.01,1.01,36.01,0.8163716373977645
False,1.01,4.01,1.01,40.01,1.670926369012418
True,1.01,0.01,4.01,44.01,0.7262573886531579
False,4.01,3.01,4.01,40.01,0.6913994423608785
False,0.01,0.01,0.01,40.01,0.5526353559867492
False,0.01,0.01,2.01,40.01,0.9788429786676879
False,0.01,0.01,0.01,38.01,0.9118112471076697
True,0.01,0.01,0.01,48.01,1.3520472337089458
False,0.01,0.01,0.01,40.01,1.1754696515349243
True,0.01,0.01,0.01,34.01,1.2777431621444229
False,0.01,0.01,0.01,38.01,1.0543467715688994
True,0.01,1.01,1.01,47.01,1.1002802226644115
True,0.01,0.01,0.01,47.01,0.9524582613026601
True,2.01,1.01,0.01,47.01,0.850633631250469
False,0.01,0.01,0.01,44.01,0.8616149248013834
False,0.01,0.01,0.01,30.009999999999998,0.6123711902174901
True,0.01,0.01,3.01,40.01,0.8110430044409764
True,0.01,0.01,1.01,32.01,1.5675540386033753
False,0.01,0.01,1.01,41.01,0.9629589414169324
True,0.01,0.01,0.01,41.01,1.3004049854613058
True,0.01,0.01,1.01,41.01,1.501160577178882
False,0.01,0.01,2.01,40.01,0.8014385935504548
False,0.01,0.01,1.01,38.01,0.6434628134628134
False,1.01,0.01,3.01,43.01,0.8229480052904165
True,1.01,0.01,1.01,39.01,1.1496694667017981
False,0.01,1.01,1.01,36.01,2.0601056015809336
False,2.01,1.01,3.01,31.009999999999998,1.3225205954018442
False,2.01,0.01,1.01,35.01,1.0547953816747282
True,0.01,0.01,0.01,42.01,0.9062866710824968
False,2.01,0.01,0.01,29.009999999999998,0.9891752032482822
True,0.01,0.01,1.01,43.01,0.9060915272289908
False,1.01,1.01,0.01,42.01,0.47920673304667644
False,1.01,2.01,1.01,46.01,1.2573709742245214
False,0.01,0.01,0.01,37.01,1.4246437272231662
True,0.01,7.01,2.01,34.01,0.8148292453331517
False,3.01,3.01,3.01,46.01,1.4150190211704161
False,0.01,0.01,0.01,38.01,1.0460838039884268
False,0.01,0.01,1.01,37.01,1.2271012657273939
False,0.01,0.01,0.01,33.01,1.148700617552054
True,0.01,1.01,0.01,49.01,1.8355308531784968
True,0.01,0.01,1.01,41.01,0.5219904894967055
False,1.01,0.01,2.01,39.01,0.6896835200520737
False,0.01,0.01,1.01,47.01,1.4757325313982463
False,0.01,0.01,0.01,34.01,0.7406459988468718
True,0.01,0.01,0.01,38.01,0.6614370053384648
False,0.01,0.01,1.01,42.01,1.3186317316871614
False,0.01,0.01,0.01,35.01,1.0400528789775307
False,0.01,0.01,0.01,38.01,0.928774762111587
False,0.01,0.01,1.01,37.01,0.6428192303575935
True,0.01,1.01,1.01,42.01,1.4519125891463305
False,0.01,1.01,0.01,31.009999999999998,0.4292410685709872
False,3.01,0.01,1.01,37.01,1.1453576223553092
False,0.01,0.01,1.01,45.01,1.1449736397297372
True,1.01,0.01,0.01,33.01,0.9485668968729655
True,0.01,0.01,1.01,42.01,1.3737311158545642
False,0.01,1.01,2.01,50.01,1.0365130647191922
True,0.01,0.01,1.01,43.01,1.1404728208028483
False,0.01,0.01,4.01,31.009999999999998,0.8081132976968537
False,1.01,1.01,2.01,44.01,0.4788138071417918
False,0.01,1.01,0.01,41.01,1.642290788868734
True,0.01,0.01,1.01,40.01,0.7647835617332087
False,1.01,0.01,0.01,42.01,1.0241111993213248
False,1.01,0.01,0.01,31.009999999999998,0.8473956109250228
True,1.01,0.01,1.01,42.01,0.6528740398963414
False,0.01,0.01,0.01,36.01,0.905695387269541
False,2.01,0.01,1.01,37.01,0.933256397585183
True,1.01,3.01,3.01,38.01,1.3783831714462949
True,5.01,2.01,0.01,38.01,0.9811111671789421
True,2.01,2.01,1.01,42.01,0.8574853577794754
False,3.01,3.01,1.01,42.01,0.8210637286159107
False,0.01,0.01,0.01,51.01,0.5817604936664061
True,0.01,1.01,1.01,30.009999999999998,0.5681086748391737
False,0.01,1.01,0.01,45.01,0.6724811588392107
False,0.01,0.01,0.01,42.01,0.6913826884063458
True,0.01,0.01,2.01,32.01,0.7716279245666504
False,0.01,0.01,1.01,39.01,0.9090859152314261
False,0.01,0.01,0.01,36.01,0.5915107784686258
False,1.01,0.01,1.01,37.01,0.6149627781321146
False,0.01,0.01,1.01,46.01,1.1402472533048131
True,0.01,0.01,0.01,42.01,1.2821338842695935
True,1.01,0.01,0.01,37.01,0.8113418593359614
False,0.01,0.01,0.01,38.01,0.8834314503042844
False,1.01,0.01,3.01,33.01,1.1427351399717887
True,0.01,2.01,0.01,35.01,1.1819356269904508
False,1.01,1.01,1.01,35.01,0.6054615067481298
False,1.01,1.01,2.01,31.009999999999998,0.3895148617729263
False,0.01,1.01,0.01,36.01,0.8605555467330606
False,0.01,1.01,2.01,44.01,1.193710650076498
False,0.01,2.01,0.01,36.01,0.8117065183890365
False,0.01,0.01,3.01,32.01,0.7365798084241086
True,2.01,0.01,1.01,38.01,0.41475395037019724
True,0.01,1.01,1.01,48.01,0.8730415242968812
True,1.01,1.01,1.01,35.01,0.9298148234270406
False,2.01,0.01,2.01,32.01,0.88005859590969
False,0.01,0.01,1.01,45.01,1.4486378900310788
True,0.01,1.01,0.01,47.01,0.9543436459390281
True,1.01,2.01,1.01,48.01,0.6261874215521079
False,0.01,0.01,1.01,31.009999999999998,0.7932152048519371
True,0.01,2.01,0.01,36.01,1.05134700838846
False,2.01,1.01,2.01,38.01,1.4823351480260163
False,0.01,5.01,1.01,26.009999999999998,1.0641055850169765
True,3.01,2.01,1.01,44.01,1.0726320241725167
False,0.01,1.01,1.01,40.01,0.8532219114739364
False,0.01,1.01,1.01,41.01,0.879689556296619
False,0.01,0.01,1.01,42.01,0.619421827386035
False,0.01,0.01,1.01,33.01,1.0501526101057372
False,0.01,0.01,1.01,33.01,0.8703772356271122
False,0.01,0.01,1.01,39.01,0.9376500747626022
False,1.01,0.01,1.01,40.01,0.8994472133828146
False,0.01,0.01,0.01,34.01,1.083448856889932
True,0.01,0.01,0.01,40.01,0.9670249817884088
True,0.01,0.01,0.01,44.01,0.46989159891598914
False,1.01,0.01,0.01,46.01,0.8039952832041447
True,0.01,0.01,0.01,36.01,1.0845400437153676
False,0.01,0.01,1.01,33.01,1.0246724141076187
False,0.01,0.01,1.01,46.01,0.9319180943285803
True,0.01,1.01,0.01,41.01,1.2091450209070347
False,0.01,0.01,1.01,37.01,1.0269917707120713
False,1.01,0.01,0.01,40.01,1.1911475309671784
True,0.01,0.01,1.01,44.01,0.36826758905797974
False,0.01,0.01,0.01,41.01,0.8620165614349347
True,0.01,0.01,4.01,38.01,1.0339883554068132
False,0.01,0.01,0.01,35.01,0.886922992164309
True,0.01,0.01,0.01,41.01,1.0509255063456038
True,1.01,0.01,1.01,40.01,1.1248308075781488
False,0.01,0.01,1.01,29.009999999999998,1.3245913350817913
False,1.01,0.01,1.01,35.01,0.9321647221859445
False,0.01,0.01,0.01,35.01,1.4611761839841895
True,1.01,0.01,0.01,35.01,1.059530303466022
False,1.01,2.01,0.01,50.01,0.801556407138501
True,0.01,3.01,0.01,43.01,1.0730868272606682
False,1.01,0.01,2.01,39.01,1.350073189428709
True,3.01,2.01,1.01,41.01,1.0842224196467296
True,2.01,0.01,0.01,32.01,2.0087808501118785
True,4.01,3.01,1.01,33.01,1.1477033702660304
True,4.01,1.01,3.01,44.01,1.5317533369840568
True,1.01,0.01,0.01,32.01,1.7453523982938322
False,0.01,0.01,1.01,45.01,0.8152744740170861
True,0.01,0.01,4.01,39.01,1.0195418389543471
True,1.01,0.01,0.01,47.01,0.32551401058177637
False,0.01,0.01,1.01,32.01,0.6594759875211194
False,0.01,0.01,1.01,31.009999999999998,0.7721351329986967
True,0.01,0.01,2.01,34.01,1.2519344358690423
True,0.01,0.01,1.01,38.01,1.072411256584189
False,2.01,0.01,1.01,36.01,0.8683165364047718
True,0.01,0.01,1.01,44.01,0.6881362407179792
False,0.01,0.01,1.01,49.01,0.7472617253042902
False,1.01,0.01,0.01,44.01,1.0250389074196644
False,0.01,0.01,1.01,42.01,0.7374737476508701
True,0.01,0.01,0.01,42.01,1.315813197587829
False,2.01,0.01,0.01,47.01,0.7356615418530614
False,0.01,0.01,1.01,28.009999999999998,0.7395118384348325
False,1.01,0.01,0.01,49.01,0.6174393713599111
True,1.01,3.01,1.01,36.01,0.7553280497597396
False,0.01,0.01,1.01,36.01,1.3696953194129398
False,0.01,0.01,1.01,46.01,1.113787642108169
False,0.01,3.01,2.01,49.01,0.8771312416310982
False,1.01,0.01,0.01,45.01,0.8891790994955086
True,1.01,0.01,0.01,46.01,1.4584328278552146
True,1.01,0.01,3.01,37.01,0.7023737074704791
False,0.01,1.01,0.01,45.01,0.9419532807119243
False,0.01,2.01,2.01,48.01,0.5925277421903492
False,0.01,1.01,1.01,32.01,0.8222006646125466
True,0.01,0.01,3.01,40.01,0.8113248467937877
False,1.01,1.01,1.01,39.01,0.8982968243316105
True,1.01,0.01,2.01,36.01,1.1548982654435946
True,3.01,1.01,1.01,45.01,1.2873129838707915
True,1.01,4.01,1.01,39.01,0.4748823798785099
True,2.01,2.01,1.01,38.01,0.7093867893164566
False,0.01,0.01,1.01,49.01,0.6108183547986349
True,0.01,0.01,0.01,42.01,1.5119272433634134
True,0.01,0.01,0.01,33.01,0.7095692378780614
True,1.01,0.01,1.01,52.01,0.9582493910800571
False,0.01,0.01,0.01,51.01,0.7753605829127652
False,0.01,0.01,0.01,33.01,0.6444135755548799
False,0.01,0.01,0.01,41.01,0.5858693992698831
False,0.01,0.01,1.01,43.01,1.097637278978477
True,0.01,0.01,1.01,44.01,0.8945116671106021
False,0.01,0.01,0.01,39.01,0.6262311447650288
False,0.01,0.01,1.01,34.01,1.2972113484086814
False,1.01,0.01,2.01,44.01,1.0389488075479305
False,0.01,1.01,1.01,51.01,0.9756258148465488
False,0.01,0.01,0.01,37.01,1.0959296628092414
True,0.01,2.01,0.01,43.01,0.5980395626822532
True,0.01,2.01,2.01,51.01,1.2269084200086435
False,1.01,0.01,2.01,39.01,0.5395493109556541
True,0.01,0.01,0.01,35.01,1.1097122185002202
False,0.01,1.01,3.01,39.01,0.8053874300744317
False,0.01,1.01,0.01,44.01,0.7341771582010085
True,0.01,0.01,4.01,42.01,1.3176938257820612
False,0.01,0.01,0.01,44.01,0.6804979293775861
False,0.01,1.01,2.01,44.01,0.6663397675503692
True,0.01,0.01,1.01,40.01,0.8216912240292956
False,0.01,3.01,0.01,32.01,0.8658566842239619
True,0.01,2.01,1.01,41.01,0.40666809505162577
False,0.01,0.01,0.01,27.009999999999998,0.9935135681160909
False,1.01,0.01,2.01,31.009999999999998,0.6878184578184577
True,1.01,0.01,2.01,42.01,0.8717725036157238
True,1.01,2.01,4.01,34.01,1.2660829454000335
True,1.01,1.01,1.01,27.009999999999998,1.870289975770647
False,0.01,1.01,7.01,44.01,1.0266617737978043
False,3.01,4.01,2.01,40.01,1.033517740429505
False,1.01,0.01,1.01,49.01,1.2388828025382461
True,0.01,0.01,1.01,42.01,1.3145405061437785
False,0.01,0.01,0.01,35.01,0.7262308606961909
False,0.01,1.01,0.01,42.01,1.2268297922914333
True,0.01,1.01,1.01,43.01,0.9229765195941666
False,0.01,0.01,0.01,39.01,0.8131786275010447
False,1.01,0.01,1.01,42.01,0.6941347371972734
False,0.01,0.01,0.01,39.01,1.1710448632977695
False,0.01,0.01,2.01,32.01,1.062761041888764
False,1.01,0.01,2.01,37.01,0.9996203806034492
False,1.01,0.01,0.01,38.01,0.9023146022918189
True,0.01,0.01,0.01,43.01,0.8602886398919054
False,0.01,0.01,0.01,40.01,0.5519870976428062
True,0.01,0.01,0.01,39.01,0.7728383543283714
False,1.01,2.01,0.01,35.01,1.156132705257183
False,0.01,0.01,1.01,37.01,1.115461582837108
True,0.01,1.01,2.01,39.01,0.9124318632144608
True,0.01,0.01,2.01,48.01,0.6356626137414202
False,0.01,0.01,1.01,33.01,1.3922990313652939
True,0.01,1.01,0.01,44.01,1.4306600439516546
False,0.01,0.01,0.01,38.01,1.1811554855962751
True,2.01,2.01,1.01,38.01,0.46968618087059716
False,1.01,0.01,0.01,42.01,1.0675428225233872
True,2.01,0.01,1.01,43.01,0.8830674577392887
False,2.01,0.01,0.01,36.01,1.4232854660658163
False,2.01,1.01,2.01,43.01,1.0557749307380992
False,2.01,2.01,1.01,37.01,0.9522096012064173
True,1.01,2.01,1.01,47.01,1.1231404569214334
False,1.01,1.01,2.01,38.01,0.8818622304902481
True,1.01,2.01,2.01,30.009999999999998,1.0590087606506369
False,0.01,2.01,2.01,45.01,1.5137125398055753
False,2.01,2.01,3.01,51.01,0.7816943760287413
False,2.01,3.01,1.01,32.01,0.947579485123758
False,0.01,1.01,1.01,50.01,1.1411703714904744
False,0.01,0.01,1.01,52.01,0.9713748263396857
True,0.01,0.01,2.01,27.009999999999998,0.9396626985089429
False,0.01,0.01,0.01,31.009999999999998,1.122094368201301
False,0.01,1.01,0.01,36.01,0.4690425368091768
True,0.01,0.01,0.01,38.01,1.1468701014954483
True,1.01,0.01,2.01,41.01,0.7183665563527977
False,0.01,0.01,1.01,40.01,0.47270921863729193
False,1.01,0.01,0.01,36.01,0.6030644569876069
False,1.01,0.01,0.01,37.01,1.0713243237012524
True,0.01,0.01,1.01,41.01,1.0432391532577137
False,0.01,1.01,1.01,38.01,1.3282414963554026
False,1.01,0.01,0.01,40.01,1.216719767220693
False,1.01,1.01,0.01,38.01,0.9722968024894145
False,0.01,2.01,0.01,42.01,0.7299064103439132
True,0.01,1.01,2.01,54.01,1.0523480609267521
False,0.01,0.01,0.01,42.01,1.5056588106636615
True,0.01,0.01,2.01,35.01,1.3131089553148376
True,0.01,0.01,1.01,41.01,1.3637666669247066
True,0.01,1.01,1.01,50.01,1.0899035827525638
False,0.01,1.01,1.01,43.01,0.48942766934197873
True,1.01,1.01,1.01,37.01,1.2291282089628779
False,2.01,1.01,3.01,36.01,0.9633126759575698
False,0.01,2.01,1.01,35.01,0.6613710935972599
True,0.01,1.01,0.01,31.009999999999998,1.0746872858193788
False,1.01,1.01,2.01,43.01,0.887318006081284
True,4.01,5.01,0.01,42.01,0.5883928217751746
False,2.01,3.01,2.01,31.009999999999998,1.0453956923088645
True,2.01,2.01,1.01,35.01,0.6049574604425547
False,1.01,2.01,3.01,37.01,1.6191475285765808
True,2.01,1.01,1.01,39.01,1.3149001607819581
True,4.01,1.01,2.01,34.01,1.3391285757829092
False,3.01,1.01,2.01,50.01,1.0428932178932178
False,0.01,0.01,0.01,36.01,1.1453830791999835
False,0.01,0.01,2.01,46.01,1.4510496189540305
False,0.01,0.01,2.01,45.01,1.440346041983973
False,0.01,0.01,2.01,42.01,1.2271371670710371
False,0.01,0.01,0.01,42.01,1.3476912791488351
False,0.01,0.01,1.01,37.01,1.096709998644338
False,0.01,0.01,0.01,41.01,1.0778164227077272
False,0.01,0.01,0.01,40.01,0.6396512085858823
True,0.01,0.01,0.01,37.01,1.1661659303425904
True,0.01,0.01,0.01,42.01,0.5367915935765835
False,0.01,0.01,0.01,36.01,1.2104151646221684
True,1.01,0.01,0.01,44.01,1.0133265765395874
False,0.01,0.01,1.01,40.01,1.31098107715821
False,1.01,0.01,1.01,29.009999999999998,1.2437581898722878
True,0.01,0.01,0.01,32.01,1.0019852018903252
True,0.01,1.01,2.01,40.01,0.8362820841471749
False,0.01,1.01,1.01,43.01,1.4755366506383498
True,0.01,1.01,1.01,32.01,0.619353476635911
True,2.01,2.01,1.01,50.01,0.7555885322898507
True,0.01,1.01,1.01,44.01,0.633219945056793
True,1.01,0.01,0.01,44.01,0.6035630520150644
False,1.01,0.01,3.01,48.01,1.365139610402496
True,0.01,0.01,0.01,52.01,1.346606835716743
True,4.01,1.01,0.01,43.01,0.8000637516078692
True,3.01,0.01,1.01,36.01,1.4978787606728783
False,1.01,0.01,4.01,43.01,0.5741280474610376
True,3.01,0.01,3.01,43.01,1.296055472660717
False,2.01,2.01,2.01,36.01,0.5721752838664603
True,0.01,2.01,2.01,42.01,1.2875279121523173
True,2.01,2.01,4.01,32.01,1.4425290544234834
True,5.01,2.01,1.01,37.01,0.7671172590220177
False,4.01,1.01,1.01,41.01,0.9511480633871575
True,2.01,5.01,1.01,37.01,0.9648775645940969
False,0.01,0.01,2.01,31.009999999999998,0.9714537381275788
False,0.01,0.01,3.01,41.01,0.7142694954834744
False,0.01,0.01,1.01,40.01,0.848988652077631
False,0.01,1.01,0.01,43.01,0.5168845200617319
True,0.01,0.01,2.01,30.009999999999998,0.6447860342090476
False,0.01,1.01,1.01,34.01,1.0413446151862629
True,0.01,1.01,1.01,40.01,1.1990213289126332
False,0.01,0.01,0.01,46.01,1.6279910973842104
True,0.01,0.01,0.01,35.01,0.5518630178546021
True,0.01,0.01,2.01,37.01,0.8533527604297453
False,1.01,0.01,0.01,49.01,0.6174891650549544
True,0.01,0.01,1.01,39.01,1.021212598675834
False,1.01,0.01,0.01,48.01,0.7605336762457968
False,0.01,1.01,1.01,29.009999999999998,0.5227572901429767
False,0.01,0.01,1.01,38.01,0.3734633905256234
False,0.01,0.01,1.01,40.01,1.0310220954696117
False,0.01,0.01,1.01,47.01,1.1025760230473995
True,0.01,0.01,1.01,46.01,0.9482491622021675
False,1.01,0.01,0.01,38.01,1.3785252109562411
False,1.01,0.01,0.01,52.01,1.3849161517632158
True,0.01,0.01,1.01,36.01,0.9805515019085675
False,0.01,0.01,4.01,37.01,0.5909090714745635
False,0.01,0.01,0.01,29.009999999999998,0.8066961107550842
True,0.01,0.01,3.01,35.01,1.2691611676936045
False,1.01,0.01,2.01,36.01,0.8066050258089025
True,2.01,0.01,3.01,39.01,0.9122678343734529
True,0.01,2.01,1.01,40.01,1.3870881594251159
True,2.01,0.01,3.01,47.01,1.1465545111949795
True,1.01,3.01,2.01,43.01,1.0974760398575836
False,1.01,1.01,0.01,35.01,0.5518144643064915
False,1.01,3.01,1.01,32.01,1.042779698616381
False,0.01,1.01,1.01,39.01,0.8076238588382118
True,4.01,0.01,2.01,39.01,0.48111995450729245
False,0.01,0.01,0.01,32.01,1.2625766548524182
False,1.01,0.01,1.01,45.01,0.6801247412478015
False,1.01,0.01,1.01,36.01,0.8961223896159084
False,0.01,0.01,0.01,39.01,0.8428703748916487
False,0.01,0.01,1.01,36.01,0.9834948820204465
True,0.01,0.01,0.01,48.01,0.7563204854506765
True,0.01,0.01,0.01,39.01,1.1142741026782292
False,0.01,1.01,0.01,27.009999999999998,0.7603817898350781
False,0.01,1.01,0.01,36.01,0.7379400929550963
False,2.01,0.01,1.01,32.01,1.0481008368681894
False,0.01,0.01,2.01,39.01,0.6993323989978363
True,0.01,0.01,1.01,39.01,0.8148886641488611
False,1.01,0.01,1.01,31.009999999999998,0.8963341671373162
False,1.01,0.01,1.01,38.01,1.0048184659721278
True,0.01,0.01,0.01,41.01,0.8488304626163724
False,0.01,0.01,0.01,32.01,0.8662080056942737
True,1.01,0.01,1.01,48.01,1.7322889988776382
True,1.01,0.01,1.01,39.01,0.7402755879430486
True,0.01,0.01,2.01,39.01,1.2389160976622275
True,0.01,0.01,0.01,46.01,1.3261160591473227
False,0.01,0.01,2.01,45.01,0.7079079050637064
True,0.01,1.01,1.01,47.01,0.8222476355677162
True,2.01,1.01,0.01,42.01,0.787070054247379
True,0.01,0.01,1.01,42.01,1.0885277298543623
False,0.01,1.01,1.01,34.01,0.8540807383113482
False,0.01,0.01,1.01,36.01,1.0304415445825632
False,1.01,0.01,2.01,46.01,0.5593243544968668
True,2.01,0.01,3.01,44.01,1.2004777075013646
False,1.01,0.01,0.01,36.01,1.2854247257334313
False,0.01,2.01,1.01,36.01,1.1909807992273664
True,2.01,3.01,0.01,48.01,1.0614180769170685
False,4.01,1.01,3.01,39.01,0.8626908765530655
False,3.01,1.01,3.01,46.01,0.9766676689091469
False,0.01,0.01,0.01,50.01,0.6658627314434591
False,0.01,1.01,1.01,38.01,0.7838779882828826
False,0.01,0.01,1.01,38.01,0.721330759122711
False,0.01,0.01,0.01,37.01,0.8661344078495953
False,0.01,0.01,1.01,37.01,0.9145461607797496
False,0.01,0.01,1.01,37.01,0.6630871963771992
True,0.01,0.01,0.01,33.01,0.5778579357150785
True,0.01,1.01,0.01,30.009999999999998,0.9036132360878496
False,0.01,0.01,0.01,30.009999999999998,0.6977125665782863
False,0.01,1.01,2.01,47.01,0.8213377310737426
True,0.01,0.01,1.01,40.01,0.7290267274046431
False,0.01,0.01,2.01,32.01,0.6139547199909801
True,0.01,2.01,3.01,38.01,1.4252082235295738
False,0.01,0.01,1.01,31.009999999999998,0.9466501625883539
True,1.01,1.01,1.01,45.01,0.7186066440365275
True,2.01,0.01,0.01,24.009999999999998,0.8527074326513447
True,0.01,0.01,2.01,34.01,0.6886999132863794
True,1.01,1.01,3.01,49.01,1.123736457251495
False,2.01,1.01,0.01,34.01,1.0567735627343948
False,1.01,1.01,1.01,30.009999999999998,0.748273748754265
False,1.01,1.01,1.01,36.01,0.5709933701847582
False,1.01,0.01,0.01,32.01,0.727826917167125
True,2.01,0.01,0.01,37.01,0.6579627123715446
False,0.01,0.01,1.01,36.01,0.8984745629398933
False,0.01,0.01,0.01,33.01,1.2628247636260352
False,0.01,1.01,0.01,45.01,0.7389910937741861
True,2.01,8.01,1.01,48.01,1.8010041787207764
True,1.01,5.01,1.01,41.01,0.9131265441022616
False,4.01,1.01,1.01,40.01,0.9665867124173386
False,2.01,2.01,0.01,37.01,1.759712584829324
False,5.01,1.01,0.01,36.01,0.9925227629489642
False,0.01,4.01,1.01,45.01,0.9033963472452823
False,3.01,5.01,0.01,43.01,1.128960050141506
False,1.01,1.01,0.01,40.01,0.920315385016334
False,1.01,0.01,2.01,39.01,1.0243329513745714
False,0.01,0.01,2.01,50.01,1.1685487454557761
False,1.01,3.01,0.01,38.01,1.0547643867192582
False,0.01,0.01,0.01,32.01,1.020816111789595
False,0.01,0.01,2.01,42.01,1.1789780747015386
False,0.01,1.01,1.01,44.01,0.8880686868323127
False,1.01,1.01,1.01,38.01,0.7375460818893022
False,1.01,0.01,2.01,34.01,0.8468158530865664
True,0.01,0.01,0.01,42.01,0.9835013459982223
True,1.01,1.01,0.01,51.01,0.9379415730073625
False,0.01,1.01,0.01,36.01,1.0841515364313419
False,0.01,0.01,4.01,45.01,1.1925994840097178
False,0.01,0.01,0.01,40.01,0.806169804165787
True,1.01,0.01,1.01,42.01,1.1735315795932129
False,1.01,0.01,0.01,39.01,1.024463510386759
False,0.01,0.01,0.01,51.01,0.898196868729334
True,0.01,0.01,0.01,33.01,1.0011979094592949
True,0.01,0.01,1.01,35.01,0.9190895092077339
False,0.01,2.01,1.01,35.01,0.7724392061173605
True,0.01,1.01,0.01,38.01,0.7955931593633722
True,1.01,4.01,2.01,52.01,1.2082199847779345
False,0.01,1.01,0.01,45.01,0.6835691951748795
True,0.01,3.01,1.01,58.01,0.6028304211350752
True,2.01,1.01,0.01,38.01,0.7488911294692745
False,3.01,3.01,0.01,40.01,0.8342936295564439
True,3.01,1.01,1.01,34.01,1.0204789420977056
True,4.01,4.01,0.01,38.01,1.162007378925328
False,0.01,3.01,4.01,38.01,1.619005323991308
False,3.01,5.01,4.01,41.01,1.1757311316092522
True,2.01,3.01,0.01,48.01,1.4531261420989259
True,1.01,5.01,1.01,44.01,1.063954680767107
True,3.01,6.01,2.01,49.01,0.9517137314135781
True,0.01,1.01,2.01,45.01,1.1426280318043263
False,0.01,0.01,1.01,47.01,0.9415042023388516
False,0.01,0.01,0.01,35.01,1.1514878905298427
False,0.01,0.01,2.01,33.01,0.9147579939099264
False,0.01,0.01,0.01,42.01,0.8569441209368268
True,0.01,0.01,0.01,37.01,0.896825323799008
True,0.01,0.01,0.01,37.01,0.6170223406416956
True,0.01,0.01,0.01,35.01,0.4797205054211898
False,1.01,0.01,1.01,36.01,1.241325546049526
False,0.01,1.01,0.01,40.01,0.5736152648447731
False,0.01,0.01,0.01,43.01,0.8822606863916209
True,0.01,1.01,1.01,37.01,0.6006677438122996
False,1.01,0.01,1.01,42.01,1.026489859266929
True,0.01,0.01,0.01,43.01,0.7487941370337153
False,2.01,1.01,2.01,49.01,0.5925687187621987
True,0.01,0.01,0.01,40.01,0.955994478218869
False,0.01,0.01,2.01,34.01,0.5865088111401008
False,0.01,0.01,1.01,46.01,0.7110942173374114
True,0.01,0.01,1.01,41.01,0.8340968923978079
False,1.01,3.01,3.01,48.01,0.7252191278222172
False,1.01,1.01,0.01,42.01,0.7160911488715326
False,1.01,1.01,0.01,39.01,0.7804058295942512
False,0.01,0.01,0.01,32.01,0.9078720126783255
True,0.01,1.01,2.01,41.01,0.6985333887684524
False,0.01,0.01,1.01,37.01,1.039795574103595
True,2.01,1.01,4.01,53.01,0.6407996095812999
True,0.01,4.01,0.01,38.01,0.7452150265124169
False,1.01,0.01,1.01,39.01,0.5712156877752229
False,4.01,4.01,3.01,38.01,0.9717486957739221
True,2.01,3.01,5.01,39.01,0.7532755934456834
True,2.01,1.01,2.01,43.01,0.8046726553924696
True,2.01,3.01,2.01,47.01,1.3707069603238693
False,5.01,3.01,3.01,48.01,1.1434886279448346
True,0.01,0.01,0.01,47.01,1.0718489128726398
False,0.01,0.01,0.01,43.01,0.48846398210138414
False,0.01,0.01,2.01,38.01,0.6433414744428388
False,0.01,1.01,1.01,37.01,1.2267652992626208
True,0.01,1.01,0.01,33.01,0.8756904624881259
False,0.01,0.01,1.01,33.01,0.6312078613132768
False,0.01,0.01,2.01,38.01,0.9673237605474447
False,0.01,0.01,0.01,48.01,0.81712780184296
False,1.01,0.01,0.01,35.01,0.8015153204781686
False,0.01,0.01,1.01,37.01,1.1991087138667784
True,0.01,0.01,0.01,46.01,1.2337428468968716
False,2.01,1.01,0.01,40.01,1.1451248589228356
False,1.01,0.01,1.01,35.01,0.9281194836677471
True,0.01,0.01,0.01,39.01,0.5170345722830195
True,0.01,1.01,0.01,43.01,0.7392589857165397
True,1.01,0.01,0.01,44.01,0.7536540275044579
True,0.01,1.01,3.01,34.01,1.0669809176579677
False,1.01,0.01,0.01,47.01,1.1757112304832191
True,0.01,0.01,4.01,55.01,0.5370264681555004
True,1.01,5.01,1.01,40.01,0.5733127686726758
False,2.01,1.01,0.01,46.01,1.09041769041082
False,2.01,1.01,0.01,41.01,1.521509735938344
False,2.01,1.01,0.01,38.01,0.890081292682992
False,3.01,1.01,0.01,44.01,0.9285391123507503
False,1.01,1.01,2.01,41.01,0.7320230062503177
True,2.01,4.01,3.01,52.01,0.8255529795584374
True,3.01,1.01,0.01,37.01,0.8829565136808082
False,3.01,3.01,1.01,44.01,0.9280540028087871
False,2.01,0.01,1.01,53.01,1.8588099817799109
True,0.01,2.01,3.01,37.01,0.9521703672689881
False,3.01,8.01,5.01,48.01,0.6303364578576802
True,6.01,6.01,2.01,40.01,1.0421116739353842
True,3.01,4.01,2.01,38.01,0.8837905345979709
True,0.01,0.01,0.01,40.01,0.8544116840443219
False,0.01,0.01,1.01,41.01,1.0479778171549698
False,0.01,0.01,0.01,46.01,0.85864079169607
True,0.01,0.01,0.01,32.01,0.4688943572767103
True,0.01,0.01,1.01,39.01,1.4022925521186143
True,1.01,0.01,0.01,41.01,1.1112653427672272
False,0.01,0.01,0.01,40.01,0.8865212734372445
False,0.01,0.01,1.01,36.01,0.6393664274258989
True,1.01,0.01,1.01,35.01,1.4096178527047007
True,0.01,2.01,1.01,44.01,0.8265201531365537
False,0.01,1.01,0.01,46.01,1.1927065688551586
False,1.01,0.01,1.01,28.009999999999998,0.8807163890006775
False,1.01,0.01,1.01,35.01,0.974446958286599
True,1.01,2.01,0.01,34.01,0.5478893037185351
False,0.01,0.01,0.01,34.01,0.7928497027280192
False,1.01,1.01,4.01,43.01,0.8931734308307142
False,0.01,0.01,0.01,32.01,1.636286008651615
True,1.01,0.01,1.01,41.01,1.1588560516910718
True,0.01,1.01,0.01,34.01,0.9857352580192852
False,0.01,1.01,0.01,35.01,0.7509222984474532
True,0.01,0.01,0.01,40.01,0.8557874712670108
False,0.01,0.01,1.01,40.01,1.8844023956051579
False,1.01,1.01,0.01,44.01,0.6277547929633482
False,1.01,1.01,0.01,28.009999999999998,1.0264298519085862
False,0.01,0.01,0.01,39.01,0.7799038019062529
False,2.01,0.01,1.01,40.01,0.6722767976158194
False,3.01,1.01,0.01,42.01,0.8907238586099522
False,0.01,1.01,1.01,38.01,1.2275543091274517
True,2.01,2.01,2.01,48.01,0.5466520721628468
False,3.01,1.01,1.01,34.01,0.7589465113907762
False,4.01,1.01,1.01,50.01,1.5853945697294995
True,1.01,2.01,1.01,44.01,1.0006755525448745
False,2.01,0.01,1.01,44.01,1.4157567545971506
True,1.01,0.01,1.01,44.01,0.9374058497298354
True,1.01,0.01,0.01,39.01,0.8480463047248137
False,0.01,0.01,0.01,45.01,0.8938885121339484
False,0.01,0.01,1.01,33.01,1.1748109995140361
False,0.01,0.01,1.01,46.01,0.656638316889331
False,0.01,1.01,0.01,36.01,0.9611662157595326
False,0.01,1.01,0.01,42.01,0.8838811508728542
False,0.01,0.01,1.01,44.01,0.7353593399393119
True,1.01,0.01,0.01,40.01,0.9910074347797927
False,0.01,1.01,0.01,38.01,0.8206244488675791
False,0.01,1.01,0.01,36.01,1.398262056666109
False,2.01,0.01,0.01,35.01,0.7156005982316723
False,0.01,0.01,0.01,40.01,0.4509926940877866
False,1.01,0.01,2.01,41.01,1.1622189575130752
False,0.01,0.01,0.01,36.01,0.6464160197248326
False,1.01,0.01,0.01,48.01,0.7667604317007966
True,0.01,0.01,1.01,46.01,0.5057930726491021
True,0.01,0.01,0.01,49.01,1.4963848358780791
False,0.01,0.01,0.01,34.01,1.0143510582830395
True,0.01,3.01,0.01,40.01,0.8318723492581185
False,0.01,0.01,0.01,45.01,0.7506741341590413
False,0.01,1.01,1.01,32.01,0.9117662372255807
False,0.01,0.01,0.01,28.009999999999998,1.5889393607461162
False,2.01,0.01,2.01,39.01,1.1022058294606139
False,2.01,0.01,0.01,37.01,0.7625286844191019
False,1.01,0.01,0.01,56.01,0.7271834508861494
False,0.01,1.01,1.01,33.01,1.0588511958641527
True,1.01,1.01,0.01,41.01,1.6437999688503506
False,0.01,0.01,4.01,37.01,0.7573287926323794
False,0.01,0.01,4.01,41.01,0.9811943332493385
True,2.01,2.01,1.01,36.01,1.2987857268107077
False,3.01,0.01,1.01,32.01,0.7388823526806649
False,3.01,3.01,1.01,41.01,0.9344033538984279
True,0.01,0.01,1.01,33.01,0.6580735373296931
False,0.01,0.01,1.01,39.01,0.6909705258611206
True,0.01,0.01,1.01,34.01,1.1327780490843693
False,0.01,0.01,1.01,41.01,0.5976285298625724
True,0.01,0.01,2.01,37.01,0.7858012059409034
True,2.01,0.01,0.01,40.01,0.9853960073654916
False,0.01,0.01,0.01,28.009999999999998,0.958391868618279
False,0.01,0.01,0.01,43.01,1.2344869526619695
False,1.01,0.01,0.01,40.01,1.5634707087815916
True,1.01,0.01,2.01,43.01,0.700536181460552
False,0.01,2.01,1.01,39.01,1.2129621017684065
True,0.01,0.01,0.01,23.009999999999998,1.0061461895754036
False,1.01,0.01,0.01,43.01,0.7206001209454599
False,1.01,1.01,0.01,39.01,0.8062971808844648
False,0.01,0.01,0.01,49.01,0.8505833215637005
True,0.01,0.01,1.01,46.01,0.9302119257889558
False,0.01,1.01,1.01,31.009999999999998,0.9411764965154377
True,0.01,1.01,0.01,34.01,0.8856051263448881
False,1.01,1.01,1.01,35.01,1.332298804137336
False,2.01,0.01,1.01,39.01,0.4803878324076959
True,0.01,1.01,2.01,56.01,0.9686219938057505
False,0.01,0.01,0.01,48.01,1.5058120282576801
True,0.01,0.01,0.01,38.01,0.8516214040949559
False,3.01,1.01,0.01,37.01,1.8836171438599736
True,1.01,0.01,0.01,47.01,1.2363799130909943
False,0.01,0.01,0.01,56.01,0.8321035415770537
False,0.01,0.01,0.01,40.01,0.746359757104831
True,2.01,0.01,4.01,33.01,1.0568230668148015
False,2.01,0.01,2.01,33.01,1.272382847244301
False,2.01,4.01,0.01,43.01,0.720885223973459
True,5.01,2.01,0.01,49.01,1.3269302919302919
False,1.01,5.01,1.01,42.01,1.3650450159276053
False,3.01,0.01,2.01,27.009999999999998,0.7428364210947462
False,0.01,0.01,0.01,43.01,1.0714770460554583
True,0.01,0.01,0.01,47.01,0.8228610373154667
False,0.01,1.01,1.01,43.01,0.7686358326785627
True,0.01,0.01,0.01,36.01,0.6657650863533217
False,0.01,0.01,0.01,36.01,1.104865487820323
True,0.01,0.01,2.01,39.01,0.49724104546196546
True,0.01,0.01,0.01,37.01,1.091528689653968
False,0.01,0.01,0.01,39.01,1.4986139351337053
False,1.01,0.01,0.01,39.01,0.6519552125434479
False,0.01,0.01,0.01,43.01,1.2130783271034995
False,0.01,0.01,0.01,23.009999999999998,0.8266610515546596
False,2.01,0.01,0.01,41.01,1.3366014310332184
False,0.01,0.01,0.01,35.01,0.9604493675660726
False,0.01,0.01,0.01,40.01,0.8522720919853414
False,0.01,0.01,2.01,44.01,1.06205949494526
True,0.01,0.01,2.01,31.009999999999998,0.8115022423984392
False,0.01,1.01,0.01,35.01,1.0579924287361153
False,0.01,0.01,1.01,37.01,0.8226035992415303
False,0.01,1.01,0.01,37.01,0.8625676202215016
True,1.01,1.01,1.01,42.01,1.3547857567496497
True,0.01,0.01,1.01,28.009999999999998,0.7959488287572846
False,0.01,1.01,1.01,52.01,1.000584387743494
False,0.01,0.01,0.01,30.009999999999998,1.107911063225465
False,0.01,0.01,1.01,49.01,0.9671110230624655
True,3.01,0.01,1.01,34.01,0.6838317995138348
False,0.01,1.01,1.01,51.01,1.4643830408900407
False,0.01,0.01,3.01,37.01,1.1727016825689973
True,0.01,1.01,1.01,42.01,0.966860540226896
True,0.01,0.01,2.01,51.01,1.458977758182413
True,0.01,2.01,3.01,32.01,1.0579975429337931
True,2.01,0.01,2.01,41.01,0.9334964849779589
True,1.01,2.01,3.01,43.01,1.0379287521460199
False,2.01,0.01,1.01,51.01,0.7210888433469078
False,1.01,1.01,0.01,31.009999999999998,1.32207877868652
False,0.01,0.01,1.01,37.01,1.8996257801780538
False,0.01,1.01,2.01,36.01,1.2559860475770561
True,1.01,0.01,0.01,34.01,1.3132839648689851
False,1.01,0.01,2.01,33.01,1.149146127021138
True,0.01,0.01,3.01,42.01,0.27734698306938166
False,0.01,1.01,0.01,31.009999999999998,1.1606943041627773
False,0.01,0.01,1.01,33.01,1.0468112424638294
True,0.01,0.01,1.01,35.01,1.8562796326426272
False,0.01,3.01,2.01,46.01,1.1570935290270101
True,0.01,0.01,2.01,32.01,0.7884469726308407
False,0.01,0.01,1.01,31.009999999999998,0.48770988893227646
False,0.01,1.01,1.01,44.01,0.8122044216933701
True,0.01,2.01,0.01,32.01,1.1500978901129935
False,1.01,0.01,2.01,37.01,0.8760339351594046
False,0.01,1.01,2.01,41.01,0.8071119605573387
True,4.01,1.01,1.01,38.01,1.277347193053593
True,0.01,2.01,0.01,43.01,0.7912953837964989
False,1.01,3.01,1.01,37.01,1.4715734125695141
True,1.01,2.01,0.01,27.009999999999998,0.5190290423535715
False,0.01,1.01,2.01,32.01,0.7582156491238397
True,1.01,4.01,0.01,38.01,1.0260255452894562
False,0.01,4.01,1.01,52.01,0.878248372141973
False,3.01,3.01,2.01,38.01,0.5697099666843203
False,3.01,2.01,0.01,30.009999999999998,1.0062199225550645
False,1.01,5.01,1.01,48.01,0.6018128151418055
True,1.01,1.01,1.01,35.01,1.2267160689822947
True,2.01,1.01,1.01,32.01,1.1314458666229892
True,1.01,3.01,3.01,29.009999999999998,1.4753408213256716
False,1.01,1.01,3.01,29.009999999999998,0.9201339660809428
False,2.01,0.01,1.01,40.01,0.9297744156951319
False,3.01,2.01,0.01,36.01,1.0732684482857324
False,3.01,3.01,3.01,37.01,0.8308405005606866
False,0.01,0.01,2.01,41.01,0.8257802235757062
False,0.01,0.01,1.01,42.01,0.8641899959381301
False,0.01,0.01,0.01,38.01,0.7450270113277964
True,0.01,0.01,0.01,40.01,0.6788968411572825
False,0.01,0.01,0.01,40.01,0.8887322506505321
False,0.01,0.01,1.01,33.01,0.6761487306350684
True,0.01,0.01,0.01,37.01,1.0904922412389353
True,0.01,0.01,0.01,42.01,0.9675203560680946
False,0.01,0.01,2.01,54.01,1.3312732401816803
False,0.01,0.01,0.01,41.01,0.9437137859017377
True,0.01,0.01,1.01,31.009999999999998,0.7460215895420571
True,0.01,0.01,2.01,50.01,0.9118594655020953
True,0.01,0.01,1.01,44.01,0.6319741048439858
True,0.01,0.01,1.01,42.01,0.8144063299019966
False,0.01,1.01,0.01,32.01,1.5311321126275779
False,0.01,0.01,2.01,31.009999999999998,1.4254742362443553
False,0.01,0.01,2.01,47.01,1.7236090765225403
True,0.01,0.01,2.01,37.01,0.8096092510582471
False,1.01,0.01,0.01,43.01,0.7238146993268345
True,2.01,0.01,1.01,40.01,0.8201712702325302
True,0.01,0.01,1.01,39.01,1.0398033601653545
False,0.01,1.01,1.01,48.01,0.7058689764733734
False,0.01,0.01,1.01,35.01,0.8041256277658212
False,0.01,1.01,0.01,48.01,1.0127170021433294
False,0.01,2.01,3.01,38.01,1.056363188278173
False,0.01,0.01,1.01,31.009999999999998,0.563947177244633
False,0.01,1.01,1.01,33.01,0.6336970458859776
True,0.01,0.01,4.01,33.01,1.0182045288161934
True,1.01,1.01,2.01,45.01,0.868310185450783
False,0.01,1.01,1.01,46.01,1.3613901634440193
False,1.01,2.01,1.01,47.01,1.497802502883368
False,5.01,0.01,0.01,39.01,1.3951932275617447
False,2.01,1.01,2.01,34.01,0.7075119238840337
False,0.01,0.01,1.01,38.01,1.1952358842743018
False,0.01,0.01,1.01,43.01,1.1280041168920145
True,0.01,0.01,1.01,36.01,1.3470565427736867
False,0.01,0.01,1.01,47.01,0.5004465839496568
True,0.01,0.01,0.01,45.01,1.2125167660240879
False,0.01,1.01,0.01,43.01,0.703646860342841
False,1.01,0.01,1.01,44.01,0.9266500077962639
False,0.01,0.01,1.01,43.01,0.8135116483845489
True,0.01,2.01,2.01,39.01,1.1723991574644934
True,1.01,0.01,1.01,39.01,1.0106220776373531
False,1.01,1.01,1.01,42.01,0.9689882739152011
False,0.01,1.01,0.01,46.01,1.053243243372568
True,1.01,1.01,1.01,38.01,0.9270352758439229
False,0.01,1.01,0.01,53.01,1.0318813809092542
False,2.01,0.01,1.01,38.01,0.9081300763768122
False,3.01,0.01,1.01,43.01,1.1472703915177618
True,0.01,1.01,1.01,44.01,1.6381346870371607
True,0.01,0.01,1.01,38.01,0.548902343251086
False,0.01,1.01,0.01,47.01,0.9183377255331036
True,2.01,1.01,4.01,43.01,1.434538722461339
False,0.01,0.01,1.01,39.01,0.7608321879645408
False,1.01,0.01,0.01,47.01,0.7448021997699679
True,2.01,0.01,2.01,45.01,1.5028678452554174
True,1.01,2.01,0.01,39.01,0.7661577425430027
True,2.01,1.01,2.01,50.01,0.8939184132517152
True,0.01,0.01,2.01,32.01,0.8712712685795163
False,4.01,0.01,1.01,41.01,0.6762515179335672
False,1.01,2.01,1.01,46.01,0.6018236446194498
False,1.01,0.01,0.01,33.01,0.67437152289429
False,1.01,1.01,2.01,48.01,1.6338678521751415
False,3.01,0.01,4.01,45.01,0.973272025567123
False,4.01,5.01,2.01,42.01,1.1588959587308358
False,1.01,7.01,1.01,39.01,0.7981247067321703
True,1.01,0.01,0.01,48.01,0.8713213135254625
True,0.01,0.01,3.01,45.01,1.2131245476069186
False,1.01,1.01,0.01,32.01,0.6720121727971821
False,0.01,0.01,1.01,42.01,0.7862662505699413
True,0.01,1.01,1.01,40.01,1.2803795831535805
True,0.01,0.01,2.01,50.01,0.46405584974071784
False,0.01,2.01,1.01,48.01,0.928894249067399
True,0.01,0.01,0.01,39.01,1.2027738095882585
False,0.01,0.01,0.01,48.01,1.4226364086278862
True,0.01,0.01,0.01,45.01,1.0718077487044233
True,1.01,0.01,1.01,41.01,1.0177153282113112
False,1.01,1.01,0.01,36.01,0.45260822288388186
True,0.01,0.01,0.01,45.01,1.3799723524333163
False,0.01,0.01,0.01,43.01,0.7548418373525652
False,0.01,0.01,1.01,38.01,0.39059206908602967
True,0.01,0.01,4.01,43.01,1.545256022049891
False,0.01,0.01,0.01,50.01,0.6414610701762404
True,0.01,0.01,1.01,46.01,0.6991004711998627
False,0.01,0.01,1.01,44.01,0.3817834071236559
False,0.01,1.01,0.01,46.01,0.8013206741167438
False,0.01,0.01,2.01,38.01,0.793880704551156
True,1.01,2.01,0.01,34.01,0.9371072982838556
True,1.01,0.01,0.01,42.01,0.8195109682589922
False,0.01,0.01,0.01,41.01,0.6612687674644196
False,0.01,0.01,0.01,46.01,0.8216776601344797
False,0.01,1.01,0.01,56.01,1.2898786522033365
False,0.01,0.01,1.01,42.01,0.6143646068999842
True,1.01,1.01,1.01,47.01,0.858416903276834
False,1.01,0.01,1.01,44.01,0.6781677055206468
False,2.01,0.01,3.01,37.01,1.0113568740511159
False,2.01,1.01,0.01,50.01,0.8152408872578719
False,1.01,3.01,0.01,44.01,1.0476003273264936
False,1.01,1.01,1.01,41.01,0.814519062422461
False,1.01,0.01,0.01,50.01,0.7762496713838878
False,1.01,0.01,1.01,45.01,1.2180493090086115
False,1.01,0.01,0.01,32.01,0.778784159364183
False,0.01,0.01,0.01,35.01,0.9655009618606682
True,0.01,0.01,0.01,42.01,0.48070401429013065
True,0.01,0.01,1.01,35.01,0.8109749766204418
True,0.01,1.01,0.01,43.01,0.925909443156546
True,0.01,0.01,1.01,32.01,1.5689472925260284
False,0.01,0.01,0.01,44.01,0.8609284558617029
True,0.01,0.01,1.01,44.01,0.8692340836763032
False,0.01,0.01,0.01,45.01,1.280383737975618
True,0.01,0.01,0.01,31.009999999999998,1.2192548067050692
False,0.01,0.01,1.01,37.01,1.4917224362622052
False,0.01,0.01,0.01,36.01,0.8000040661794693
True,0.01,1.01,1.01,34.01,0.7067502868100364
False,0.01,1.01,1.01,33.01,1.7381831153013338
True,0.01,0.01,2.01,39.01,0.9775101601234453
True,0.01,0.01,1.01,33.01,0.8346320011847961
True,0.01,2.01,3.01,46.01,0.7210374602143996
False,2.01,0.01,2.01,41.01,1.3488857617130245
False,0.01,1.01,1.01,39.01,0.5896267959403777
True,0.01,0.01,3.01,35.01,1.3345936285850384
False,0.01,0.01,2.01,35.01,1.1109945120239235
False,0.01,0.01,1.01,49.01,1.2148780540585298
True,0.01,1.01,3.01,32.01,1.0478739243723716
False,0.01,0.01,0.01,35.01,1.3017771740626043
False,0.01,2.01,0.01,47.01,0.9297006545877111
False,1.01,0.01,1.01,50.01,0.9799386169023557
False,0.01,0.01,1.01,39.01,0.7107235062934973
False,0.01,0.01,1.01,39.01,1.1503500823972956
True,2.01,2.01,1.01,35.01,1.2917525486574903
False,4.01,3.01,3.01,49.01,1.3260410444248967
False,1.01,1.01,2.01,39.01,1.426375346600101
False,0.01,0.01,0.01,38.01,0.8621217054755349
True,0.01,0.01,3.01,37.01,1.0447559384497722
False,0.01,0.01,0.01,47.01,0.7242776325863941
False,1.01,0.01,0.01,40.01,1.2273138508462758
False,0.01,0.01,0.01,46.01,1.1209105265499273
False,0.01,0.01,1.01,42.01,1.177745529031439
True,0.01,0.01,0.01,33.01,0.6199200366902963
True,1.01,0.01,0.01,45.01,0.6761677830146957
True,0.01,0.01,1.01,37.01,0.6621345467398101
False,0.01,0.01,0.01,45.01,0.9384864682407136
False,0.01,0.01,1.01,48.01,0.8182526235283032
True,0.01,0.01,0.01,30.009999999999998,0.6772734907697159
True,0.01,0.01,0.01,46.01,0.6194551142135177
False,1.01,0.01,0.01,35.01,1.11027207620842
False,0.01,1.01,1.01,33.01,0.49362506359500524
True,1.01,1.01,1.01,51.01,0.7030154767012771
False,0.01,0.01,0.01,36.01,0.8749629423270389
False,0.01,0.01,0.01,40.01,0.7027182810347575
False,2.01,0.01,0.01,36.01,1.940244225176907
True,0.01,1.01,2.01,43.01,0.9278452583057201
False,0.01,2.01,0.01,43.01,0.8069463693331574
True,0.01,8.01,1.01,24.009999999999998,0.8413718784499228
True,1.01,0.01,3.01,51.01,0.5888228815548909
True,0.01,2.01,0.01,31.009999999999998,0.9353279293550208
False,3.01,2.01,0.01,44.01,0.7985888621182738
True,2.01,1.01,1.01,41.01,1.0144587013433763
True,2.01,1.01,0.01,48.01,0.7457129000563174
True,2.01,1.01,1.01,38.01,0.6565225233607586
True,3.01,1.01,3.01,34.01,0.8816934330691448
True,4.01,1.01,3.01,30.009999999999998,1.0396620486961894
True,4.01,2.01,1.01,43.01,1.3766820168938019
False,3.01,1.01,1.01,43.01,0.6372409660381566
True,4.01,1.01,1.01,34.01,1.1263548003975306
False,0.01,0.01,1.01,44.01,0.9322683232274024
False,1.01,0.01,0.01,41.01,0.8430166254044129
False,0.01,0.01,3.01,49.01,0.8714738622721814
False,0.01,0.01,0.01,37.01,1.0756400114526574
False,2.01,0.01,3.01,45.01,1.0485079926944274
False,0.01,0.01,0.01,36.01,0.7413496352433624
True,1.01,0.01,0.01,47.01,1.5170905830254107
True,0.01,1.01,1.01,38.01,0.7826812520796042
False,0.01,0.01,2.01,33.01,0.9172151557829307
False,0.01,0.01,1.01,47.01,1.0596840845774005
False,1.01,0.01,0.01,33.01,0.7249699537666049
False,0.01,1.01,0.01,47.01,0.9049726301078256
True,1.01,0.01,0.01,46.01,1.4326832245314431
True,1.01,1.01,0.01,41.01,0.29181192102096887
True,1.01,0.01,0.01,37.01,1.6925073424142705
False,2.01,0.01,0.01,32.01,1.2365807439241572
False,2.01,2.01,2.01,36.01,0.7827746321088023
True,1.01,1.01,2.01,37.01,0.8679390266444488
False,0.01,0.01,2.01,38.01,1.294774424504643
False,1.01,1.01,1.01,37.01,0.9522144621611499
False,1.01,1.01,1.01,40.01,0.6112231504724054
True,2.01,4.01,1.01,38.01,1.133302831465362
True,0.01,2.01,1.01,42.01,1.1694207908698473
False,0.01,2.01,1.01,37.01,0.6359055965445417
True,1.01,0.01,0.01,53.01,1.0965482737233234
False,1.01,1.01,1.01,35.01,1.3473724665317914
True,3.01,0.01,0.01,47.01,0.8225091435309398
True,1.01,1.01,3.01,42.01,0.9911015135932484
False,4.01,2.01,3.01,47.01,1.2127553576913934
True,4.01,3.01,1.01,42.01,0.65888900764679
True,6.01,2.01,0.01,41.01,1.0436618001910354
False,1.01,6.01,2.01,36.01,0.8904856214516459
True,5.01,3.01,0.01,39.01,1.1887624744274359
True,0.01,0.01,2.01,43.01,0.8469955145236746
False,0.01,0.01,1.01,38.01,0.9848696137908072
True,0.01,0.01,0.01,50.01,1.1357253105758074
True,0.01,0.01,1.01,43.01,0.8557705325146346
False,0.01,0.01,1.01,40.01,1.1261445746015986
False,0.01,0.01,1.01,41.01,1.3143039262079508
False,1.01,0.01,0.01,40.01,1.3184637119958422
True,0.01,0.01,2.01,47.01,0.7916234424308787
True,0.01,1.01,1.01,45.01,0.8149054455141809
False,0.01,0.01,0.01,48.01,1.2331290943318423
False,0.01,0.01,3.01,39.01,0.6914125269467926
False,0.01,0.01,0.01,36.01,1.0637765778541253
False,0.01,1.01,0.01,38.01,0.6163719478293854
True,0.01,0.01,0.01,40.01,0.490277630618876
False,0.01,0.01,0.01,37.01,0.7360441879115033
False,1.01,0.01,1.01,28.009999999999998,0.9387153970377368
True,0.01,0.01,0.01,37.01,1.0262763880085346
True,0.01,0.01,2.01,35.01,0.8707453101474442
False,0.01,1.01,0.01,34.01,0.8360291991860135
True,1.01,0.01,0.01,36.01,1.1593332241135952
False,0.01,0.01,4.01,34.01,0.688904547782837
False,0.01,1.01,2.01,63.01,1.3485516308381589
False,1.01,0.01,0.01,33.01,1.3988404449354526
True,2.01,0.01,0.01,31.009999999999998,0.7743777381916281
False,0.01,1.01,0.01,42.01,0.5477305629132774
False,2.01,0.01,1.01,44.01,0.8275773729972022
False,0.01,0.01,2.01,34.01,0.5251412329474159
True,0.01,1.01,1.01,39.01,1.1427817833517884
False,1.01,1.01,0.01,42.01,1.2263103054475264
False,0.01,0.01,3.01,39.01,0.9004261619795555
True,1.01,0.01,2.01,39.01,0.9567407685430426
False,2.01,1.01,0.01,37.01,1.1466137950408124
False,0.01,0.01,2.01,35.01,1.1607035556340377
False,0.01,0.01,0.01,43.01,0.9691985076667661
True,1.01,0.01,0.01,39.01,1.0091274443177731
True,0.01,0.01,0.01,45.01,0.974282678590544
True,0.01,0.01,0.01,37.01,0.6876438052831241
False,0.01,1.01,1.01,37.01,0.9455642287682853
True,0.01,0.01,0.01,38.01,0.8383470815990981
False,0.01,1.01,1.01,41.01,0.8034477176176539
True,0.01,0.01,0.01,38.01,1.3334873175451372
True,0.01,0.01,0.01,41.01,0.7119275054741954
False,0.01,0.01,0.01,49.01,1.435751215066294
False,0.01,0.01,0.01,35.01,1.21991672700672
False,1.01,1.01,1.01,38.01,0.5281845763571876
False,0.01,0.01,0.01,39.01,1.1533682847937494
True,0.01,1.01,1.01,41.01,1.1526866377441825
False,0.01,1.01,0.01,44.01,1.4844453298024725
False,0.01,0.01,0.01,27.009999999999998,1.1756637613983822
True,1.01,1.01,0.01,42.01,0.5456717586940362
False,0.01,0.01,0.01,38.01,1.500103831809525
False,1.01,0.01,0.01,42.01,0.7771306874874552
True,1.01,1.01,0.01,36.01,0.6096263987563583
False,0.01,1.01,1.01,34.01,1.0162409971474384
False,0.01,1.01,2.01,38.01,0.7674290124530414
False,0.01,0.01,0.01,45.01,0.8196749964347465
False,0.01,1.01,1.01,41.01,1.368059224171945
True,1.01,0.01,1.01,37.01,0.5784360451356033
False,0.01,1.01,2.01,37.01,0.5745727085480407
False,1.01,1.01,0.01,49.01,0.6748616015607543
False,0.01,1.01,0.01,36.01,0.40739885477212673
False,0.01,0.01,2.01,38.01,0.7426417651687706
False,1.01,0.01,2.01,37.01,1.198626399993045
False,1.01,1.01,2.01,42.01,0.6952561327561327
False,1.01,0.01,0.01,42.01,1.284959749308116
True,1.01,0.01,1.01,34.01,1.2316428359881177
True,0.01,0.01,0.01,38.01,0.7472106956926692
False,0.01,0.01,3.01,32.01,0.9003642778014409
False,0.01,1.01,1.01,45.01,1.143135324199856
False,0.01,0.01,1.01,47.01,0.5919328248891379
True,1.01,0.01,2.01,40.01,0.6886553337469814
True,0.01,0.01,2.01,42.01,1.1422639918960968
False,0.01,0.01,0.01,36.01,0.8781507751394265
False,0.01,0.01,2.01,31.009999999999998,1.3921182692094323
False,0.01,0.01,2.01,34.01,0.9330868587462365
False,0.01,0.01,0.01,37.01,0.9182188124611289
False,0.01,0.01,0.01,40.01,0.9391519646614802
False,0.01,0.01,0.01,37.01,1.156678061231151
False,0.01,0.01,0.01,33.01,0.8497586055429908
False,0.01,0.01,2.01,29.009999999999998,0.8518175074112965
True,0.01,0.01,1.01,44.01,1.0384434986286317
True,0.01,0.01,0.01,44.01,0.584560371190806
True,0.01,0.01,1.01,32.01,1.126875627198469
False,0.01,0.01,0.01,38.01,0.6754147439210835
True,0.01,5.01,1.01,42.01,1.0884563910586729
False,2.01,1.01,0.01,28.009999999999998,0.967352027013985
True,1.01,1.01,0.01,40.01,0.6267773851739376
False,0.01,1.01,1.01,45.01,0.7123164289586092
False,0.01,0.01,1.01,29.009999999999998,1.3019319445656605
True,0.01,0.01,0.01,37.01,0.9243811521242783
False,2.01,0.01,1.01,40.01,0.9368755099506434
False,0.01,0.01,1.01,43.01,0.46982943024538937
True,1.01,1.01,2.01,30.009999999999998,0.8392111160283136
False,0.01,1.01,1.01,43.01,0.8438658758861431
True,1.01,1.01,3.01,43.01,1.0052150116062704
False,1.01,2.01,1.01,36.01,0.645284539742551
True,2.01,3.01,1.01,37.01,0.9017182722581758
False,2.01,0.01,2.01,32.01,0.7111686145030365
False,6.01,2.01,3.01,25.009999999999998,0.7323841209404338
True,0.01,0.01,2.01,49.01,1.19699237342613
False,1.01,0.01,0.01,36.01,0.6342215818233387
True,0.01,0.01,1.01,43.01,1.1833995760693037
False,0.01,1.01,0.01,41.01,1.0883137042652753
False,0.01,1.01,1.01,34.01,0.5991886739564758
False,0.01,0.01,1.01,42.01,1.0587454642286602
True,1.01,0.01,1.01,35.01,1.2721902119860378
False,0.01,2.01,1.01,44.01,1.0408652624246626
False,0.01,1.01,0.01,40.01,0.9873908901953614
True,0.01,0.01,0.01,39.01,1.0425330505781887
True,1.01,0.01,5.01,30.009999999999998,1.1245246743072832
True,1.01,1.01,1.01,48.01,0.6826006295046543
False,0.01,0.01,0.01,32.01,1.4482872397526902
False,0.01,1.01,2.01,45.01,0.5594921897844601
False,1.01,0.01,1.01,43.01,1.3413217216628162
False,0.01,0.01,2.01,33.01,1.0124265260000183
True,1.01,1.01,1.01,36.01,1.4552888524759824
True,0.01,0.01,0.01,34.01,0.9348963749728136
True,2.01,0.01,0.01,50.01,1.1046921455970435
False,1.01,0.01,1.01,49.01,1.1177489954758557
False,1.01,1.01,2.01,37.01,1.0265974911568714
True,0.01,1.01,1.01,45.01,0.9382253335134155
False,0.01,0.01,2.01,31.009999999999998,1.3938996151356549
True,0.01,1.01,0.01,47.01,1.3708608397480349
False,1.01,0.01,0.01,41.01,0.7944623851600595
False,1.01,0.01,3.01,55.01,0.6375466487535453
True,0.01,2.01,0.01,44.01,1.35737454155967
True,0.01,0.01,0.01,36.01,0.8038563617404226
False,0.01,2.01,1.01,38.01,0.8518632056267899
True,2.01,1.01,0.01,36.01,1.374867257163083
False,1.01,0.01,2.01,34.01,0.7413107235901355
False,2.01,3.01,2.01,51.01,1.3388850101968663
True,4.01,2.01,4.01,35.01,1.4734467805618285
False,0.01,1.01,1.01,48.01,0.7328604490544157
False,0.01,0.01,0.01,50.01,1.0039413201177907
False,0.01,0.01,2.01,36.01,1.174773326317123
False,2.01,0.01,2.01,37.01,1.5984211520985567
False,0.01,1.01,1.01,42.01,1.2289875482144157
False,0.01,0.01,0.01,41.01,0.6655734931409665
False,0.01,0.01,1.01,40.01,0.8236005488146205
True,0.01,1.01,1.01,38.01,0.7067901979658024
True,0.01,0.01,2.01,49.01,0.683139379554104
True,1.01,1.01,0.01,37.01,1.145859553324387
False,0.01,1.01,0.01,36.01,1.156262137366378
True,1.01,2.01,0.01,40.01,1.0011876586170816
False,0.01,1.01,2.01,46.01,0.8899900936589261
False,3.01,0.01,0.01,44.01,0.7993001003482555
False,0.01,0.01,0.01,37.01,0.9944518006858161
True,1.01,0.01,2.01,33.01,1.4625132667505052
True,0.01,1.01,1.01,43.01,1.0262133411715375
False,2.01,0.01,0.01,45.01,1.3433970338693133
False,0.01,0.01,1.01,46.01,0.9977573056086174
False,0.01,0.01,0.01,40.01,0.6597340993933531
True,0.01,0.01,1.01,39.01,1.0634164498600438
False,0.01,0.01,0.01,39.01,0.6098293176967716
True,0.01,1.01,0.01,48.01,0.5906112624502412
False,0.01,3.01,0.01,41.01,0.698881548411553
True,2.01,1.01,0.01,40.01,0.8332468481838752
True,0.01,0.01,1.01,48.01,0.8748919678048354
False,2.01,2.01,1.01,33.01,0.6285935378738307
True,1.01,2.01,3.01,30.009999999999998,0.6971217817270448
True,4.01,3.01,2.01,40.01,1.7746853812009569
True,1.01,3.01,1.01,41.01,1.042067997621815
False,2.01,3.01,4.01,48.01,0.8696263459804986
False,2.01,2.01,0.01,24.009999999999998,1.265598176510227
True,4.01,5.01,1.01,30.009999999999998,1.0873768398339334
False,0.01,2.01,0.01,35.01,0.9408590337810966
False,0.01,0.01,2.01,43.01,1.3276200298267518
False,0.01,0.01,1.01,38.01,0.4744820478100324
False,0.01,0.01,0.01,46.01,0.9930651442747207
False,0.01,0.01,0.01,37.01,1.2783228075770092
True,0.01,1.01,1.01,37.01,0.8859159830925851
False,0.01,0.01,0.01,50.01,0.5844725675892029
False,1.01,1.01,1.01,43.01,0.47369641474239654
False,1.01,2.01,1.01,43.01,1.5278857393821652
False,1.01,0.01,0.01,39.01,1.5251537469189644
True,1.01,0.01,1.01,44.01,0.9971555027370241
False,1.01,1.01,0.01,37.01,1.145339194420612
False,0.01,1.01,1.01,46.01,0.7180130653406089
True,0.01,0.01,0.01,38.01,0.47200624561272025
False,3.01,0.01,0.01,46.01,1.240506126943544
False,0.01,2.01,0.01,43.01,1.2242026834533932
True,1.01,3.01,1.01,54.01,1.4699502386565408
True,2.01,0.01,1.01,43.01,1.1672117014244137
True,2.01,1.01,0.01,44.01,1.0858350979183904
False,2.01,2.01,2.01,36.01,1.0817936918741664
False,1.01,2.01,1.01,39.01,0.6477498644555223
False,3.01,1.01,1.01,37.01,0.9917422466715994
True,3.01,4.01,1.01,41.01,1.1205989040199564
True,3.01,3.01,1.01,39.01,1.4963496397803968
False,5.01,1.01,0.01,43.01,0.6664726959753062
False,2.01,2.01,1.01,44.01,1.469914173106499
False,7.01,2.01,0.01,31.009999999999998,1.394713641062576
True,8.01,4.01,1.01,38.01,1.0431115264361208
False,6.01,4.01,1.01,31.009999999999998,1.607937011706025
False,5.01,12.01,3.01,43.01,1.1686996889938064
False,7.01,4.01,3.01,48.01,0.9865986853231313
False,7.01,9.01,0.01,35.01,1.157005207579608
False,0.01,0.01,0.01,36.01,1.004904914684369
True,0.01,1.01,1.01,36.01,0.6449692622805556
False,0.01,0.01,0.01,45.01,0.8529214041177997
True,0.01,0.01,1.01,45.01,0.8764918400773791
False,0.01,2.01,2.01,43.01,0.946963654305028
True,0.01,0.01,0.01,38.01,0.4773879507329717
False,1.01,1.01,1.01,38.01,1.1174026168073852
False,0.01,0.01,0.01,46.01,0.6964377449686309
False,1.01,0.01,0.01,42.01,0.960038812288633
False,0.01,0.01,2.01,38.01,1.1045757945757946
True,0.01,0.01,2.01,42.01,1.315015161239918
True,0.01,0.01,1.01,33.01,0.9829294569586924
False,1.01,0.01,0.01,41.01,1.2776137245028667
False,0.01,0.01,0.01,46.01,0.566890331890332
True,0.01,1.01,0.01,38.01,0.6634380570771957
True,0.01,0.01,1.01,32.01,1.208426189290959
True,1.01,1.01,0.01,38.01,0.7372695812988166
True,0.01,2.01,0.01,37.01,0.8743984981736529
False,1.01,1.01,0.01,42.01,0.9760567473067473
False,1.01,2.01,0.01,42.01,0.8388819045501283
False,0.01,1.01,1.01,46.01,0.7446659568030537
False,1.01,1.01,1.01,44.01,0.9723401416029942
False,0.01,1.01,0.01,43.01,1.1994757444293385
False,0.01,0.01,0.01,34.01,0.9062531400453064
True,0.01,0.01,1.01,38.01,0.8804314488218462
False,0.01,0.01,1.01,38.01,0.8100225466777619
True,1.01,1.01,0.01,34.01,1.2178935988018182
False,0.01,0.01,0.01,40.01,0.8155471780920313
False,1.01,0.01,0.01,43.01,1.0198986237468883
True,0.01,3.01,0.01,42.01,0.508468427396058
False,5.01,2.01,2.01,41.01,0.983644849302744
False,1.01,3.01,1.01,44.01,0.8472425933486094
True,0.01,0.01,4.01,44.01,0.9940000807020096
False,0.01,0.01,1.01,34.01,0.9710840406637391
False,0.01,3.01,1.01,45.01,0.8761790547022421
True,2.01,0.01,2.01,45.01,0.8310907612469279
True,0.01,0.01,1.01,32.01,0.7776369489006114
False,0.01,0.01,0.01,40.01,0.8444328900121357
True,1.01,1.01,0.01,44.01,0.8723071652032562
False,2.01,1.01,0.01,29.009999999999998,1.0407074618443088
False,0.01,1.01,0.01,32.01,1.7659469263529155
False,0.01,2.01,3.01,44.01,0.8406929601291538
True,0.01,0.01,1.01,37.01,0.8443703674156965
False,0.01,1.01,0.01,42.01,0.966015132298623
True,0.01,1.01,2.01,51.01,1.9384579503627188
False,0.01,0.01,0.01,39.01,1.0379166591096116
True,1.01,0.01,0.01,39.01,1.2061862276847697
False,1.01,0.01,0.01,45.01,0.9550200316757363
False,1.01,0.01,0.01,38.01,0.8518451445267258
True,2.01,1.01,3.01,34.01,1.1980761026105122
True,0.01,3.01,3.01,42.01,1.0251031884908786
False,0.01,0.01,0.01,42.01,0.8724485464285741
False,0.01,0.01,0.01,40.01,1.29451280061347
True,2.01,2.01,0.01,43.01,0.9270498132947788
True,2.01,2.01,1.01,32.01,0.7978920485123494
False,0.01,1.01,0.01,40.01,0.6756771245526957
False,3.01,1.01,0.01,42.01,0.7906665385880834
True,2.01,1.01,3.01,45.01,1.4049779445686763
False,1.01,2.01,0.01,36.01,0.8626955303745385
True,2.01,0.01,2.01,46.01,1.021577572260815
False,2.01,4.01,1.01,46.01,0.7878258950360618
False,4.01,2.01,1.01,57.01,1.009684326936189
False,5.01,2.01,0.01,40.01,1.1308550136845088
False,5.01,2.01,0.01,34.01,1.120163025526676
True,1.01,3.01,0.01,38.01,0.908051023051023
False,8.01,2.01,0.01,30.009999999999998,1.1359303096865645
False,0.01,0.01,1.01,29.009999999999998,1.1004154559745922
True,0.01,0.01,0.01,31.009999999999998,0.9098854192299267
False,0.01,0.01,0.01,34.01,0.8632138178684465
False,1.01,1.01,2.01,51.01,0.6454457910710694
False,0.01,1.01,0.01,53.01,0.8017290262538381
True,1.01,1.01,1.01,41.01,0.48236734062822556
False,0.01,0.01,1.01,44.01,1.0656461363206888
False,0.01,1.01,0.01,39.01,0.7225254595822419
True,1.01,0.01,2.01,45.01,0.8323797241344314
False,1.01,0.01,0.01,41.01,0.9610116386882404
False,0.01,0.01,2.01,37.01,0.8285092497104181
True,0.01,1.01,1.01,48.01,0.9546186500278057
False,0.01,1.01,0.01,42.01,1.0498628715433227
False,0.01,0.01,1.01,30.009999999999998,0.8456512484399202
False,0.01,1.01,0.01,39.01,0.64383399525178
True,0.01,1.01,0.01,49.01,0.8007967957416174
False,0.01,2.01,1.01,46.01,0.9273116624023097
False,0.01,1.01,0.01,47.01,0.8065500580542644
True,0.01,1.01,0.01,34.01,1.0446562747135193
True,0.01,0.01,2.01,56.01,1.202106481414658
False,0.01,0.01,0.01,34.01,0.8523102889174318
True,0.01,0.01,0.01,37.01,1.1918327768734907
True,1.01,1.01,2.01,41.01,1.3955871627462955
False,1.01,2.01,2.01,40.01,1.0793952121729258
False,0.01,1.01,1.01,38.01,1.3088184077911014
True,2.01,1.01,1.01,31.009999999999998,1.233032119559694
True,0.01,0.01,1.01,39.01,0.7234846819306338
False,1.01,1.01,0.01,47.01,1.0854618280993886
False,1.01,4.01,2.01,42.01,0.6965041295758216
False,0.01,1.01,1.01,40.01,0.6207823305084968
True,1.01,1.01,0.01,35.01,1.1456317148537971
False,1.01,3.01,1.01,43.01,0.6192766650093435
False,5.01,2.01,2.01,47.01,0.7253755450775574
False,0.01,0.01,1.01,36.01,0.5160056801436111
True,0.01,0.01,1.01,32.01,1.4837018486302027
False,0.01,0.01,0.01,38.01,0.421029741050025
False,0.01,0.01,2.01,56.01,1.3675237444242465
True,0.01,2.01,0.01,45.01,0.9007424197987806
False,1.01,0.01,0.01,44.01,0.48386107398041966
False,0.01,0.01,1.01,41.01,1.1271551205104524
True,0.01,0.01,0.01,60.01,0.9264091510965955
False,0.01,1.01,0.01,36.01,1.0534524175655455
False,0.01,0.01,3.01,40.01,0.8007331633387325
False,0.01,0.01,0.01,31.009999999999998,0.8315612082921654
True,0.01,2.01,1.01,37.01,1.6690170846784615
False,0.01,1.01,1.01,37.01,0.8697972867792961
True,1.01,0.01,0.01,39.01,0.9673130496272173
True,0.01,1.01,0.01,36.01,0.9241696603492525
True,0.01,2.01,2.01,35.01,0.8805328965138496
False,0.01,1.01,1.01,42.01,0.5937716869693613
True,0.01,0.01,0.01,36.01,0.9864531414785022
True,0.01,0.01,0.01,43.01,0.5699175611661738
True,1.01,1.01,2.01,49.01,1.306847494222454
False,0.01,1.01,0.01,32.01,1.3693742940667635
False,0.01,0.01,1.01,40.01,0.7810159967486227
False,0.01,0.01,1.01,38.01,1.1101123120035807
False,1.01,0.01,0.01,46.01,2.0005290555796424
False,3.01,0.01,1.01,28.009999999999998,0.6896796532116793
False,1.01,0.01,0.01,38.01,0.8179135810966442
True,3.01,3.01,0.01,36.01,1.2613999635822033
True,0.01,1.01,0.01,49.01,0.725421766613588
False,1.01,2.01,1.01,41.01,0.8642900292952381
False,1.01,1.01,2.01,50.01,0.8742438040953578
False,2.01,4.01,0.01,37.01,1.097511071622754
False,1.01,3.01,1.01,35.01,0.7631260955769976
True,2.01,3.01,2.01,46.01,1.00684448604263
False,0.01,1.01,1.01,38.01,1.0561830581511433
False,0.01,0.01,1.01,34.01,1.106290479443979
False,0.01,0.01,1.01,43.01,1.0947280028211228
True,0.01,0.01,0.01,40.01,0.9827867064381013
False,0.01,1.01,1.01,34.01,0.8498549330112268
False,0.01,0.01,0.01,36.01,1.3130411226088639
True,0.01,0.01,0.01,40.01,0.4100255394952231
True,1.01,1.01,1.01,33.01,0.7997083455064504
True,0.01,0.01,4.01,39.01,1.313073920847847
False,0.01,3.01,0.01,43.01,0.5050779374692418
True,0.01,1.01,0.01,30.009999999999998,0.7268609798147003
True,0.01,0.01,0.01,37.01,1.4308444189450027
True,0.01,0.01,0.01,37.01,1.0113964538117193
True,0.01,0.01,0.01,31.009999999999998,0.8966385316868438
True,1.01,0.01,0.01,44.01,1.1355448643332273
True,0.01,0.01,2.01,49.01,1.0032166534245683
True,2.01,1.01,1.01,50.01,0.9693862010252471
False,1.01,0.01,3.01,28.009999999999998,0.7129005516341895
True,1.01,0.01,2.01,39.01,1.0476168529109704
True,2.01,0.01,0.01,38.01,0.7134101509915558
False,0.01,0.01,4.01,29.009999999999998,0.5709475970889014
False,2.01,1.01,0.01,34.01,0.8105261327176407
False,2.01,1.01,0.01,41.01,0.9851250782931537
False,0.01,1.01,0.01,61.01,0.8280489892145829
False,1.01,1.01,1.01,46.01,0.6629108910619371
False,1.01,1.01,4.01,36.01,1.044740162663189
True,2.01,1.01,1.01,43.01,0.4867115548112317
False,3.01,5.01,4.01,44.01,1.2918218526456857
False,4.01,2.01,3.01,40.01,1.658842091930327
False,4.01,4.01,1.01,34.01,0.6995403567005377
False,2.01,4.01,1.01,34.01,1.4619602272684873
True,3.01,5.01,2.01,53.01,1.2205879083076845
True,0.01,8.01,0.01,51.01,1.1342423010376301
False,0.01,0.01,2.01,39.01,0.5827774214034575
False,0.01,0.01,0.01,39.01,0.8223537137755003
False,0.01,0.01,0.01,43.01,1.0307517039573857
False,0.01,0.01,0.01,47.01,0.7785559434256504
False,0.01,0.01,0.01,42.01,1.0868669295493993
True,1.01,0.01,1.01,32.01,0.7836493562290701
True,0.01,0.01,1.01,25.009999999999998,1.1103949429044353
False,1.01,0.01,0.01,34.01,1.3524300510326615
True,0.01,0.01,1.01,37.01,1.24349803914179
False,1.01,0.01,1.01,36.01,0.422772670658436
True,0.01,0.01,1.01,41.01,0.9781348206109278
True,1.01,1.01,0.01,42.01,0.9321980711346083
False,0.01,1.01,1.01,37.01,0.6952668281113011
False,0.01,0.01,1.01,33.01,0.6716858844366345
False,0.01,0.01,2.01,39.01,0.8218494080891994
True,0.01,0.01,2.01,49.01,0.7104587991907952
True,0.01,0.01,2.01,35.01,0.7046852197510092
False,0.01,0.01,2.01,33.01,1.2649114041678042
False,0.01,3.01,3.01,35.01,1.0620339657788644
True,1.01,0.01,2.01,30.009999999999998,0.9212037322482945
False,1.01,1.01,1.01,41.01,1.215561076923306
True,0.01,0.01,1.01,45.01,0.8733675689867642
False,1.01,1.01,1.01,32.01,0.7650113810680013
True,0.01,1.01,2.01,38.01,0.7510053869885027
True,1.01,1.01,1.01,36.01,0.8765959926700562
False,0.01,1.01,0.01,46.01,0.719489905502955
False,2.01,0.01,0.01,39.01,1.0218276315694237
False,3.01,1.01,1.01,48.01,1.0369221854910624
False,0.01,1.01,2.01,28.009999999999998,1.3051460954748122
False,3.01,0.01,1.01,41.01,0.6068607183450734
False,1.01,3.01,1.01,26.009999999999998,0.7853116975219521
False,1.01,2.01,1.01,31.009999999999998,0.803083610718077
False,2.01,3.01,3.01,45.01,0.645891265691885
False,0.01,0.01,1.01,50.01,0.9282736347303553
True,0.01,0.01,2.01,38.01,0.5861309338901945
False,0.01,0.01,1.01,33.01,0.5952461239042554
False,1.01,0.01,2.01,28.009999999999998,0.8205562705592496
False,0.01,0.01,1.01,51.01,0.6681150771134756
False,0.01,0.01,0.01,38.01,0.9419772207321707
True,0.01,0.01,1.01,30.009999999999998,1.692664099742341
True,0.01,0.01,0.01,39.01,0.8360710765243357
False,1.01,0.01,0.01,47.01,0.8083042343832537
True,0.01,0.01,0.01,37.01,0.9063893021167271
False,0.01,0.01,0.01,34.01,1.4475448290061346
True,0.01,0.01,0.01,45.01,1.0144537907903688
False,0.01,0.01,0.01,33.01,0.999014655458621
False,0.01,0.01,1.01,43.01,1.2914868806878017
False,0.01,0.01,0.01,39.01,0.917406659717953
True,1.01,0.01,1.01,32.01,1.2740358936633693
False,0.01,1.01,0.01,36.01,1.679168118608441
True,0.01,0.01,0.01,37.01,0.5863840342256367
True,0.01,1.01,1.01,43.01,0.5130311068866759
True,0.01,0.01,1.01,45.01,1.1149059121748612
False,0.01,0.01,1.01,41.01,1.6990477621852502
False,0.01,1.01,2.01,31.009999999999998,0.9595884572986147
False,2.01,0.01,1.01,42.01,1.1186059099326364
True,0.01,1.01,0.01,44.01,1.118108026585308
False,1.01,0.01,0.01,33.01,1.310614846761959
True,1.01,0.01,1.01,42.01,1.2854583261301775
False,2.01,0.01,0.01,41.01,1.297821794488869
True,0.01,0.01,1.01,44.01,1.3170303310520983
False,1.01,1.01,1.01,45.01,2.0181563681678094
False,0.01,1.01,0.01,54.01,0.6620063295679133
True,0.01,1.01,1.01,36.01,1.6503963283005219
False,0.01,0.01,3.01,46.01,1.4701040340933857
False,0.01,3.01,4.01,29.009999999999998,0.9419711933369355
False,0.01,0.01,1.01,41.01,0.9872776457251964
True,0.01,0.01,0.01,50.01,0.9436572800254446
False,0.01,1.01,1.01,35.01,1.0243824864699198
False,0.01,0.01,0.01,45.01,1.2935088883215367
False,0.01,0.01,1.01,46.01,1.0628385165863607
True,0.01,0.01,0.01,35.01,0.8534260794709714
False,2.01,0.01,1.01,32.01,0.848897259697788
False,0.01,0.01,1.01,36.01,0.5924746969815111
False,0.01,0.01,0.01,44.01,0.5166724421834155
False,0.01,0.01,1.01,50.01,0.995904586133419
False,0.01,2.01,0.01,37.01,1.0242463344878485
False,0.01,0.01,0.01,41.01,0.9214811818951684
True,0.01,0.01,2.01,40.01,1.0627757233594988
True,2.01,0.01,0.01,40.01,0.9721819373570368
False,0.01,0.01,0.01,40.01,1.0559495316389407
True,0.01,0.01,3.01,40.01,1.1287197218922809
True,0.01,0.01,2.01,38.01,0.6350388645934623
True,0.01,0.01,0.01,48.01,1.210526413235702
False,0.01,0.01,1.01,39.01,0.9728746561391142
True,0.01,0.01,1.01,35.01,1.7212692006721584
False,0.01,0.01,1.01,38.01,0.8058955761625599
False,0.01,0.01,1.01,36.01,0.4970982854379439
False,0.01,1.01,1.01,37.01,0.840525861584597
False,2.01,1.01,1.01,36.01,1.091773335955485
False,1.01,0.01,0.01,43.01,1.5679272251061707
False,0.01,0.01,2.01,28.009999999999998,1.0361772576690766
True,2.01,0.01,0.01,47.01,0.7416338270103919
True,2.01,0.01,1.01,35.01,1.1875754525562225
False,0.01,0.01,0.01,44.01,1.0620678127544854
True,0.01,0.01,1.01,47.01,1.080625170864941
True,2.01,1.01,2.01,42.01,1.0153783564377443
False,0.01,0.01,0.01,44.01,1.4260739813187153
False,7.01,3.01,1.01,48.01,1.3363863723237777
False,0.01,0.01,0.01,42.01,0.7023621454223247
False,0.01,1.01,1.01,40.01,0.996672858019356
False,0.01,0.01,0.01,41.01,1.122432169556463
False,1.01,0.01,1.01,43.01,1.1239647332702225
False,0.01,0.01,0.01,42.01,0.6751754223015498
False,0.01,0.01,0.01,37.01,0.7378386970483245
True,0.01,1.01,0.01,40.01,1.0104049528411154
False,0.01,1.01,0.01,31.009999999999998,0.9523206701352729
False,0.01,0.01,1.01,44.01,1.2104439940487066
True,0.01,0.01,0.01,29.009999999999998,0.7795144045148883
False,0.01,0.01,0.01,39.01,0.9908230496542567
False,1.01,4.01,3.01,28.009999999999998,0.8103435519513048
True,1.01,0.01,0.01,42.01,0.8899944403365081
False,0.01,0.01,0.01,41.01,1.0518001875883558
False,2.01,0.01,2.01,43.01,1.5483564285356861
False,0.01,0.01,2.01,33.01,1.0731264426750757
False,0.01,0.01,0.01,36.01,0.7417917428188279
True,1.01,0.01,0.01,43.01,0.7352571095854604
True,1.01,1.01,0.01,38.01,1.6762394186026244
False,1.01,1.01,2.01,36.01,1.067992356235539
False,1.01,0.01,2.01,52.01,1.0928415943236036
True,1.01,2.01,1.01,48.01,1.0324022685056182
True,2.01,0.01,1.01,33.01,1.6668751149394365
False,2.01,1.01,1.01,41.01,1.095709228229512
False,1.01,0.01,2.01,41.01,0.46434269278807094
False,2.01,1.01,1.01,38.01,1.4509175992688714
True,0.01,1.01,0.01,35.01,1.2133202493392234
False,2.01,1.01,1.01,32.01,0.9589904271728704
True,0.01,1.01,5.01,29.009999999999998,0.9414407994503047
True,3.01,4.01,2.01,37.01,0.8058913196008959
True,3.01,3.01,2.01,33.01,0.7129684280771874
True,2.01,2.01,1.01,31.009999999999998,0.5159078993657543
True,3.01,3.01,5.01,27.009999999999998,1.412108862838009
True,0.01,0.01,0.01,42.01,0.8377177840673176
True,0.01,0.01,2.01,52.01,0.7669233149802113
False,0.01,0.01,0.01,40.01,0.9498111012223849
True,0.01,0.01,0.01,45.01,0.8700984832286647
False,0.01,0.01,1.01,43.01,0.9106423226999898
False,0.01,0.01,1.01,47.01,0.828996314593826
True,0.01,1.01,0.01,37.01,0.8809612838574304
True,0.01,1.01,0.01,43.01,0.48044387081940654
False,0.01,0.01,1.01,52.01,0.8949719141651304
False,1.01,1.01,4.01,46.01,1.2668621902824804
True,0.01,1.01,1.01,30.009999999999998,0.8634292650128483
False,0.01,0.01,0.01,36.01,0.8521000923840063
False,0.01,2.01,0.01,40.01,1.2449510438435598
False,0.01,0.01,2.01,44.01,1.1277141730818203
False,1.01,0.01,1.01,40.01,1.3091796611114044
True,1.01,0.01,1.01,41.01,0.41779443290964025
False,0.01,0.01,1.01,64.00999999999999,1.2244841867786977
True,0.01,0.01,1.01,41.01,1.5478844325065946
True,0.01,2.01,0.01,35.01,1.021894818185024
False,0.01,1.01,0.01,44.01,1.308817046453601
True,1.01,0.01,0.01,33.01,1.2527111359391225
False,1.01,0.01,0.01,31.009999999999998,0.7074082301194896
True,3.01,1.01,0.01,37.01,1.1154135106100724
False,0.01,0.01,3.01,28.009999999999998,1.2183197435467434
True,2.01,0.01,2.01,48.01,1.2979217572231438
True,1.01,1.01,2.01,43.01,0.9212030403928294
False,1.01,1.01,1.01,31.009999999999998,1.4554455151287753
False,2.01,0.01,0.01,49.01,0.6873683087463305
False,1.01,2.01,1.01,46.01,1.078235569086962
False,1.01,1.01,0.01,42.01,0.9821549825370195
False,0.01,1.01,1.01,44.01,1.126830795873992
False,4.01,1.01,1.01,48.01,1.6352083761517782
True,0.01,1.01,3.01,41.01,1.2989943058804303
False,0.01,0.01,0.01,41.01,1.8053894518173563
False,0.01,0.01,0.01,37.01,1.2021429146202776
True,0.01,0.01,0.01,39.01,1.1969815717164163
True,0.01,0.01,2.01,40.01,0.8574730245582391
False,0.01,0.01,3.01,43.01,0.8255448669601192
True,0.01,0.01,2.01,40.01,1.0811068782147468
True,0.01,0.01,3.01,39.01,1.0097932371137848
False,0.01,0.01,0.01,42.01,0.8325888383949698
True,0.01,0.01,0.01,41.01,1.1056413868816264
False,0.01,0.01,2.01,28.009999999999998,1.077411733706786
False,0.01,0.01,0.01,30.009999999999998,0.6167636033830964
True,1.01,0.01,1.01,41.01,1.0336038403740266
False,1.01,0.01,2.01,45.01,0.7612232084335794
True,0.01,0.01,1.01,32.01,1.2586329387431663
False,0.01,0.01,3.01,45.01,0.9270915217252843
False,0.01,0.01,1.01,41.01,1.2861081061309896
False,0.01,0.01,1.01,34.01,1.0850822095309391
False,0.01,0.01,0.01,45.01,1.0105214665762101
False,0.01,1.01,0.01,43.01,0.803243837380381
True,0.01,0.01,1.01,36.01,0.8770021192355455
False,1.01,2.01,0.01,35.01,0.8113405208247517
False,1.01,1.01,0.01,39.01,1.3086718202481684
True,1.01,1.01,1.01,49.01,0.9851036985785941
True,0.01,1.01,0.01,35.01,1.0580504274602949
False,1.01,0.01,1.01,21.009999999999998,1.1266486936381221
False,1.01,0.01,2.01,43.01,1.668387971372496
False,1.01,0.01,5.01,42.01,0.7296361167360043
False,1.01,1.01,0.01,49.01,1.0681508565874167
False,1.01,0.01,1.01,35.01,1.0667685140059036
False,1.01,1.01,3.01,39.01,1.4024861064516834
True,0.01,0.01,2.01,45.01,2.313027182210426
False,0.01,1.01,6.01,45.01,0.8643156482710552
False,2.01,2.01,2.01,32.01,1.1790547764291168
True,1.01,0.01,0.01,33.01,1.2618574994517882
True,0.01,0.01,1.01,40.01,1.2639526949157567
True,0.01,1.01,0.01,47.01,1.2380513796547257
True,0.01,0.01,0.01,40.01,1.215367017693803
False,1.01,1.01,0.01,38.01,0.7330304666709386
True,0.01,0.01,0.01,38.01,1.1444895896283167
False,1.01,0.01,2.01,40.01,0.8266966299476178
True,0.01,1.01,0.01,36.01,0.6235630196049753
False,0.01,0.01,0.01,35.01,1.178139899812832
False,0.01,0.01,0.01,39.01,0.7114193101488928
True,1.01,0.01,0.01,48.01,1.1327649560621695
False,0.01,0.01,0.01,38.01,0.7903944269934778
False,0.01,0.01,0.01,43.01,1.0594147750722085
False,0.01,0.01,0.01,37.01,0.9600107475629296
True,0.01,0.01,0.01,46.01,1.245797990030594
False,1.01,1.01,0.01,32.01,1.1185857658753822
False,1.01,0.01,1.01,37.01,0.6213153260175133
True,1.01,0.01,3.01,35.01,0.8935622092483088
False,0.01,1.01,3.01,48.01,1.4133913587669897
False,1.01,0.01,2.01,47.01,1.0498208897107495
False,0.01,0.01,1.01,42.01,1.093685675956524
False,1.01,1.01,1.01,32.01,1.2861802655400365
False,0.01,0.01,1.01,37.01,0.6560836809430477
False,0.01,0.01,1.01,40.01,1.5079809534991637
False,1.01,0.01,1.01,32.01,1.0512158716116884
False,1.01,0.01,0.01,37.01,0.9335073761791984
True,0.01,1.01,3.01,34.01,1.1118327945883562
False,2.01,0.01,2.01,37.01,0.8539803346990815
False,1.01,1.01,2.01,35.01,1.105951282029267
True,0.01,1.01,2.01,44.01,0.9862162457089432
True,4.01,3.01,0.01,53.01,0.7888677273838802
True,4.01,5.01,4.01,36.01,0.6419016836094105
False,2.01,1.01,3.01,44.01,2.0552764751533608
True,0.01,0.01,0.01,42.01,1.2472234391676316
True,0.01,0.01,1.01,41.01,0.819896890559212
False,0.01,0.01,0.01,42.01,0.6888676148810214
False,0.01,1.01,1.01,38.01,1.0905027497791688
False,0.01,0.01,0.01,31.009999999999998,1.034464203314515
False,0.01,0.01,0.01,45.01,0.5757940780202445
True,0.01,0.01,1.01,50.01,0.6745840797849563
False,0.01,0.01,0.01,36.01,1.1827531992415468
False,0.01,0.01,2.01,36.01,1.1555699596732325
False,0.01,0.01,0.01,36.01,1.076395313953961
True,0.01,1.01,0.01,43.01,1.0769652609021383
True,0.01,1.01,1.01,34.01,0.844591576429715
False,0.01,0.01,1.01,41.01,1.1163101230514576
False,0.01,0.01,2.01,42.01,1.0008002700903886
False,1.01,0.01,1.01,35.01,0.64096475112451
True,0.01,0.01,0.01,43.01,1.0774173864867482
True,0.01,1.01,0.01,48.01,0.9011015566557077
True,0.01,1.01,1.01,50.01,1.0392135152525956
False,0.01,0.01,1.01,50.01,0.8982937090428625
True,0.01,0.01,1.01,32.01,0.9724641545503283
False,0.01,0.01,2.01,41.01,0.7031024545054232
False,0.01,0.01,0.01,31.009999999999998,1.4798320991548104
False,1.01,0.01,1.01,31.009999999999998,0.7489014645329978
True,0.01,1.01,2.01,31.009999999999998,1.1683795722436607
True,0.01,0.01,1.01,36.01,1.532552058298045
False,1.01,1.01,1.01,40.01,0.6343478918373877
True,0.01,1.01,1.01,28.009999999999998,0.9303628162852453
False,1.01,1.01,2.01,53.01,0.9346241913105665
True,1.01,0.01,1.01,45.01,1.1850085786238704
False,0.01,0.01,3.01,40.01,0.832223615421689
False,2.01,1.01,2.01,42.01,0.9407635592326093
False,1.01,1.01,3.01,34.01,1.046427652460261
False,2.01,0.01,1.01,53.01,0.8714538869076075
True,0.01,0.01,1.01,30.009999999999998,2.337929819829265
True,0.01,0.01,1.01,42.01,1.4214001557778566
False,0.01,0.01,0.01,43.01,1.443438521099984
True,0.01,0.01,0.01,36.01,1.107596129666896
True,0.01,0.01,0.01,44.01,0.9857538657045914
True,0.01,0.01,0.01,43.01,0.8946988012234482
False,0.01,1.01,0.01,28.009999999999998,0.8959918286677611
True,0.01,0.01,1.01,44.01,1.12732445207444
False,0.01,0.01,0.01,42.01,1.2294247600897015
True,0.01,0.01,1.01,29.009999999999998,0.8615167357673029
False,0.01,1.01,1.01,41.01,1.4488442836473332
False,0.01,1.01,1.01,32.01,2.1777599362468822
True,0.01,1.01,0.01,40.01,0.8177931744084198
False,1.01,0.01,0.01,38.01,0.6058306744808006
False,0.01,0.01,1.01,37.01,1.1519169955033235
True,0.01,0.01,0.01,40.01,0.8667205209745081
False,0.01,0.01,0.01,37.01,1.0127351052387863
False,0.01,1.01,3.01,40.01,0.8562070429153392
False,0.01,0.01,2.01,27.009999999999998,1.174053682375736
False,0.01,0.01,1.01,34.01,0.8074489759417829
True,0.01,0.01,0.01,41.01,0.9068865792349776
False,0.01,1.01,0.01,49.01,0.9039846779489427
False,0.01,0.01,0.01,35.01,0.789907914432659
False,0.01,1.01,2.01,39.01,0.8779481184284018
True,1.01,1.01,4.01,49.01,1.3505618550954617
False,1.01,0.01,1.01,43.01,0.8805398510108557
True,2.01,0.01,2.01,38.01,1.5712984089563535
False,0.01,0.01,3.01,30.009999999999998,1.0818177541448406
False,0.01,0.01,1.01,36.01,0.7339293757527287
False,2.01,0.01,1.01,38.01,0.7264656358821443
True,0.01,1.01,1.01,42.01,1.2221766376561773
False,2.01,2.01,4.01,31.009999999999998,1.1783196362763837
False,2.01,1.01,1.01,37.01,1.012494039842041
False,0.01,0.01,0.01,31.009999999999998,0.6990233993658853
False,0.01,0.01,1.01,29.009999999999998,1.0862917256158198
False,0.01,0.01,0.01,51.01,0.7445683550693168
False,0.01,0.01,0.01,37.01,1.2949701093431745
False,0.01,0.01,0.01,49.01,0.5011037373430236
True,0.01,0.01,1.01,51.01,0.7756763571183283
False,0.01,0.01,1.01,37.01,1.0040690606238185
True,1.01,0.01,0.01,40.01,0.848513520450519
False,0.01,0.01,1.01,28.009999999999998,1.8021997753439363
True,0.01,0.01,1.01,48.01,0.7326661478121433
False,0.01,0.01,0.01,35.01,1.145672317470129
False,0.01,1.01,1.01,31.009999999999998,1.4143769147164433
False,0.01,3.01,0.01,43.01,0.8315199565603596
False,2.01,1.01,1.01,36.01,0.8351544664439114
True,1.01,1.01,3.01,31.009999999999998,0.8409767908148067
True,0.01,0.01,1.01,37.01,0.7627644884906554
False,1.01,0.01,2.01,33.01,1.2408430156214774
False,0.01,0.01,0.01,39.01,1.3123897962370694
False,3.01,0.01,1.01,35.01,1.1758810964533544
True,0.01,0.01,1.01,44.01,1.4685519635791164
True,0.01,2.01,0.01,43.01,1.003697146425038
False,0.01,1.01,3.01,36.01,0.7311856658116176
True,0.01,3.01,1.01,31.009999999999998,1.5189041981338582
True,0.01,0.01,4.01,52.01,1.4431428070166648
False,1.01,1.01,2.01,35.01,1.3558932112207587
True,0.01,2.01,0.01,42.01,1.7641372787907856
True,0.01,2.01,3.01,33.01,1.2008550248733512
True,1.01,0.01,1.01,56.01,1.2168149948401628
False,1.01,0.01,2.01,39.01,1.226628414889399
False,1.01,0.01,0.01,34.01,0.9682918646259946
False,0.01,1.01,1.01,53.01,0.856162058891105
True,2.01,4.01,2.01,33.01,1.1515920824940462
False,4.01,4.01,5.01,49.01,1.1427295564690523
False,0.01,0.01,1.01,30.009999999999998,0.9517700260629017
False,0.01,0.01,0.01,39.01,0.4587706122620902
False,0.01,0.01,0.01,47.01,1.2349812775144506
True,0.01,0.01,0.01,49.01,0.7714473446867806
True,0.01,0.01,0.01,38.01,1.322920638628486
True,1.01,0.01,0.01,33.01,1.0316023558041434
False,0.01,1.01,1.01,38.01,1.1326294535214814
True,0.01,1.01,0.01,31.009999999999998,0.9167895454924875
False,0.01,0.01,1.01,27.009999999999998,0.8785773944230719
False,0.01,0.01,1.01,36.01,1.2790444448087637
True,1.01,0.01,0.01,43.01,0.51629551004551
False,0.01,0.01,0.01,32.01,1.1036173348673348
False,0.01,0.01,1.01,50.01,1.4870159620690118
True,0.01,0.01,0.01,43.01,1.1559974010773688
False,0.01,0.01,0.01,40.01,0.6267878772493378
False,0.01,0.01,0.01,32.01,0.6482548009419606
True,0.01,0.01,2.01,33.01,1.2362264808619898
False,0.01,1.01,0.01,45.01,0.5099114789271194
False,0.01,1.01,1.01,32.01,1.349033599489338
False,0.01,0.01,2.01,36.01,1.1293874674281998
True,0.01,0.01,0.01,49.01,1.1534880864650914
True,1.01,1.01,0.01,48.01,0.7969302890640326
True,1.01,0.01,0.01,44.01,0.7130815008402634
False,0.01,0.01,2.01,37.01,1.2807635894885523
True,2.01,0.01,3.01,32.01,1.3989588264875905
False,1.01,0.01,1.01,42.01,0.9765627462603634
False,2.01,0.01,0.01,32.01,0.8740803495140846
False,2.01,0.01,1.01,42.01,0.9279576483447652
False,0.01,0.01,0.01,30.009999999999998,1.0283400864146206
False,1.01,1.01,0.01,41.01,0.9702790652087327
False,0.01,0.01,1.01,42.01,1.24695755225167
True,1.01,1.01,2.01,42.01,1.0190340995628795
False,3.01,4.01,2.01,36.01,1.7669919092994908
True,0.01,0.01,0.01,43.01,0.9159812639847769
False,0.01,0.01,1.01,48.01,0.7851383519617048
True,0.01,0.01,2.01,48.01,1.173091622688326
False,0.01,0.01,1.01,36.01,0.8621076134221062
False,0.01,0.01,1.01,39.01,1.4172987921415183
False,0.01,0.01,1.01,45.01,0.6564115228537254
True,0.01,0.01,0.01,49.01,1.5970895402399181
False,0.01,1.01,1.01,35.01,1.2462688877098511
True,0.01,0.01,0.01,40.01,1.0257662471547464
True,0.01,0.01,1.01,37.01,0.47525410381338973
False,0.01,0.01,3.01,42.01,0.739815585008733
False,0.01,0.01,0.01,48.01,0.6962901082339125
True,1.01,0.01,1.01,48.01,1.0780143146944359
False,2.01,0.01,2.01,60.01,0.989890470901113
True,0.01,0.01,0.01,42.01,0.7419771107203048
True,0.01,0.01,3.01,39.01,0.8487899394486982
False,0.01,1.01,2.01,43.01,0.9058245625377106
False,0.01,0.01,0.01,36.01,0.7957492132652907
True,0.01,0.01,0.01,46.01,0.8418441136911782
False,0.01,1.01,1.01,43.01,0.7212338417589735
True,1.01,0.01,1.01,44.01,0.7600184694084177
False,0.01,0.01,0.01,34.01,0.8668387893457747
False,0.01,1.01,0.01,37.01,0.572557305376692
True,0.01,0.01,1.01,43.01,1.1628440121027532
True,0.01,1.01,2.01,38.01,0.7833224329634634
False,2.01,0.01,3.01,35.01,0.7793053494636102
False,4.01,0.01,0.01,34.01,0.8994289336365069
False,0.01,3.01,1.01,41.01,0.4188875715135513
False,1.01,2.01,1.01,39.01,0.8202463160764966
True,0.01,0.01,1.01,44.01,0.6548046581963931
True,4.01,3.01,1.01,40.01,1.2782095199390595
True,3.01,3.01,7.01,27.009999999999998,0.6544120501719946
False,2.01,0.01,3.01,37.01,0.9999156063329957
True,0.01,0.01,1.01,31.009999999999998,1.1766986939334216
True,0.01,0.01,0.01,30.009999999999998,0.7701888046988341
True,0.01,0.01,0.01,36.01,1.2676732576934788
False,0.01,0.01,0.01,35.01,1.2244532845807248
True,0.01,0.01,1.01,30.009999999999998,0.8518308835108276
False,0.01,0.01,0.01,39.01,1.2954489009536847
True,1.01,0.01,0.01,32.01,0.5780220524241494
False,0.01,0.01,0.01,48.01,0.5819225634041124
True,0.01,1.01,0.01,45.01,0.6162609859543529
False,2.01,0.01,1.01,41.01,0.5385368680796865
True,0.01,0.01,1.01,38.01,0.4530255498048181
False,0.01,0.01,0.01,42.01,0.8355969585639784
True,1.01,0.01,0.01,37.01,0.737830816118434
False,1.01,0.01,0.01,50.01,0.8797185645212395
False,1.01,0.01,0.01,39.01,0.5880945011147607
False,0.01,0.01,1.01,37.01,1.1956020576953745
True,1.01,0.01,0.01,29.009999999999998,1.1360597230488352
False,2.01,1.01,2.01,28.009999999999998,1.1048634749814465
False,1.01,0.01,0.01,36.01,1.5302904756321103
True,0.01,1.01,0.01,44.01,1.2553428600972478
True,0.01,0.01,0.01,44.01,1.4044658893747768
False,2.01,0.01,2.01,39.01,0.7748228605268379
False,1.01,1.01,0.01,36.01,0.7729953496949324
False,0.01,2.01,1.01,38.01,0.8269912975404966
True,1.01,0.01,2.01,38.01,1.105797623134808
False,2.01,3.01,0.01,35.01,1.3455274626790865
False,2.01,1.01,2.01,36.01,0.7316246370409686
True,2.01,3.01,7.01,31.009999999999998,1.4036727770587278
True,2.01,3.01,1.01,41.01,1.0194061482480439
True,3.01,3.01,1.01,27.009999999999998,0.711723992515444
False,3.01,3.01,2.01,42.01,0.9883972968241002
False,3.01,1.01,2.01,49.01,0.9941849764612618
True,4.01,2.01,2.01,44.01,0.5706619573390816
True,0.01,0.01,0.01,39.01,0.854425663280681
False,1.01,0.01,1.01,49.01,0.9371994219255882
False,0.01,0.01,0.01,31.009999999999998,0.564412197760006
True,0.01,0.01,0.01,50.01,1.1643083334033584
True,2.01,1.01,1.01,53.01,1.3550743298063888
True,0.01,0.01,0.01,50.01,1.0059836963543771
True,0.01,0.01,0.01,37.01,1.0604474052342598
True,1.01,0.01,1.01,50.01,0.7917062638278001
True,1.01,1.01,0.01,37.01,1.28866728287241
True,0.01,0.01,0.01,36.01,0.3683382886954316
False,0.01,0.01,0.01,48.01,0.6473226452350219
True,1.01,0.01,1.01,60.01,0.48675910876443085
True,0.01,0.01,1.01,38.01,0.9077857508889473
True,0.01,0.01,1.01,45.01,1.660893815905257
False,0.01,0.01,1.01,43.01,0.7120624922200741
True,0.01,0.01,0.01,43.01,1.4522768195639122
False,1.01,0.01,2.01,35.01,1.4724203210071332
True,0.01,0.01,2.01,41.01,0.4979649747288856
False,0.01,0.01,1.01,39.01,0.8135647646783982
True,0.01,1.01,0.01,50.01,1.1829105891296336
True,0.01,0.01,0.01,40.01,0.8791242725106837
False,0.01,0.01,2.01,52.01,0.9812692657342243
False,3.01,1.01,2.01,38.01,1.1144552165274824
False,1.01,0.01,1.01,44.01,1.5179448472411792
False,1.01,0.01,0.01,42.01,0.7783484550664661
False,2.01,0.01,0.01,36.01,1.1412485361230609
True,1.01,1.01,2.01,34.01,1.3280506633978189
False,1.01,0.01,2.01,44.01,1.0422910031924117
True,1.01,0.01,1.01,43.01,1.0449609024526805
False,0.01,2.01,1.01,36.01,1.2438288719924826
False,0.01,4.01,2.01,41.01,0.6459374413253722
True,0.01,0.01,3.01,44.01,0.8039273764380264
False,2.01,0.01,1.01,28.009999999999998,1.4122402551443942
False,0.01,0.01,1.01,45.01,1.2357454053130186
False,0.01,0.01,0.01,31.009999999999998,0.8905172081834283
True,0.01,0.01,0.01,46.01,1.8530259039090002
False,0.01,0.01,0.01,56.01,0.8193733814073265
True,0.01,0.01,0.01,38.01,1.0141841605093738
True,0.01,0.01,0.01,35.01,0.9597553750039113
False,0.01,0.01,0.01,38.01,1.071552164988384
False,0.01,1.01,1.01,40.01,1.1458000051579786
False,0.01,0.01,1.01,41.01,1.552551863805263
True,1.01,0.01,1.01,42.01,1.5032241800507602
False,0.01,0.01,1.01,49.01,0.853832077271662
True,0.01,0.01,0.01,35.01,0.7026713588905645
False,0.01,0.01,1.01,46.01,1.1317580199208226
False,0.01,0.01,0.01,30.009999999999998,1.30666390088351
False,0.01,1.01,1.01,45.01,1.5165135761312578
True,0.01,0.01,0.01,43.01,0.7982321586481177
False,0.01,0.01,0.01,43.01,1.2787655032301937
True,0.01,0.01,0.01,42.01,1.122820730767461
False,0.01,1.01,2.01,37.01,1.1883261588985943
True,0.01,1.01,0.01,42.01,2.249536001683403
False,0.01,0.01,0.01,32.01,1.5271654578911238
False,0.01,0.01,0.01,49.01,1.1928093258915087
False,0.01,1.01,0.01,44.01,0.7754770715928005
True,0.01,0.01,1.01,36.01,1.0207209208198558
False,0.01,2.01,1.01,43.01,0.97418338128552
False,2.01,1.01,4.01,41.01,0.8180264322021289
False,0.01,1.01,1.01,39.01,0.7357190256030699
True,1.01,1.01,1.01,51.01,1.131474872942028
False,0.01,0.01,1.01,45.01,0.7385055012065938
True,1.01,2.01,3.01,32.01,1.5868527399931576
False,1.01,3.01,1.01,47.01,0.4990002680246583
False,1.01,2.01,5.01,43.01,1.2148740048014093
False,2.01,2.01,1.01,32.01,0.6012415744596595
True,0.01,0.01,1.01,49.01,0.9691987265059939
False,0.01,0.01,0.01,36.01,0.9243685660313988
False,0.01,1.01,0.01,37.01,0.6341840078756056
False,0.01,2.01,0.01,54.01,0.9218594993950878
True,0.01,0.01,0.01,30.009999999999998,0.8409637244052326
False,0.01,0.01,0.01,46.01,0.8203306713721019
True,1.01,0.01,0.01,49.01,1.0052076287509646
False,0.01,0.01,0.01,49.01,0.8619270722077343
True,1.01,0.01,1.01,40.01,0.5990475621767497
True,0.01,0.01,0.01,33.01,0.8401019462819879
False,0.01,0.01,1.01,36.01,0.6380190678938051
True,1.01,0.01,2.01,37.01,1.134134026237869
False,0.01,0.01,1.01,33.01,1.0447684755793392
False,0.01,1.01,1.01,31.009999999999998,1.1430466445978087
True,0.01,0.01,1.01,37.01,1.1008809642374136
False,0.01,1.01,0.01,36.01,1.1638390594499097
True,1.01,1.01,0.01,34.01,0.9538646150639539
True,0.01,0.01,0.01,22.009999999999998,0.5694417469482587
True,0.01,0.01,0.01,38.01,1.5714655151419854
False,0.01,1.01,1.01,43.01,0.3690762113073627
False,0.01,0.01,0.01,43.01,0.8367802552004878
True,0.01,1.01,1.01,40.01,0.9675036333096201
False,0.01,0.01,0.01,56.01,1.271676274480534
False,0.01,0.01,2.01,37.01,0.6084359586795779
False,0.01,0.01,1.01,42.01,0.7884227857289506
False,0.01,0.01,0.01,50.01,0.8277595294901843
True,1.01,1.01,4.01,44.01,1.3285312172524408
False,0.01,1.01,1.01,39.01,1.0046478255240372
False,1.01,0.01,3.01,47.01,0.944851626867756
True,0.01,4.01,0.01,43.01,0.6505285639584355
True,4.01,1.01,4.01,40.01,0.8963357647181177
False,2.01,1.01,2.01,46.01,1.0163753831344577
True,4.01,3.01,2.01,32.01,1.265953684092915
False,0.01,0.01,0.01,44.01,1.0390957670230074
False,0.01,0.01,1.01,48.01,1.0093686008283227
True,0.01,0.01,0.01,52.01,0.956811747942778
False,0.01,0.01,0.01,45.01,1.091022959695941
False,0.01,0.01,2.01,37.01,0.6886798308760383
True,0.01,0.01,1.01,50.01,0.5967154491911637
True,0.01,0.01,1.01,31.009999999999998,1.1827198165355302
False,0.01,1.01,1.01,31.009999999999998,0.7780047091177924
False,1.01,0.01,1.01,42.01,1.1886202107659025
False,1.01,0.01,0.01,32.01,0.7898105976182465
False,0.01,0.01,1.01,44.01,0.6060059626537077
False,1.01,0.01,1.01,49.01,0.8268175468249965
False,0.01,0.01,1.01,33.01,0.8683103987800889
False,0.01,1.01,0.01,44.01,1.0727811342221036
True,0.01,0.01,0.01,30.009999999999998,1.193098595161718
False,0.01,0.01,0.01,42.01,1.0699430387673714
False,0.01,0.01,1.01,38.01,0.5847046920178021
True,0.01,0.01,1.01,43.01,0.47480580519561205
False,0.01,0.01,1.01,44.01,0.4934890406087171
True,0.01,1.01,0.01,35.01,0.6403182850342738
True,0.01,2.01,0.01,40.01,0.8873259660769035
False,1.01,0.01,2.01,47.01,0.4889209906606208
True,0.01,0.01,2.01,37.01,1.00370584019561
True,0.01,1.01,0.01,38.01,1.4727503929235426
False,1.01,0.01,0.01,44.01,1.8874805270173303
True,0.01,2.01,0.01,32.01,0.6420936642501658
True,0.01,0.01,0.01,30.009999999999998,1.5994796355641288
True,1.01,2.01,0.01,48.01,1.2425424071383437
False,0.01,0.01,2.01,40.01,0.8163421885963831
True,2.01,0.01,1.01,37.01,1.097435423442939
True,2.01,1.01,0.01,48.01,1.241157437447399
False,1.01,1.01,2.01,43.01,1.080059042870153
False,1.01,3.01,0.01,37.01,1.0504013465619364
True,0.01,0.01,1.01,35.01,0.5321793782180538
False,0.01,0.01,1.01,46.01,1.0258572726164688
True,0.01,0.01,0.01,59.01,0.9161899806875562
True,0.01,1.01,1.01,32.01,0.7772088187924021
True,0.01,0.01,1.01,45.01,0.604002110565972
False,0.01,1.01,1.01,42.01,1.1761048043543467
True,0.01,1.01,1.01,39.01,0.75923122525256
False,0.01,0.01,0.01,37.01,0.7533308838091299
False,0.01,0.01,1.01,45.01,0.8104799298049494
True,0.01,0.01,0.01,41.01,1.0911166358037656
False,0.01,0.01,0.01,41.01,1.1967923280068562
True,0.01,1.01,1.01,38.01,0.4890122445447763
False,0.01,1.01,0.01,38.01,0.8398291677625526
False,0.01,0.01,2.01,37.01,0.9894172270775481
False,0.01,0.01,1.01,41.01,1.2685191144298826
True,1.01,1.01,1.01,37.01,0.7416487603001551
False,0.01,0.01,2.01,39.01,0.6108439849489622
False,0.01,0.01,0.01,41.01,0.9553155116451723
False,1.01,0.01,1.01,34.01,0.8982245485457911
False,0.01,0.01,0.01,40.01,0.7068888217505931
False,0.01,0.01,2.01,29.009999999999998,0.855097316879817
True,0.01,0.01,1.01,39.01,1.2525341943869266
False,0.01,0.01,0.01,47.01,0.5743036568694464
True,0.01,3.01,1.01,34.01,1.5858102522108972
False,1.01,0.01,0.01,40.01,0.8071650233828965
True,2.01,2.01,0.01,47.01,1.0959641068154997
False,0.01,0.01,2.01,32.01,1.3666370276523674
True,2.01,2.01,1.01,36.01,0.8456351701822157
False,0.01,0.01,1.01,38.01,1.5420093171365006
True,1.01,0.01,0.01,32.01,1.4127400653647744
False,1.01,3.01,2.01,44.01,0.5531689829086093
False,3.01,2.01,4.01,41.01,1.2717093295729138
False,1.01,2.01,3.01,39.01,0.8185899678583756
False,1.01,1.01,0.01,36.01,0.5770652076394469
False,0.01,0.01,1.01,45.01,0.8803946928240752
False,0.01,0.01,0.01,39.01,1.3138725381055625
False,0.01,1.01,0.01,42.01,0.9542853626944688
False,0.01,0.01,1.01,39.01,0.6388177777831088
False,0.01,0.01,2.01,45.01,0.712718099355694
False,1.01,0.01,0.01,45.01,0.9255267232923639
True,0.01,1.01,2.01,49.01,1.305407595381251
True,0.01,0.01,0.01,34.01,0.5355836326338459
True,0.01,0.01,0.01,41.01,0.7219812757088093
True,0.01,0.01,2.01,37.01,0.8122907025035507
False,0.01,0.01,0.01,40.01,1.2233930709065794
False,0.01,0.01,2.01,31.009999999999998,0.7854329863833771
True,0.01,1.01,0.01,34.01,0.724753378716227
False,0.01,0.01,1.01,31.009999999999998,0.7733477087242734
False,0.01,1.01,1.01,38.01,1.043540067798738
True,0.01,0.01,2.01,41.01,0.7360754876721048
False,0.01,0.01,0.01,35.01,0.5598810480786414
True,0.01,0.01,2.01,44.01,0.8388544684858997
True,0.01,0.01,0.01,44.01,0.8363532749575984
True,1.01,0.01,0.01,45.01,0.7442861990742848
False,0.01,0.01,1.01,43.01,1.1223861675146298
False,1.01,0.01,1.01,47.01,0.40450728097140776
True,3.01,0.01,3.01,46.01,0.9562422022451217
False,0.01,2.01,2.01,45.01,1.490478148150476
True,0.01,2.01,2.01,41.01,0.7715716590335924
False,1.01,0.01,2.01,33.01,0.8548066905169605
False,1.01,1.01,2.01,42.01,0.8500784825877066
False,1.01,3.01,3.01,56.01,1.3278952519244875
False,3.01,1.01,3.01,52.01,1.03502502633865
True,3.01,1.01,1.01,35.01,0.8449774012322085
False,0.01,1.01,0.01,37.01,0.6740338553787489
False,3.01,3.01,1.01,34.01,1.1985364047273568
False,0.01,0.01,0.01,50.01,1.536037484006572
False,0.01,0.01,2.01,46.01,0.6629602605751721
True,0.01,0.01,1.01,42.01,1.1666584337658144
True,0.01,0.01,0.01,40.01,0.8884058851330413
True,0.01,0.01,0.01,45.01,0.796946336531006
False,0.01,0.01,0.01,44.01,0.7904060761406971
True,0.01,0.01,0.01,34.01,0.9057411439602358
False,0.01,0.01,0.01,42.01,0.7512439451199251
True,1.01,1.01,0.01,37.01,1.0889814283595263
False,0.01,0.01,0.01,43.01,1.4415112972839705
True,1.01,0.01,3.01,41.01,0.41049177526515557
False,0.01,0.01,1.01,42.01,1.0528395149707925
True,0.01,0.01,0.01,50.01,1.4754984071885202
False,0.01,1.01,0.01,44.01,0.6431630676823212
False,0.01,1.01,0.01,51.01,1.0706513397836648
False,1.01,0.01,1.01,41.01,1.1043414606749433
False,1.01,0.01,1.01,40.01,2.0015367839545863
False,0.01,0.01,1.01,46.01,1.2669809968074457
False,0.01,0.01,0.01,34.01,1.2565537767692239
True,0.01,0.01,2.01,51.01,1.7381977966144349
False,1.01,1.01,2.01,41.01,1.9663403043353505
False,0.01,0.01,1.01,28.009999999999998,1.0966748301185774
True,0.01,0.01,1.01,42.01,1.309281145168483
False,1.01,1.01,0.01,47.01,1.2650845733983136
False,1.01,1.01,4.01,42.01,0.4767252177839531
False,2.01,1.01,1.01,42.01,0.9220279117220911
False,1.01,1.01,0.01,46.01,0.9267744724063196
False,0.01,0.01,1.01,41.01,1.1896477914325525
True,2.01,0.01,0.01,40.01,1.3039095153152507
True,0.01,0.01,2.01,39.01,0.9960696195351605
True,4.01,1.01,2.01,32.01,0.8360072179107173
False,0.01,6.01,3.01,41.01,1.4745028838109047
False,2.01,3.01,1.01,31.009999999999998,0.8015753575290742
False,0.01,0.01,0.01,47.01,1.3731316149147985
True,0.01,0.01,0.01,41.01,0.9208712076377602
False,0.01,0.01,0.01,33.01,1.164826279316621
False,1.01,0.01,1.01,49.01,0.4267932949324374
True,1.01,1.01,0.01,24.009999999999998,0.61449105390786
False,1.01,0.01,2.01,40.01,1.1128318139982174
True,0.01,0.01,0.01,38.01,0.6134628268943426
True,0.01,0.01,1.01,29.009999999999998,0.9423161273187217
False,0.01,0.01,0.01,39.01,0.9707559285872941
False,2.01,0.01,0.01,35.01,1.058126454442244
False,0.01,0.01,1.01,40.01,0.9745971029673846
True,0.01,2.01,0.01,50.01,0.5481315866427543
False,0.01,0.01,0.01,40.01,1.6465987934377722
True,2.01,1.01,1.01,41.01,0.6384939618219464
True,1.01,1.01,1.01,37.01,1.1337909467164105
True,1.01,1.01,0.01,47.01,1.7186521432739919
False,0.01,0.01,1.01,47.01,0.923418718215659
False,0.01,0.01,0.01,58.01,1.2405442609428037
False,1.01,1.01,1.01,34.01,1.1705247782354442
True,1.01,1.01,1.01,39.01,1.1115291763985145
True,1.01,0.01,1.01,41.01,0.966849469944217
False,1.01,0.01,1.01,44.01,0.5704449940101224
False,1.01,1.01,1.01,44.01,0.7142011500677902
False,1.01,1.01,0.01,35.01,1.5606883690497177
True,0.01,1.01,0.01,28.009999999999998,0.8675434453186179
True,1.01,1.01,2.01,41.01,0.9799907421513951
False,0.01,0.01,4.01,35.01,1.0686585037914158
False,2.01,1.01,0.01,49.01,0.9335320907982433
True,4.01,2.01,2.01,45.01,1.2130645707747725
True,1.01,2.01,3.01,25.009999999999998,1.3888757499515847
False,2.01,4.01,6.01,44.01,1.1832156549810655
False,5.01,4.01,2.01,55.01,0.9204185032756461
True,4.01,2.01,5.01,38.01,1.6753455463548184
False,0.01,0.01,0.01,34.01,0.7674248180632324
True,0.01,0.01,1.01,46.01,1.02555584269481
True,0.01,1.01,2.01,50.01,1.259549531376585
False,0.01,0.01,0.01,41.01,1.0876631998046646
True,0.01,0.01,0.01,51.01,1.4506932069974101
False,0.01,0.01,0.01,49.01,0.5815859827898129
False,1.01,1.01,0.01,43.01,1.3978079351747028
False,0.01,1.01,1.01,31.009999999999998,0.4769610238689186
False,0.01,0.01,1.01,39.01,0.7066328980315554
True,0.01,0.01,1.01,42.01,0.7462627100955153
False,0.01,0.01,2.01,33.01,0.8610605797991882
True,0.01,2.01,1.01,38.01,0.87823478470409
True,0.01,0.01,0.01,44.01,0.9657821625813616
False,0.01,0.01,0.01,51.01,0.5864909717378439
False,1.01,1.01,0.01,28.009999999999998,0.8667769818120794
False,0.01,2.01,1.01,35.01,1.129690148825853
False,2.01,0.01,0.01,44.01,1.6797286614512685
True,1.01,1.01,1.01,43.01,0.7335229297089038
True,1.01,1.01,0.01,43.01,1.1425260465337697
False,0.01,1.01,1.01,47.01,1.137514825243452
False,1.01,1.01,0.01,40.01,1.1995946067305574
False,1.01,1.01,0.01,32.01,0.9103512472431564
False,0.01,0.01,1.01,44.01,1.015635246633781
False,0.01,0.01,1.01,36.01,1.3470155894627776
True,1.01,1.01,1.01,32.01,0.9576745527897601
False,0.01,0.01,0.01,40.01,1.6152940091907022
False,0.01,2.01,1.01,35.01,0.6017531477380549
True,1.01,0.01,1.01,40.01,1.3512064737691367
True,1.01,1.01,0.01,43.01,0.6517820304776827
False,0.01,0.01,2.01,29.009999999999998,1.0293062096633525
False,3.01,1.01,1.01,26.009999999999998,0.8586571558883072
False,0.01,0.01,1.01,45.01,0.7632209813750062
False,1.01,0.01,1.01,30.009999999999998,0.7127135297269936
False,0.01,0.01,0.01,39.01,0.7987647972942092
False,0.01,0.01,1.01,33.01,1.114673607396729
False,2.01,0.01,0.01,45.01,0.9528655570356543
False,0.01,0.01,0.01,51.01,0.5379350481500083
False,0.01,0.01,0.01,31.009999999999998,0.6672041615835147
False,0.01,1.01,1.01,41.01,0.8735038661887209
False,0.01,0.01,1.01,47.01,0.940760296442345
True,0.01,1.01,0.01,40.01,0.4699802879737881
True,2.01,0.01,0.01,34.01,0.9124552391659633
True,1.01,1.01,1.01,41.01,0.982475005859242
True,1.01,1.01,1.01,38.01,0.9105823531413366
True,1.01,0.01,0.01,27.009999999999998,0.623345156548428
True,1.01,1.01,1.01,36.01,0.5159073826776422
False,1.01,1.01,0.01,47.01,0.926694269279894
False,0.01,2.01,0.01,31.009999999999998,1.0163407318377844
False,0.01,2.01,0.01,39.01,0.7456678371712965
True,1.01,0.01,0.01,42.01,1.2268938178699842
False,1.01,1.01,0.01,35.01,0.4514409318821083
False,0.01,1.01,2.01,41.01,1.0803790912269564
False,3.01,0.01,0.01,39.01,1.0654856646769237
False,0.01,0.01,2.01,40.01,1.3509971326386212
False,0.01,0.01,0.01,45.01,1.1119198745388579
False,0.01,2.01,1.01,43.01,1.0660143450119368
False,1.01,0.01,1.01,39.01,1.4039731268015003
True,0.01,0.01,2.01,36.01,1.5401489784505724
True,1.01,2.01,1.01,47.01,0.9200175702178077
False,3.01,1.01,0.01,35.01,1.0625705260225382
False,0.01,0.01,0.01,46.01,1.2617858889556064
False,2.01,0.01,0.01,43.01,0.9095057295230138
False,0.01,1.01,2.01,43.01,0.9583075674729987
False,0.01,1.01,1.01,41.01,1.407759709571741
False,1.01,0.01,0.01,46.01,0.8244942398473762
True,4.01,4.01,2.01,40.01,1.0807812306791993
False,1.01,0.01,0.01,52.01,0.7088528470645789
False,0.01,0.01,0.01,29.009999999999998,0.7757015139115908
True,0.01,0.01,0.01,42.01,1.2675661229608595
False,1.01,0.01,1.01,43.01,1.3954238138176076
False,0.01,1.01,1.01,34.01,0.46155789107383755
False,0.01,0.01,0.01,44.01,1.2005276928943094
False,0.01,1.01,1.01,39.01,1.1641816132251153
True,0.01,0.01,2.01,37.01,1.3219981846081834
False,0.01,0.01,1.01,54.01,0.9999861404526666
False,0.01,0.01,0.01,48.01,0.5623117979292639
False,0.01,0.01,0.01,42.01,1.3409129032147369
True,2.01,2.01,2.01,47.01,0.7541300245606004
False,1.01,1.01,1.01,33.01,0.669933067845824
True,0.01,0.01,0.01,40.01,1.599764839587306
False,0.01,1.01,1.01,38.01,1.444632805585563
True,2.01,1.01,1.01,33.01,0.46422597757604633
False,0.01,1.01,1.01,52.01,0.8485849610408791
False,1.01,0.01,0.01,48.01,1.1408246310219994
False,0.01,3.01,1.01,33.01,0.9220115288458942
False,0.01,1.01,1.01,33.01,1.079408629922101
True,3.01,0.01,3.01,40.01,0.9569381872423388
True,1.01,1.01,0.01,42.01,1.191739895908041
False,1.01,1.01,0.01,35.01,1.2545069692757964
True,1.01,0.01,1.01,38.01,0.7978876547603952
True,1.01,1.01,2.01,42.01,1.1572096367306324
True,0.01,4.01,1.01,42.01,1.312901216217055
False,1.01,4.01,1.01,29.009999999999998,1.017616936067925
False,1.01,2.01,1.01,32.01,1.265179163396227
False,1.01,1.01,2.01,42.01,0.9842473509489058
False,3.01,3.01,4.01,42.01,0.8975952399683294
False,1.01,3.01,1.01,47.01,0.7855358233194368
True,2.01,4.01,3.01,56.01,0.5560176744713912
False,0.01,0.01,0.01,35.01,1.234277725490444
False,0.01,0.01,0.01,42.01,0.9172842446414646
True,1.01,0.01,0.01,48.01,0.8537808335574192
True,1.01,0.01,0.01,41.01,0.6280611791272772
False,2.01,0.01,2.01,33.01,0.7495678766853473
True,0.01,0.01,2.01,31.009999999999998,1.4748588667414164
False,0.01,1.01,0.01,50.01,1.2502138692463143
True,0.01,0.01,1.01,37.01,1.0107907659730633
False,0.01,0.01,3.01,41.01,0.5004798188155433
True,0.01,0.01,2.01,42.01,0.9371568590558856
False,0.01,0.01,3.01,41.01,0.7676794757783479
False,0.01,1.01,1.01,32.01,0.9688333112015436
True,0.01,0.01,0.01,34.01,1.1558096697994833
False,0.01,0.01,0.01,44.01,0.8951824582261737
False,0.01,2.01,0.01,53.01,0.8949251580974064
True,1.01,0.01,0.01,26.009999999999998,0.9010855114907266
True,0.01,1.01,0.01,31.009999999999998,1.3509785344020955
False,0.01,0.01,1.01,41.01,1.2403606249990613
False,0.01,0.01,0.01,37.01,1.017124465627543
True,0.01,0.01,1.01,39.01,0.6881881429600873
False,1.01,0.01,2.01,33.01,1.0037385853072536
False,1.01,1.01,0.01,42.01,0.9464941855687584
True,1.01,1.01,2.01,38.01,0.8736476227446661
False,0.01,3.01,0.01,37.01,1.5584326592771183
False,0.01,0.01,0.01,39.01,1.0680186236765183
True,1.01,3.01,1.01,38.01,0.7137679992867848
False,2.01,0.01,0.01,42.01,0.5979066125864485
False,4.01,1.01,1.01,40.01,1.2674931141746841
False,1.01,2.01,3.01,29.009999999999998,0.855757008884651
True,2.01,3.01,2.01,39.01,0.8732135972440365
False,1.01,1.01,0.01,36.01,1.2699984544255252
False,0.01,1.01,1.01,32.01,1.0690001845884198
False,1.01,0.01,4.01,38.01,0.8522222345807423
False,3.01,4.01,1.01,34.01,2.058004523732026
False,0.01,0.01,0.01,47.01,1.143431959524406
False,0.01,0.01,0.01,55.01,0.9336111216532056
False,0.01,0.01,1.01,47.01,1.4418544982981163
False,0.01,0.01,1.01,46.01,1.062103200656912
False,0.01,0.01,1.01,33.01,0.9508671575967318
True,0.01,0.01,1.01,50.01,0.97573902096511
False,0.01,0.01,2.01,45.01,0.6107842108913262
True,0.01,0.01,0.01,38.01,0.7289336427039268
False,1.01,0.01,2.01,31.009999999999998,1.2314019447437519
True,0.01,1.01,1.01,32.01,0.767045732045732
False,0.01,0.01,0.01,32.01,0.7189316103504859
False,0.01,0.01,0.01,43.01,0.6858540319934824
False,0.01,0.01,0.01,32.01,0.986419261228771
True,0.01,0.01,1.01,41.01,0.9289566715101617
False,1.01,1.01,1.01,35.01,1.0043589392126098
False,0.01,0.01,0.01,39.01,1.151733708724376
False,0.01,1.01,0.01,44.01,0.8656252147323577
False,1.01,1.01,1.01,56.01,0.9126525580807372
False,0.01,0.01,0.01,34.01,1.8376915317303633
False,0.01,0.01,1.01,24.009999999999998,1.3553133656028886
True,0.01,0.01,1.01,34.01,0.9855786744113115
False,0.01,1.01,1.01,37.01,1.1825087915594206
True,1.01,4.01,1.01,44.01,0.8639428091018866
True,1.01,0.01,1.01,31.009999999999998,0.9251672325875617
True,2.01,1.01,1.01,44.01,1.0878045495780357
False,0.01,5.01,2.01,36.01,1.2016843588337276
False,2.01,1.01,2.01,44.01,1.4819357987060584
True,1.01,2.01,3.01,37.01,1.6775453181904343
True,2.01,3.01,2.01,38.01,0.8272678521169232
True,0.01,1.01,3.01,31.009999999999998,1.0221474806916844
True,2.01,1.01,4.01,33.01,1.1076625900842718
False,3.01,1.01,3.01,44.01,1.3591917161151175
True,1.01,3.01,2.01,37.01,0.6124542869444943
False,0.01,0.01,0.01,42.01,0.8727663540106528
False,0.01,0.01,0.01,41.01,1.2949833170358707
True,0.01,0.01,1.01,32.01,0.9555971299426519
False,1.01,0.01,1.01,42.01,0.7743164015493738
False,1.01,0.01,0.01,37.01,0.4520805196644021
False,1.01,0.01,0.01,52.01,1.2537712663741194
False,0.01,0.01,0.01,34.01,0.9245855071610092
False,0.01,0.01,1.01,40.01,0.8279454192207683
False,0.01,0.01,1.01,38.01,1.0039918275486173
False,0.01,0.01,1.01,36.01,1.364758564846355
True,0.01,0.01,2.01,40.01,1.2123702319327372
False,0.01,0.01,1.01,33.01,1.1162026419780076
False,0.01,1.01,1.01,49.01,1.189246875295835
False,0.01,0.01,0.01,47.01,0.9550450853583845
False,0.01,0.01,0.01,30.009999999999998,1.2217036096739375
False,0.01,0.01,0.01,33.01,0.50383737002492
False,0.01,0.01,1.01,26.009999999999998,0.8192226024368883
False,0.01,0.01,0.01,40.01,1.3725832000157536
True,0.01,0.01,2.01,46.01,0.589387080927758
False,0.01,0.01,1.01,46.01,1.387851201076442
True,0.01,0.01,0.01,47.01,0.8833781776697844
False,0.01,1.01,0.01,37.01,0.6394718101681197
True,0.01,0.01,1.01,41.01,0.7924835888759074
True,0.01,0.01,1.01,40.01,0.6240879435067495
True,0.01,0.01,1.01,40.01,0.9639546236914652
False,0.01,2.01,1.01,33.01,1.1924035003988562
True,0.01,2.01,0.01,56.01,1.1314133623664897
False,1.01,0.01,1.01,54.01,0.6195593003509531
True,0.01,1.01,1.01,39.01,0.55589527244821
False,1.01,1.01,1.01,36.01,1.1476732692142604
False,0.01,2.01,2.01,37.01,1.128687534082339
True,3.01,0.01,1.01,46.01,0.7162322896065662
False,1.01,1.01,4.01,35.01,0.8389355784039249
True,0.01,0.01,0.01,44.01,0.9462350133962164
False,0.01,0.01,0.01,24.009999999999998,0.838349900581052
False,1.01,0.01,0.01,31.009999999999998,1.4814093354597935
False,0.01,1.01,0.01,33.01,0.554468450717901
False,0.01,0.01,0.01,34.01,1.2236135443143248
False,0.01,0.01,0.01,33.01,1.26026915660523
False,0.01,0.01,0.01,39.01,1.4354735225787856
False,0.01,1.01,0.01,36.01,0.7449531417243371
False,0.01,0.01,2.01,36.01,0.7693021270586508
False,0.01,0.01,0.01,36.01,0.6344562736975291
False,0.01,1.01,0.01,26.009999999999998,0.9400085344866638
False,0.01,0.01,1.01,30.009999999999998,1.2108909263093681
True,1.01,0.01,0.01,31.009999999999998,0.755430438281723
False,0.01,0.01,1.01,33.01,0.4838317374502376
False,0.01,0.01,0.01,32.01,0.9136903067043461
True,0.01,1.01,0.01,41.01,0.6407753681777972
False,1.01,0.01,0.01,31.009999999999998,1.1258650353627262
False,0.01,1.01,1.01,35.01,0.7605913388372829
True,0.01,0.01,1.01,35.01,0.7323308229638308
False,1.01,0.01,0.01,41.01,0.9164528041688461
True,0.01,0.01,2.01,49.01,0.5042474192474191
True,1.01,1.01,0.01,47.01,0.7843706099909195
True,0.01,0.01,2.01,44.01,1.5259137057725414
True,1.01,1.01,4.01,31.009999999999998,0.5533752158752159
False,0.01,0.01,2.01,37.01,1.406710303026525
True,1.01,0.01,0.01,41.01,0.9020460829679016
True,0.01,1.01,2.01,36.01,0.6530850446094136
True,0.01,0.01,1.01,34.01,1.5055986673418371
True,4.01,1.01,1.01,35.01,1.5930684130684132
True,0.01,3.01,1.01,40.01,1.1621448587900536
True,2.01,3.01,1.01,38.01,1.4955540228968487
False,1.01,1.01,5.01,27.009999999999998,1.2778895072935317
True,2.01,2.01,3.01,32.01,1.39222631944106
True,0.01,0.01,1.01,47.01,1.5243803732529582
True,0.01,0.01,0.01,35.01,0.7525958873220537
False,0.01,0.01,0.01,30.009999999999998,1.754470133106827
False,0.01,0.01,1.01,42.01,0.7131208724039294
False,0.01,0.01,0.01,47.01,0.7870011119941155
True,0.01,2.01,1.01,46.01,0.7783269609517316
False,1.01,0.01,1.01,33.01,1.5487742530461965
False,0.01,0.01,1.01,37.01,0.8995695307108351
False,0.01,0.01,1.01,33.01,0.7800750929745875
True,0.01,0.01,1.01,37.01,0.8777740603708297
False,0.01,0.01,1.01,41.01,0.7685436358299926
False,1.01,0.01,2.01,32.01,1.2806643293561115
False,1.01,1.01,0.01,34.01,0.9504416930268877
False,0.01,1.01,0.01,43.01,1.3106290656251598
False,0.01,0.01,0.01,36.01,1.2442586803877127
False,1.01,1.01,0.01,47.01,0.7028943660097609
False,0.01,0.01,1.01,37.01,1.8302999505428965
False,2.01,0.01,0.01,31.009999999999998,1.040575555462887
False,1.01,0.01,0.01,40.01,1.1333810621963905
True,0.01,0.01,1.01,57.01,0.3534337386292883
True,0.01,1.01,1.01,34.01,0.8451685203674878
True,0.01,0.01,0.01,43.01,1.5845482314542774
True,0.01,1.01,0.01,36.01,1.037222052127919
True,0.01,0.01,0.01,41.01,1.2349031192072701
False,2.01,1.01,1.01,34.01,1.0763718657592687
False,1.01,0.01,2.01,41.01,1.2161790507732415
False,0.01,0.01,2.01,33.01,0.7420494732197402
True,0.01,1.01,0.01,31.009999999999998,0.9862408619360564
True,0.01,1.01,0.01,29.009999999999998,1.2692448396800406
False,0.01,1.01,2.01,34.01,0.5638118315747571
True,1.01,0.01,3.01,31.009999999999998,1.087232486812894
False,4.01,1.01,0.01,41.01,1.2702942752907218
False,0.01,0.01,0.01,34.01,1.1187903739561336
True,2.01,0.01,1.01,47.01,0.9562810172401988
True,0.01,0.01,0.01,39.01,1.2735321013878569
False,0.01,0.01,3.01,47.01,1.1336187432338851
True,1.01,0.01,0.01,34.01,1.1361156974909086
False,0.01,0.01,0.01,33.01,1.1039204552793767
True,0.01,0.01,0.01,39.01,0.715516148717379
False,0.01,0.01,4.01,48.01,0.744142930072323
False,1.01,0.01,2.01,38.01,1.007351270609599
True,1.01,0.01,0.01,26.009999999999998,1.289430135485061
True,0.01,0.01,0.01,36.01,1.0846121103327453
True,0.01,1.01,0.01,31.009999999999998,1.5188625143308487
False,0.01,0.01,1.01,34.01,0.5106864804471227
False,0.01,1.01,0.01,41.01,0.709722043797839
False,2.01,1.01,1.01,34.01,0.8838266832849925
False,2.01,0.01,1.01,46.01,1.5764064352654306
False,0.01,2.01,0.01,28.009999999999998,0.9467731558089665
False,1.01,1.01,1.01,37.01,1.0792445942122473
False,0.01,2.01,0.01,38.01,0.707684144251181
False,0.01,1.01,2.01,35.01,1.0150564440006447
True,1.01,2.01,0.01,43.01,0.8629245667233503
True,1.01,0.01,2.01,35.01,1.1959630967978374
True,1.01,0.01,4.01,38.01,1.3454623250742157
False,1.01,1.01,0.01,44.01,0.8616917903052657
True,1.01,1.01,2.01,43.01,1.2068669107732672
True,1.01,1.01,0.01,39.01,1.0712654074067118
False,2.01,2.01,1.01,51.01,1.038189876385456
True,3.01,2.01,0.01,37.01,1.4987222509764462
False,1.01,3.01,2.01,41.01,1.2766394066879119
True,4.01,7.01,1.01,46.01,0.9164359251859251
True,4.01,12.01,0.01,44.01,1.253986466836261
True,4.01,10.01,1.01,43.01,1.512780983935076
True,6.01,5.01,1.01,36.01,1.461607013576949
True,7.01,5.01,4.01,37.01,0.7457319374462948
False,0.01,0.01,2.01,28.009999999999998,1.0306029593309265
False,0.01,0.01,0.01,43.01,0.5293770058079893
True,0.01,0.01,0.01,47.01,0.7968985107825722
False,0.01,0.01,0.01,27.009999999999998,0.7695676191439719
True,0.01,0.01,0.01,42.01,0.8524327611057559
True,0.01,0.01,1.01,41.01,0.6492503199106974
True,0.01,3.01,0.01,53.01,1.1221430959676366
True,0.01,0.01,0.01,37.01,0.8611614128716452
False,0.01,0.01,1.01,28.009999999999998,0.8031641301558334
True,0.01,1.01,0.01,40.01,2.475155611124367
True,0.01,0.01,1.01,41.01,0.5736982119632748
False,0.01,0.01,0.01,43.01,1.0330295504417906
True,0.01,0.01,0.01,47.01,1.0597091167866155
False,0.01,0.01,1.01,36.01,1.276997303783907
False,0.01,0.01,1.01,34.01,0.6537051507765698
True,0.01,0.01,0.01,41.01,0.7547351854043085
False,0.01,0.01,0.01,21.009999999999998,0.7802394311914436
False,0.01,0.01,1.01,45.01,0.6254271660408325
False,0.01,0.01,0.01,36.01,0.7403737032923124
False,1.01,0.01,4.01,41.01,0.5924844134926655
False,0.01,0.01,0.01,32.01,0.896415151401367
True,0.01,0.01,1.01,51.01,1.0580972940493063
False,1.01,1.01,2.01,32.01,0.9553978039674248
True,0.01,1.01,0.01,47.01,1.215492548507998
True,0.01,2.01,2.01,31.009999999999998,0.7116567448948455
True,0.01,3.01,1.01,39.01,1.2277767529150019
False,0.01,0.01,1.01,30.009999999999998,0.7052614633341918
True,2.01,0.01,1.01,47.01,1.2115903724366615
False,0.01,1.01,0.01,40.01,1.2560203595892223
False,1.01,1.01,1.01,35.01,1.062162894556394
False,2.01,2.01,2.01,45.01,0.7358998421466609
False,3.01,2.01,4.01,39.01,1.094142907081918
False,4.01,0.01,1.01,40.01,0.9139523162201182
False,0.01,1.01,0.01,47.01,1.0244448483245716
False,1.01,0.01,0.01,44.01,1.3257676554025442
True,0.01,0.01,1.01,41.01,0.6874141478126298
False,1.01,0.01,0.01,48.01,0.8379891196518819
True,0.01,1.01,1.01,41.01,0.5949402281741349
False,0.01,0.01,3.01,38.01,1.4430816065188823
False,0.01,0.01,0.01,39.01,0.6898371951563836
True,0.01,0.01,1.01,41.01,0.8431008573647681
False,0.01,0.01,2.01,43.01,0.8257077334642611
True,0.01,0.01,2.01,40.01,0.6511718055308867
True,0.01,0.01,0.01,50.01,1.0846782480934958
False,0.01,0.01,1.01,46.01,1.093309067190141
False,1.01,1.01,0.01,33.01,1.6586901891670365
False,0.01,0.01,1.01,33.01,1.313694990471755
True,1.01,1.01,1.01,35.01,1.4398403561386681
True,0.01,1.01,3.01,40.01,0.8230430943706535
True,0.01,1.01,3.01,32.01,1.2717823434856774
False,0.01,1.01,0.01,55.01,1.1879632137742673
False,1.01,1.01,1.01,48.01,0.7500790929580132
True,1.01,1.01,0.01,43.01,1.049408688883479
True,0.01,0.01,0.01,43.01,0.834978490840026
False,1.01,1.01,0.01,42.01,0.775262310960446
False,0.01,0.01,0.01,44.01,0.8294915106679812
True,1.01,1.01,1.01,39.01,0.6068486419583761
True,1.01,0.01,1.01,43.01,0.5788978997102567
True,1.01,1.01,0.01,36.01,1.2411941870765397
False,1.01,1.01,1.01,41.01,0.9607369342453376
False,0.01,1.01,1.01,38.01,1.5812903871727402
True,3.01,0.01,0.01,39.01,0.8323378367053027
False,4.01,1.01,0.01,44.01,1.0408027338577754
False,1.01,1.01,1.01,35.01,0.8606440994539674
False,4.01,1.01,0.01,45.01,0.8050428229664284
True,5.01,0.01,5.01,45.01,0.9142176643542189
True,1.01,0.01,0.01,38.01,1.0558774747410802
True,1.01,0.01,0.01,42.01,0.49433451474881995
False,0.01,0.01,1.01,34.01,0.6788211272731396
False,0.01,1.01,0.01,37.01,0.852746470354043
False,1.01,1.01,0.01,37.01,0.9288574650227301
True,0.01,0.01,0.01,53.01,0.8881900019151848
False,0.01,0.01,1.01,40.01,1.0346729022540437
False,0.01,0.01,0.01,34.01,0.9181200479460182
False,0.01,0.01,0.01,39.01,1.1597715167257203
False,0.01,0.01,1.01,49.01,0.9131515882487384
False,0.01,0.01,0.01,42.01,0.8675485428254797
True,0.01,0.01,3.01,52.01,1.1461600609515594
False,0.01,0.01,0.01,37.01,1.1335530629983075
False,0.01,0.01,0.01,56.01,0.9807222531024825
False,0.01,1.01,3.01,38.01,0.9365629443241004
False,1.01,0.01,1.01,49.01,0.8453428445629823
False,1.01,0.01,1.01,42.01,1.3528282090261456
False,0.01,0.01,0.01,39.01,0.8517863106478409
True,0.01,0.01,1.01,41.01,0.4987568002882732
True,1.01,3.01,2.01,40.01,0.9209112231135136
True,0.01,1.01,0.01,32.01,1.195675673183851
False,0.01,0.01,3.01,34.01,0.9959699930874637
False,0.01,0.01,1.01,46.01,1.3100552958409244
True,0.01,0.01,2.01,41.01,0.6863249217653593
True,1.01,1.01,1.01,40.01,0.9237067116949287
True,0.01,1.01,0.01,38.01,0.7563981589579083
False,1.01,0.01,0.01,51.01,1.5219555315823656
False,3.01,1.01,0.01,34.01,0.6318817057733739
False,2.01,2.01,1.01,39.01,1.2806635191628828
True,2.01,0.01,0.01,41.01,1.1562638577863473
True,1.01,2.01,2.01,54.01,1.1886602931127672
False,7.01,1.01,2.01,43.01,0.5590849429936908
False,1.01,2.01,2.01,46.01,0.8759217330038578
False,0.01,0.01,0.01,40.01,0.6733940781803028
False,0.01,0.01,2.01,44.01,0.8005465380853126
True,0.01,1.01,2.01,51.01,1.1870080613346417
True,0.01,0.01,0.01,40.01,0.9950828176906538
True,0.01,0.01,1.01,31.009999999999998,0.72055399806414
True,0.01,0.01,1.01,39.01,0.7687580845317418
False,0.01,0.01,1.01,44.01,1.0201272613028145
False,0.01,1.01,3.01,48.01,0.873403668572311
True,2.01,1.01,1.01,36.01,1.2480091062422347
False,0.01,0.01,0.01,33.01,1.05203992281356
False,1.01,0.01,1.01,46.01,1.115609712867777
False,1.01,0.01,0.01,42.01,1.0748363677812458
False,1.01,0.01,2.01,45.01,1.0054942515987537
False,0.01,0.01,0.01,41.01,1.0098936096354019
False,0.01,0.01,1.01,42.01,0.6858530043067209
False,0.01,0.01,2.01,40.01,0.7870551012936291
True,0.01,0.01,1.01,47.01,1.0076427961079544
True,2.01,2.01,0.01,41.01,0.9898450340606795
False,2.01,0.01,2.01,45.01,0.5721585380086589
True,0.01,0.01,2.01,40.01,0.6412879485406707
False,1.01,1.01,0.01,39.01,0.8879509974475003
False,0.01,0.01,0.01,32.01,0.5996959281406299
False,0.01,0.01,1.01,24.009999999999998,1.1567959565617036
True,1.01,2.01,0.01,40.01,0.7499871350417437
True,1.01,0.01,0.01,38.01,0.9419203003030853
False,0.01,2.01,2.01,51.01,1.3792060199447342
False,1.01,2.01,2.01,37.01,1.0051959992616524
False,1.01,0.01,3.01,43.01,1.311281915252503
False,0.01,2.01,4.01,42.01,1.2363509692743104
True,2.01,2.01,1.01,31.009999999999998,1.1348239844847947
True,2.01,4.01,2.01,32.01,0.8277313847052852
True,1.01,4.01,3.01,37.01,0.8925894236568364
True,6.01,3.01,3.01,38.01,0.9500819660141239
False,0.01,0.01,0.01,54.01,1.3102351137743053
False,0.01,0.01,1.01,38.01,0.668601623456956
False,0.01,0.01,1.01,50.01,0.6168365449256022
False,1.01,0.01,2.01,51.01,0.9261920956175217
False,1.01,0.01,0.01,38.01,0.9988660185395537
False,1.01,0.01,0.01,36.01,1.421280196803657
False,0.01,0.01,2.01,40.01,1.030461004852437
False,0.01,0.01,2.01,45.01,0.7608511203742225
True,1.01,0.01,0.01,42.01,1.5549788542880025
False,0.01,0.01,0.01,36.01,1.0707353140610596
True,0.01,1.01,1.01,45.01,0.8792485182111986
True,0.01,1.01,0.01,37.01,0.638949666564874
True,0.01,0.01,1.01,38.01,0.845285379120752
True,0.01,0.01,1.01,51.01,0.8286717342002596
False,0.01,0.01,2.01,35.01,0.6171861989711889
False,1.01,1.01,0.01,40.01,0.8636679887694401
False,0.01,0.01,2.01,42.01,0.9603345353088515
False,0.01,1.01,0.01,42.01,0.7352211145429098
True,0.01,0.01,0.01,29.009999999999998,0.657376714409199
False,0.01,0.01,1.01,52.01,1.1904568330041843
True,0.01,0.01,1.01,42.01,0.6305768235810253
True,1.01,0.01,1.01,36.01,1.1519247476192354
False,0.01,1.01,1.01,42.01,0.835229074804359
False,1.01,0.01,0.01,50.01,0.9039569287395374
True,1.01,0.01,0.01,52.01,0.7393675786667778
True,1.01,1.01,3.01,34.01,0.9016269771040634
False,2.01,0.01,1.01,43.01,1.16751455405388
True,1.01,1.01,1.01,46.01,0.6636075708095832
False,1.01,1.01,1.01,49.01,0.9009049418987042
True,1.01,1.01,3.01,40.01,1.445594835488098
False,0.01,2.01,1.01,33.01,0.7707993190257443
False,1.01,0.01,2.01,39.01,1.1074236770375714
True,1.01,1.01,3.01,27.009999999999998,0.6033800264894842
True,0.01,0.01,0.01,45.01,1.2706780007071048
True,0.01,0.01,0.01,46.01,1.244756989456579
True,0.01,0.01,1.01,38.01,1.4508191204037812
False,0.01,0.01,0.01,36.01,0.7050371992207749
False,2.01,0.01,1.01,41.01,0.901289971299556
True,0.01,0.01,0.01,39.01,1.898646442335224
False,0.01,0.01,0.01,43.01,0.6611232157284143
False,2.01,0.01,2.01,32.01,0.9283016214783323
False,0.01,0.01,0.01,41.01,1.2049279877749044
True,0.01,0.01,0.01,47.01,0.6754168183911777
False,0.01,1.01,1.01,44.01,1.0881274697147423
True,0.01,0.01,1.01,37.01,1.0867722127541282
False,0.01,0.01,1.01,43.01,0.912409599716867
False,0.01,0.01,0.01,41.01,1.4805237948073315
False,0.01,0.01,2.01,43.01,1.0259663936518155
True,0.01,1.01,0.01,44.01,1.0600867860387986
False,0.01,0.01,1.01,38.01,0.8918179821758682
True,0.01,2.01,1.01,34.01,1.161051511775278
False,0.01,0.01,1.01,35.01,0.8376673099325995
True,0.01,0.01,0.01,33.01,1.1014252283356056
True,1.01,0.01,1.01,48.01,1.6383321723541475
False,0.01,2.01,1.01,32.01,0.9572009434891178
False,1.01,0.01,1.01,47.01,1.0218508937137587
False,0.01,1.01,1.01,33.01,0.9054245665617383
True,0.01,1.01,3.01,51.01,1.1936903553204554
False,2.01,0.01,1.01,39.01,0.7624192383526255
True,2.01,1.01,3.01,36.01,0.8972621554875858
False,3.01,0.01,2.01,43.01,0.6913795474144362
False,2.01,0.01,2.01,37.01,1.1443390201228945
True,2.01,10.01,2.01,48.01,0.8024956480953811
False,3.01,1.01,4.01,40.01,1.0173604295519378
False,4.01,0.01,3.01,49.01,0.7916334987500582
False,3.01,0.01,4.01,37.01,1.2842006242333976
False,0.01,0.01,3.01,42.01,0.9303376453973786
True,0.01,0.01,1.01,38.01,1.3165055908233345
True,0.01,0.01,1.01,32.01,0.9147259264655567
False,0.01,0.01,0.01,35.01,0.5968684465007995
True,0.01,0.01,0.01,35.01,0.7410648257909921
False,0.01,0.01,0.01,49.01,0.720780152569025
True,0.01,0.01,0.01,37.01,0.6717127643598232
False,0.01,0.01,1.01,52.01,0.7489048919909411
True,0.01,0.01,0.01,46.01,0.7528077912820247
True,0.01,0.01,1.01,38.01,0.5519486380378802
True,1.01,0.01,0.01,38.01,1.1023297458339405
False,0.01,0.01,1.01,33.01,1.3191239274114035
True,0.01,0.01,0.01,43.01,0.6114773828329519
True,0.01,0.01,1.01,26.009999999999998,1.0507838898388826
False,0.01,0.01,0.01,44.01,0.7149799023520046
False,1.01,0.01,0.01,39.01,1.0974962482825819
False,0.01,0.01,1.01,51.01,0.6834674654538836
False,0.01,1.01,0.01,36.01,1.0419598674578199
False,0.01,0.01,1.01,37.01,0.7330919022783974
False,0.01,2.01,1.01,27.009999999999998,0.6105808172940231
False,0.01,0.01,0.01,34.01,0.8066733573016405
False,0.01,0.01,1.01,40.01,0.8547684931255012
False,1.01,0.01,1.01,48.01,0.567149461162619
True,0.01,0.01,0.01,39.01,1.20109669813215
False,2.01,0.01,3.01,46.01,1.4094647578520956
True,2.01,0.01,1.01,40.01,0.7859239280119847
True,0.01,1.01,2.01,38.01,0.5213143610976946
False,3.01,1.01,2.01,41.01,1.6441081575327952
False,2.01,0.01,0.01,44.01,1.1851884553330636
True,0.01,1.01,1.01,46.01,1.2520889945186617
False,1.01,1.01,1.01,36.01,1.3424439932281902
True,0.01,2.01,1.01,35.01,1.2124758172135857
False,0.01,1.01,1.01,29.009999999999998,1.0567324566114888
False,0.01,0.01,0.01,52.01,0.4737420957542909
False,0.01,0.01,0.01,36.01,1.0373572790414594
False,0.01,1.01,0.01,47.01,0.7778865028002958
False,0.01,0.01,1.01,33.01,0.628966266262092
True,1.01,0.01,1.01,43.01,0.7032784564363512
True,1.01,0.01,1.01,30.009999999999998,0.843388639442857
False,0.01,2.01,1.01,42.01,0.9929744968509517
True,0.01,0.01,1.01,42.01,1.0287201838915425
True,0.01,0.01,0.01,39.01,0.9130687558998982
True,1.01,0.01,0.01,39.01,0.8446859398516994
True,0.01,1.01,1.01,38.01,1.2132960102619543
True,0.01,0.01,1.01,45.01,0.5830169096548408
False,0.01,3.01,0.01,36.01,0.9100998325984452
False,0.01,1.01,0.01,48.01,0.7689476591041868
True,0.01,2.01,1.01,34.01,0.7524911105243904
False,0.01,0.01,2.01,47.01,1.3517405360244235
True,2.01,0.01,0.01,36.01,1.252565658468154
False,0.01,1.01,0.01,29.009999999999998,0.525319473366725
False,0.01,1.01,1.01,46.01,0.7694956667199003
False,1.01,0.01,0.01,47.01,0.3377094255997415
False,0.01,0.01,1.01,34.01,0.522173334708145
False,2.01,1.01,0.01,30.009999999999998,0.6308080811709448
False,2.01,2.01,1.01,33.01,0.7366321535361783
False,0.01,0.01,0.01,48.01,1.0350151305635156
False,1.01,1.01,0.01,43.01,1.0148255986672465
True,2.01,2.01,0.01,45.01,1.198087650684605
False,2.01,0.01,4.01,36.01,1.0840897875563198
True,0.01,2.01,1.01,38.01,1.0422734881656635
True,1.01,1.01,1.01,39.01,1.1240785403680056
True,0.01,0.01,1.01,39.01,0.5539020619902973
True,1.01,2.01,2.01,44.01,0.769715339650467
True,2.01,0.01,1.01,37.01,0.8994733453564419
False,4.01,5.01,1.01,39.01,1.6436317800504223
True,0.01,1.01,0.01,37.01,0.49039236794730456
True,0.01,0.01,0.01,34.01,0.6534775082004378
False,0.01,0.01,0.01,35.01,1.0640235483732252
True,0.01,0.01,2.01,46.01,0.8049112609627662
False,0.01,1.01,0.01,45.01,1.433728616039831
False,1.01,0.01,0.01,47.01,0.7308981949423126
False,0.01,0.01,0.01,42.01,0.7972139029278498
False,0.01,0.01,2.01,54.01,1.2915270305370843
False,0.01,0.01,1.01,52.01,0.9362471712291048
True,0.01,0.01,2.01,39.01,0.801120955705973
True,0.01,0.01,2.01,42.01,0.769692560535037
False,0.01,0.01,2.01,44.01,1.3980047957185093
False,0.01,0.01,0.01,44.01,1.020356733720032
True,2.01,0.01,0.01,49.01,0.7943151152707899
False,0.01,0.01,0.01,49.01,0.8307392255147673
False,1.01,0.01,1.01,46.01,1.264674212851164
False,0.01,0.01,1.01,49.01,0.71736019870511
False,0.01,0.01,0.01,36.01,0.7197070417986934
True,1.01,5.01,0.01,35.01,1.3288891939762102
False,0.01,2.01,2.01,33.01,1.0880071299231788
True,0.01,1.01,0.01,38.01,0.739268169829332
True,2.01,1.01,2.01,37.01,0.6631836157399361
False,0.01,0.01,2.01,31.009999999999998,0.5891229535830305
True,3.01,4.01,3.01,38.01,0.6744845794302315
True,0.01,5.01,0.01,42.01,0.9573100164314086
False,0.01,0.01,0.01,41.01,1.0733048527890834
True,1.01,0.01,0.01,42.01,1.032360222943525
False,1.01,1.01,1.01,44.01,0.5515533730617427
True,2.01,2.01,3.01,45.01,0.7600618748296767
False,1.01,2.01,3.01,48.01,0.9981148169827886
True,5.01,3.01,2.01,37.01,0.82646054300801
True,2.01,3.01,2.01,53.01,1.198496124278609
True,3.01,4.01,2.01,41.01,1.3841359584351571
True,2.01,1.01,0.01,38.01,1.2749483025874966
False,1.01,0.01,2.01,45.01,0.8443669552876953
False,0.01,0.01,0.01,44.01,1.247736572760569
False,0.01,0.01,0.01,46.01,0.7059990679453549
True,0.01,1.01,2.01,36.01,0.7049964109469622
False,0.01,1.01,0.01,51.01,1.0485666418627788
False,1.01,1.01,2.01,39.01,0.6189429348601175
False,0.01,0.01,1.01,54.01,0.9769633691352977
True,0.01,1.01,0.01,44.01,1.3003722714223929
False,0.01,0.01,2.01,47.01,1.0467529310799613
False,1.01,0.01,0.01,41.01,0.9911566670037399
True,0.01,0.01,0.01,34.01,1.2223680304829778
True,1.01,0.01,0.01,28.009999999999998,0.989033024782815
False,1.01,0.01,2.01,43.01,0.580102076466129
False,1.01,2.01,2.01,37.01,1.2255100130999568
False,0.01,1.01,1.01,35.01,1.0069082515953818
True,1.01,1.01,2.01,33.01,1.142643207726055
False,0.01,0.01,1.01,49.01,1.2863408423858578
False,0.01,0.01,0.01,46.01,1.1568377101330678
True,3.01,2.01,2.01,35.01,1.2029881638924467
True,0.01,0.01,1.01,40.01,1.013375885978282
True,0.01,1.01,2.01,37.01,0.8475717876546348
False,0.01,2.01,1.01,47.01,1.0473491869041405
False,2.01,1.01,2.01,40.01,1.4223203224140883
False,0.01,3.01,3.01,42.01,0.7655808472390622
True,0.01,1.01,2.01,45.01,1.113540092835422
False,1.01,0.01,1.01,35.01,1.4209137590069796
False,2.01,2.01,2.01,45.01,0.5615930024451391
True,5.01,1.01,1.01,49.01,0.6947941395522039
True,2.01,4.01,0.01,42.01,0.7727522073944464
True,2.01,2.01,2.01,37.01,1.4916566734792622
True,5.01,6.01,2.01,40.01,0.9947376299077197
True,5.01,7.01,3.01,34.01,0.8103390091894396
False,0.01,0.01,2.01,36.01,0.7175625303991637
True,1.01,0.01,1.01,43.01,0.731584832716368
True,0.01,0.01,0.01,45.01,0.6831487455391972
True,0.01,0.01,1.01,39.01,1.7412349467154031
False,1.01,0.01,0.01,40.01,0.5229283802530647
False,0.01,0.01,1.01,47.01,1.163868193241197
False,1.01,0.01,0.01,39.01,1.5886064566966323
False,0.01,0.01,1.01,43.01,1.2016760559384179
True,1.01,0.01,0.01,38.01,1.061117725349254
False,0.01,1.01,1.01,45.01,1.307377495414404
True,0.01,1.01,1.01,49.01,0.9094564820579595
True,3.01,1.01,2.01,36.01,1.32194816809887
True,0.01,0.01,1.01,44.01,1.5753033868125779
False,0.01,0.01,1.01,36.01,0.32658693737081196
True,0.01,0.01,2.01,39.01,1.2286303559511162
False,0.01,0.01,1.01,49.01,0.9441934917432965
True,0.01,0.01,1.01,36.01,0.4945482450462692
True,0.01,1.01,2.01,32.01,1.0256786588617341
False,0.01,0.01,1.01,35.01,0.8332086145641837
False,0.01,1.01,0.01,45.01,0.660815218750466
False,0.01,0.01,1.01,40.01,1.0024061207688981
False,1.01,0.01,3.01,45.01,1.0892358140175094
False,1.01,1.01,1.01,36.01,0.9239835240890931
False,1.01,2.01,0.01,43.01,0.4679577080098901
False,0.01,0.01,2.01,39.01,1.2450902099964416
False,0.01,0.01,0.01,42.01,0.8474998205458931
True,0.01,1.01,3.01,48.01,1.1497124934919298
False,2.01,0.01,3.01,47.01,0.8062333425156507
True,1.01,4.01,1.01,24.009999999999998,1.5421799217363013
False,1.01,1.01,2.01,46.01,1.4461612460318527
True,4.01,0.01,2.01,52.01,1.3710767921370821
False,3.01,0.01,1.01,43.01,0.7428037602494124
False,3.01,2.01,1.01,45.01,1.1493248837321917
False,0.01,0.01,0.01,42.01,0.48057746797633105
False,1.01,0.01,1.01,48.01,0.8960718162711986
False,0.01,0.01,1.01,34.01,0.6211602266919992
False,0.01,1.01,1.01,36.01,0.5690019492890799
True,0.01,0.01,0.01,43.01,0.8708951049750415
False,1.01,0.01,1.01,31.009999999999998,1.5507604257856946
True,0.01,1.01,0.01,29.009999999999998,0.7436243253868906
True,0.01,0.01,0.01,40.01,0.5711537435993957
True,1.01,1.01,0.01,33.01,0.8258860477615829
False,0.01,0.01,0.01,42.01,0.8229258741931584
False,0.01,0.01,2.01,40.01,0.992175603995689
True,0.01,1.01,3.01,46.01,0.6014212746399354
True,1.01,0.01,0.01,41.01,0.6979621057061749
False,0.01,0.01,2.01,29.009999999999998,0.983148116450315
True,0.01,2.01,0.01,42.01,0.8917711936001459
True,1.01,1.01,0.01,26.009999999999998,0.8864316301475094
True,0.01,4.01,0.01,37.01,1.1382242056436092
True,0.01,1.01,0.01,31.009999999999998,0.7929471256172155
False,0.01,0.01,0.01,38.01,0.8961057199132442
True,2.01,2.01,1.01,37.01,0.8354117614411732
True,0.01,2.01,0.01,43.01,1.0780213882996486
False,1.01,1.01,2.01,42.01,0.7035397974423545
True,0.01,2.01,1.01,38.01,1.2301138011946278
False,1.01,2.01,1.01,36.01,0.5885365116254905
False,2.01,3.01,1.01,34.01,0.8953766756192648
False,1.01,2.01,1.01,37.01,0.9511602402224557
True,1.01,2.01,2.01,28.009999999999998,1.060207212020536
False,1.01,0.01,1.01,39.01,0.9977105102105102
False,3.01,3.01,1.01,44.01,0.9283248731803644
False,5.01,4.01,0.01,36.01,0.8417606265113803
False,2.01,2.01,3.01,39.01,1.3981841632094876
True,2.01,3.01,4.01,30.009999999999998,0.786952619581082
True,2.01,5.01,2.01,39.01,0.6863734389392285
True,0.01,1.01,0.01,38.01,1.2222458841285972
False,0.01,1.01,2.01,37.01,1.0952656012635673
False,0.01,0.01,0.01,44.01,0.623163323904601
False,0.01,0.01,0.01,41.01,0.9225483702737025
True,0.01,0.01,3.01,39.01,1.2044007628571345
False,0.01,0.01,0.01,39.01,0.5552163814479434
False,0.01,0.01,0.01,35.01,0.7123171406683855
False,0.01,0.01,1.01,37.01,0.900910045623218
True,0.01,0.01,0.01,36.01,0.6946482948625453
False,0.01,1.01,2.01,41.01,0.691439195815626
False,0.01,1.01,1.01,44.01,1.2128839778744218
False,0.01,1.01,0.01,39.01,0.9374384829240883
True,0.01,0.01,0.01,40.01,0.6078772462793356
True,0.01,0.01,1.01,45.01,0.5861463864950884
True,1.01,0.01,1.01,33.01,0.6647831466776015
True,0.01,0.01,1.01,45.01,0.7137723722400131
True,2.01,0.01,0.01,48.01,0.46774217700561177
True,0.01,0.01,3.01,38.01,1.1195502901889836
False,0.01,0.01,0.01,40.01,0.5928920192514584
False,0.01,0.01,1.01,46.01,1.0973728730744599
False,0.01,0.01,0.01,49.01,1.216260262704512
False,0.01,0.01,0.01,42.01,1.4294549554975609
True,0.01,2.01,2.01,36.01,0.8931866721360824
True,1.01,0.01,0.01,24.009999999999998,1.0330776502446464
False,0.01,1.01,0.01,41.01,0.8627904925888009
False,0.01,0.01,1.01,38.01,0.9010815016154284
True,2.01,1.01,1.01,45.01,0.7642625897320392
False,0.01,0.01,1.01,40.01,1.4688441927592688
False,0.01,0.01,2.01,35.01,1.0159466961736936
True,0.01,0.01,2.01,42.01,0.8030456577205441
False,0.01,2.01,2.01,36.01,1.0960461157396386
False,0.01,1.01,0.01,28.009999999999998,1.205725178446813
False,1.01,2.01,2.01,46.01,1.2855740842292422
False,0.01,0.01,1.01,34.01,0.3683003917124423
False,0.01,1.01,1.01,47.01,0.9389101123991497
False,0.01,1.01,1.01,36.01,1.3191717675166013
True,0.01,0.01,1.01,37.01,1.3223034844820751
False,0.01,0.01,0.01,31.009999999999998,1.1275871624390386
False,0.01,0.01,0.01,40.01,1.0181253391225267
True,1.01,0.01,0.01,35.01,1.0129579211473234
True,0.01,0.01,2.01,35.01,0.6297945873495355
True,0.01,1.01,0.01,40.01,0.5769367182525077
True,0.01,0.01,1.01,35.01,1.3581046729556767
True,0.01,0.01,2.01,29.009999999999998,0.8807487855708718
True,0.01,1.01,2.01,35.01,0.8465543008496299
False,0.01,0.01,0.01,36.01,1.1053961330533342
False,1.01,0.01,0.01,49.01,1.062677950407216
True,0.01,0.01,0.01,34.01,0.534914536095622
True,0.01,0.01,1.01,39.01,0.824667703546951
False,1.01,0.01,1.01,48.01,0.6565664223502968
False,1.01,1.01,1.01,37.01,1.3048638434779412
False,1.01,1.01,1.01,31.009999999999998,1.2661647350449268
False,0.01,0.01,0.01,38.01,0.877591174905433
False,0.01,0.01,1.01,32.01,1.0688092647949965
True,0.01,2.01,0.01,39.01,0.961428126815414
False,0.01,0.01,0.01,44.01,1.2618355238859342
True,0.01,0.01,0.01,35.01,1.4108998554332315
False,0.01,0.01,2.01,38.01,0.6831849860275476
True,1.01,1.01,2.01,45.01,0.8437498154759651
False,0.01,1.01,2.01,40.01,0.8656678212546692
False,1.01,2.01,2.01,36.01,1.0963401992759436
False,3.01,1.01,2.01,37.01,1.274359645304955
False,1.01,2.01,0.01,55.01,1.0721224570485655
False,2.01,1.01,0.01,44.01,1.1102467017559894
True,0.01,1.01,2.01,28.009999999999998,1.2846681543875151
False,0.01,3.01,2.01,41.01,0.7728876846056312
True,0.01,0.01,1.01,30.009999999999998,1.0588473036110635
True,0.01,0.01,1.01,35.01,1.2378328237133827
False,0.01,0.01,1.01,45.01,0.8510756508293839
True,0.01,0.01,0.01,51.01,1.000217790089952
False,0.01,0.01,0.01,53.01,1.0869256889981058
False,0.01,0.01,0.01,50.01,0.4931828794139342
False,0.01,0.01,2.01,42.01,0.5638703274015486
True,0.01,0.01,0.01,42.01,0.7061022693781314
False,0.01,0.01,0.01,39.01,0.6285278138219313
True,1.01,0.01,0.01,40.01,0.7917886079423446
True,0.01,0.01,0.01,39.01,0.7422848095109759
True,1.01,0.01,0.01,35.01,0.7084396818037624
True,0.01,1.01,0.01,46.01,1.6764574477813803
False,0.01,1.01,0.01,42.01,1.220922819597104
False,0.01,0.01,1.01,28.009999999999998,0.8489479823631632
True,0.01,0.01,3.01,37.01,0.9295233291382214
False,0.01,2.01,2.01,43.01,0.6373700239292684
False,0.01,0.01,0.01,43.01,0.7093534038484778
False,1.01,1.01,1.01,33.01,0.7912426005650423
False,0.01,1.01,0.01,43.01,0.6960849321241237
False,0.01,1.01,1.01,31.009999999999998,0.5949579405337809
False,2.01,0.01,2.01,38.01,0.8231859947873147
True,0.01,2.01,0.01,38.01,0.9962940358856875
False,1.01,0.01,0.01,53.01,1.2660682771712182
False,0.01,1.01,3.01,39.01,1.6236189058802668
True,1.01,0.01,0.01,40.01,0.7284868769914566
True,0.01,3.01,1.01,54.01,1.2456058052013095
False,0.01,1.01,5.01,36.01,1.3027559148478107
True,0.01,0.01,2.01,52.01,1.0780264606416732
True,0.01,2.01,2.01,40.01,0.7834992974918574
False,2.01,2.01,0.01,37.01,1.196260457850658
True,2.01,0.01,1.01,41.01,1.1495382386408104
False,0.01,1.01,1.01,44.01,0.9114489629579143
True,1.01,1.01,1.01,46.01,0.8304999115077962
True,0.01,1.01,2.01,39.01,1.0601377879683291
False,0.01,0.01,1.01,46.01,1.2636706032891767
False,0.01,1.01,0.01,39.01,1.3765185284842434
True,0.01,1.01,3.01,33.01,0.6936837131632398
False,0.01,1.01,2.01,35.01,0.9798798217248124
True,0.01,0.01,0.01,48.01,0.8621240915775897
False,3.01,0.01,1.01,37.01,0.8083908822603724
True,0.01,0.01,0.01,32.01,1.1224186272000116
False,1.01,0.01,0.01,40.01,1.0369422409666909
False,0.01,0.01,0.01,41.01,0.7511918753431853
False,1.01,0.01,1.01,45.01,1.1398778425589544
True,0.01,1.01,0.01,50.01,1.0692325752529117
False,0.01,0.01,0.01,37.01,1.3265196226248248
False,3.01,1.01,1.01,44.01,1.0350655203634884
True,1.01,3.01,0.01,41.01,1.3284390190659177
False,0.01,2.01,3.01,32.01,1.0950751795479006
False,0.01,2.01,0.01,36.01,1.341791046784241
True,1.01,0.01,0.01,41.01,1.069809466429256
False,0.01,2.01,1.01,38.01,0.756128824186845
False,2.01,0.01,3.01,43.01,0.979914572737921
False,1.01,1.01,1.01,40.01,1.2187239674597845
True,0.01,2.01,1.01,49.01,0.943091561948048
False,2.01,1.01,4.01,41.01,0.9922696275906463
True,1.01,0.01,0.01,47.01,0.8441408922898012
True,2.01,2.01,1.01,37.01,1.571106731586271
False,0.01,3.01,0.01,38.01,0.8707612914755065
False,1.01,0.01,2.01,41.01,1.3241785311290513
False,2.01,0.01,1.01,30.009999999999998,1.356094484461893
True,4.01,1.01,2.01,39.01,0.6048794912594477
False,3.01,3.01,1.01,39.01,0.9514372058551016
False,5.01,5.01,0.01,35.01,1.0152314813882244
True,3.01,3.01,5.01,32.01,1.5410333516172554
True,0.01,0.01,0.01,45.01,1.00275861740426
True,0.01,0.01,1.01,40.01,1.5984142054228434
True,0.01,0.01,0.01,46.01,1.3571062253157373
False,0.01,0.01,1.01,38.01,0.8897341212097747
False,1.01,0.01,0.01,49.01,0.6794708523662742
False,0.01,1.01,0.01,34.01,0.8488904631425818
False,0.01,0.01,0.01,34.01,0.9585626172619648
False,0.01,0.01,1.01,45.01,1.7251908041616888
False,1.01,1.01,1.01,41.01,0.8909504037098686
False,0.01,1.01,0.01,42.01,0.767877618301459
False,1.01,0.01,0.01,41.01,1.4065662620836505
True,0.01,0.01,0.01,35.01,0.8665818168759345
False,0.01,0.01,1.01,37.01,1.2171185111825922
False,0.01,1.01,1.01,33.01,1.2353791784258326
False,0.01,1.01,1.01,44.01,0.5594125972067149
False,0.01,3.01,2.01,43.01,0.5656240886919527
False,0.01,0.01,0.01,32.01,1.2395780705141273
True,0.01,3.01,0.01,37.01,0.5649480490706812
False,1.01,1.01,0.01,35.01,0.822974520293979
True,1.01,0.01,1.01,38.01,1.4326640193095819
True,0.01,0.01,0.01,55.01,0.8406442511076487
False,1.01,2.01,0.01,37.01,1.0081404798494638
True,0.01,0.01,2.01,44.01,0.6834210680103902
True,2.01,0.01,1.01,51.01,1.4414678629032849
False,0.01,1.01,1.01,41.01,0.857858162956847
False,1.01,0.01,0.01,48.01,1.2267703384195947
False,1.01,1.01,2.01,33.01,0.8236320488963651
True,2.01,1.01,2.01,48.01,0.9179508098587046
True,0.01,4.01,0.01,38.01,0.929609017508689
False,4.01,0.01,1.01,40.01,1.863724171387714
False,0.01,1.01,1.01,47.01,1.6668494623510173
False,1.01,0.01,3.01,43.01,1.0551457453993973
False,1.01,3.01,2.01,36.01,1.6783712056414097
True,0.01,2.01,0.01,39.01,1.3299531741552182
False,0.01,0.01,0.01,38.01,0.8581153988359673
True,0.01,0.01,0.01,35.01,1.7198291256214682
True,1.01,0.01,0.01,38.01,1.4315208143073803
True,0.01,0.01,0.01,40.01,0.8161281774986286
False,0.01,0.01,1.01,50.01,0.9984416737879631
False,0.01,0.01,0.01,50.01,1.298889684084485
False,0.01,0.01,0.01,37.01,0.8190846568387031
True,0.01,1.01,0.01,38.01,0.7380369531924749
False,0.01,0.01,2.01,38.01,1.9438029202916765
False,2.01,1.01,3.01,35.01,1.7171445282246234
True,0.01,0.01,1.01,49.01,1.756587324546194
False,0.01,0.01,1.01,39.01,1.2779501287500443
False,0.01,0.01,0.01,38.01,0.7060009350606814
True,0.01,0.01,0.01,45.01,0.9610705969870648
False,0.01,0.01,0.01,36.01,1.3689239620424065
False,0.01,0.01,0.01,38.01,1.2441147521672657
False,1.01,0.01,1.01,31.009999999999998,1.3282751991031836
False,0.01,0.01,3.01,41.01,1.2612361222531832
False,0.01,1.01,1.01,38.01,1.6952378108500175
True,0.01,0.01,1.01,32.01,0.8423155788412378
False,0.01,1.01,2.01,49.01,0.7129010983268911
True,0.01,0.01,0.01,24.009999999999998,2.113978545538884
False,0.01,0.01,1.01,27.009999999999998,0.778551956447248
True,0.01,2.01,0.01,29.009999999999998,1.2126258350519779
True,0.01,0.01,3.01,43.01,1.0003550905645795
False,3.01,1.01,0.01,43.01,1.389417367153398
False,0.01,3.01,2.01,41.01,1.264556348823271
False,0.01,1.01,1.01,33.01,1.4698809026689599
True,0.01,0.01,2.01,42.01,1.4653999907940713
True,2.01,1.01,0.01,35.01,1.0624579403452274
False,1.01,0.01,2.01,36.01,1.5355308821261153
False,1.01,5.01,4.01,48.01,0.8017668781035534
False,0.01,0.01,0.01,42.01,1.2026541659773078
True,0.01,0.01,1.01,42.01,1.2792910269379782
True,0.01,0.01,2.01,49.01,0.47293942773773606
False,0.01,0.01,1.01,41.01,1.203409859564381
True,0.01,0.01,0.01,40.01,0.8421517412573742
False,0.01,1.01,0.01,36.01,1.1930630243069682
True,1.01,0.01,0.01,34.01,1.0294915199505676
False,0.01,0.01,0.01,40.01,0.7514924695539014
True,0.01,1.01,0.01,46.01,0.7560047177886052
True,0.01,0.01,0.01,47.01,0.7277229995823892
False,0.01,0.01,1.01,44.01,0.7802535323224977
True,0.01,0.01,1.01,42.01,0.5273109651135466
True,0.01,1.01,0.01,43.01,1.83039551690266
False,1.01,1.01,0.01,34.01,1.2171451012020078
False,0.01,0.01,2.01,35.01,1.1798955393457193
False,0.01,1.01,2.01,38.01,1.0507688925969656
True,0.01,0.01,0.01,55.01,0.6764219636264586
False,0.01,0.01,0.01,45.01,1.1525955820370895
True,0.01,0.01,2.01,41.01,0.9966963240996054
False,1.01,0.01,0.01,40.01,0.8776482166622157
True,0.01,0.01,0.01,32.01,0.869268012783902
False,0.01,1.01,0.01,49.01,1.0657318956978443
False,1.01,0.01,0.01,45.01,1.4720437846335634
True,1.01,1.01,0.01,40.01,1.1595096240900915
False,1.01,2.01,0.01,35.01,0.9369517883645919
False,0.01,0.01,0.01,46.01,1.1815900259857672
False,0.01,2.01,1.01,41.01,0.9252012596129623
False,1.01,5.01,3.01,42.01,1.5593753889128983
False,0.01,0.01,0.01,50.01,1.5076999292348392
True,0.01,3.01,2.01,48.01,1.2480381654879993
False,1.01,0.01,0.01,31.009999999999998,1.1996787169149576
False,1.01,3.01,0.01,45.01,0.9374527588728487
False,0.01,0.01,2.01,41.01,0.8515081928349191
False,0.01,0.01,0.01,48.01,0.7061671161474526
True,1.01,1.01,1.01,50.01,0.6699747661863629
False,0.01,0.01,0.01,45.01,0.9391235105983982
False,0.01,1.01,0.01,50.01,1.0968878058851268
True,0.01,0.01,2.01,39.01,0.8204298677780839
True,0.01,0.01,1.01,28.009999999999998,0.988145762249035
False,2.01,0.01,1.01,33.01,1.38200190509014
False,0.01,0.01,1.01,31.009999999999998,0.6578786938393837
False,0.01,0.01,1.01,44.01,0.8374545804904029
True,0.01,0.01,0.01,52.01,1.1342867048845056
True,0.01,0.01,0.01,41.01,1.057317497477882
False,0.01,0.01,1.01,34.01,0.9758799993667167
True,0.01,0.01,0.01,41.01,1.3301652144542044
False,0.01,0.01,0.01,43.01,0.6260755278616096
True,0.01,0.01,0.01,46.01,1.3473592613833152
False,0.01,0.01,1.01,39.01,1.1808233657133718
False,0.01,1.01,0.01,40.01,1.5062200390657927
True,0.01,0.01,3.01,52.01,1.1617759148821776
True,0.01,0.01,2.01,47.01,1.1862588070242988
False,0.01,0.01,0.01,38.01,0.9678539991888191
True,0.01,0.01,1.01,44.01,1.3426133456745541
True,0.01,0.01,1.01,41.01,0.9887647188828834
False,0.01,0.01,0.01,46.01,0.8237613084542422
False,3.01,2.01,0.01,44.01,0.7838602017096048
False,0.01,0.01,0.01,43.01,0.9949944130386789
False,0.01,2.01,2.01,43.01,0.6953378816031479
False,0.01,0.01,0.01,36.01,0.8893369665172952
True,2.01,0.01,1.01,48.01,0.8708503994415374
True,2.01,1.01,2.01,41.01,1.3124344776973234
True,0.01,7.01,1.01,37.01,0.9734729975459092
False,0.01,2.01,1.01,41.01,0.7624559632598534
False,5.01,1.01,6.01,31.009999999999998,0.8402479115319211
False,1.01,3.01,0.01,32.01,0.9502199651675899
True,0.01,0.01,0.01,35.01,1.5757417224593702
False,0.01,0.01,1.01,49.01,0.7316201231513247
False,0.01,0.01,1.01,50.01,0.8773432402056298
True,0.01,0.01,0.01,35.01,1.0461752608974855
False,0.01,0.01,0.01,28.009999999999998,1.0687077684685837
False,0.01,0.01,1.01,50.01,0.6997286034314549
False,0.01,0.01,0.01,36.01,1.0133008019319127
False,0.01,0.01,0.01,42.01,1.1196492075348672
True,0.01,0.01,0.01,40.01,0.8671819050066459
True,0.01,0.01,0.01,43.01,0.6313594412123825
True,0.01,0.01,0.01,33.01,1.0590725259405294
False,0.01,0.01,1.01,42.01,1.066089000789364
False,0.01,0.01,0.01,39.01,1.0536999422468631
True,0.01,0.01,1.01,39.01,1.128768974567294
False,0.01,0.01,0.01,28.009999999999998,0.9827983413490518
False,1.01,0.01,0.01,51.01,2.1295391920289832
False,0.01,0.01,1.01,45.01,1.594987082134285
False,1.01,0.01,0.01,50.01,0.8607821953145298
True,0.01,1.01,1.01,29.009999999999998,1.2916107839476887
True,0.01,0.01,2.01,43.01,0.6913033304762628
False,0.01,0.01,0.01,39.01,1.001137725384187
False,0.01,1.01,4.01,44.01,1.0309381665107173
False,0.01,0.01,1.01,34.01,0.5445598758629135
True,0.01,1.01,3.01,35.01,0.7991967388619865
True,0.01,2.01,3.01,35.01,0.7951972077411181
False,1.01,0.01,2.01,49.01,1.049613737188954
True,0.01,1.01,2.01,44.01,0.7597096944141895
True,0.01,2.01,3.01,42.01,0.7706800176639244
False,3.01,4.01,0.01,46.01,0.9138414027630001
False,1.01,1.01,2.01,50.01,0.9415435035092183
True,1.01,1.01,2.01,45.01,1.1575437939355055
True,4.01,1.01,1.01,35.01,1.0525236023592077
True,2.01,1.01,0.01,34.01,1.1276506668813215
True,0.01,0.01,0.01,46.01,0.8519870085079073
False,0.01,0.01,1.01,36.01,1.048556743376584
False,0.01,0.01,1.01,36.01,1.3101305446629006
False,0.01,0.01,0.01,39.01,1.1737461329756724
False,0.01,0.01,0.01,45.01,0.7037227552234
False,0.01,0.01,0.01,34.01,0.7123076784489827
True,0.01,1.01,0.01,53.01,0.9243992927903231
False,0.01,0.01,2.01,38.01,1.474115508225153
False,0.01,1.01,0.01,39.01,1.2940317864878284
True,0.01,0.01,0.01,44.01,1.167702122853182
True,0.01,0.01,0.01,37.01,0.5970195117415551
True,0.01,0.01,1.01,38.01,0.5719113896031517
True,0.01,0.01,2.01,41.01,0.6270741324660698
False,0.01,0.01,1.01,42.01,0.6771413339421852
False,0.01,0.01,3.01,47.01,0.6164350751165307
False,0.01,0.01,2.01,38.01,0.8805920493652569
False,0.01,1.01,0.01,26.009999999999998,1.2148747332828884
True,0.01,0.01,0.01,59.01,0.3762081442902382
False,0.01,1.01,0.01,33.01,1.7455242054081874
True,1.01,0.01,1.01,37.01,0.8068316018276449
False,1.01,1.01,0.01,53.01,0.6334946723197142
False,0.01,1.01,0.01,30.009999999999998,1.1687840097673783
False,0.01,0.01,0.01,31.009999999999998,1.2505323016442857
True,1.01,1.01,0.01,36.01,0.8114235319781959
False,1.01,2.01,0.01,31.009999999999998,0.7641865995717756
True,1.01,1.01,0.01,39.01,1.334228310511279
False,4.01,1.01,1.01,43.01,0.7381599727981962
False,1.01,0.01,2.01,45.01,1.5738300133779932
False,3.01,2.01,1.01,44.01,1.017728104871879
True,2.01,0.01,2.01,40.01,1.3094817476944962
True,1.01,0.01,2.01,36.01,1.0939727562485582
False,0.01,0.01,3.01,31.009999999999998,1.2150707250019903
False,1.01,2.01,0.01,45.01,0.9331461276819719
False,0.01,0.01,0.01,40.01,1.0890627357578895
False,2.01,0.01,0.01,41.01,1.0504400779661687
False,0.01,0.01,0.01,47.01,1.3728046010151411
False,0.01,0.01,0.01,38.01,1.2256105674365987
True,0.01,0.01,0.01,49.01,0.4115822506396
False,0.01,0.01,2.01,42.01,0.6522605172605174
True,0.01,0.01,0.01,41.01,0.5017726235993302
True,1.01,0.01,0.01,44.01,1.4742541846110644
True,1.01,0.01,0.01,46.01,0.895873215656227
False,0.01,1.01,0.01,49.01,0.751658726427634
False,0.01,0.01,0.01,44.01,1.1949718731768288
False,0.01,0.01,1.01,42.01,0.6054125331991992
False,0.01,0.01,0.01,40.01,0.6941113358390844
False,0.01,1.01,1.01,36.01,1.0892859112562718
False,1.01,2.01,0.01,35.01,0.8324623562084863
True,0.01,1.01,0.01,45.01,0.553153093488188
False,0.01,1.01,1.01,47.01,0.8303263273866252
False,2.01,2.01,1.01,32.01,0.9414004477417252
False,1.01,0.01,0.01,46.01,0.735816836056398
False,1.01,2.01,0.01,35.01,0.5706478000242489
True,1.01,1.01,2.01,42.01,0.5173185008923548
False,0.01,0.01,0.01,43.01,0.4104347242078509
False,0.01,1.01,0.01,46.01,0.8543780011600824
False,2.01,2.01,0.01,43.01,1.1355770685259934
False,3.01,1.01,0.01,43.01,0.7889712963635036
True,2.01,3.01,1.01,45.01,1.320339779482578
True,1.01,1.01,1.01,41.01,1.012588230451494
False,3.01,1.01,1.01,38.01,0.779531233262795
True,0.01,0.01,0.01,46.01,0.938411626051054
True,1.01,0.01,1.01,39.01,0.8511202643946699
False,3.01,0.01,1.01,43.01,0.3716784785263046
True,4.01,2.01,2.01,38.01,1.3363971764807603
False,4.01,5.01,2.01,25.009999999999998,0.6759117172238874
True,0.01,2.01,1.01,38.01,0.917059562777648
True,0.01,1.01,0.01,38.01,0.5035581282169528
False,0.01,0.01,0.01,40.01,0.7190177668118845
True,0.01,1.01,0.01,48.01,1.1539810233149048
False,0.01,0.01,1.01,45.01,0.710455816531836
False,1.01,0.01,0.01,42.01,0.9578193054725271
True,0.01,0.01,1.01,39.01,1.3053133506704935
True,0.01,0.01,3.01,44.01,1.2636840062427932
True,1.01,0.01,0.01,36.01,1.1765191271839188
False,0.01,0.01,0.01,42.01,1.1719438372574265
False,0.01,0.01,0.01,39.01,1.0350794960627996
False,0.01,0.01,0.01,36.01,0.7702097527884774
False,1.01,0.01,1.01,55.01,0.8156915974565261
True,0.01,0.01,0.01,38.01,1.167199303493939
True,0.01,1.01,1.01,50.01,1.2810486560782752
False,0.01,0.01,1.01,39.01,1.2169103469252898
False,0.01,0.01,1.01,30.009999999999998,1.1440755290084885
False,0.01,0.01,2.01,39.01,0.7031495708567534
False,0.01,0.01,0.01,28.009999999999998,1.061929354894831
True,0.01,0.01,1.01,43.01,0.5199365539263238
True,1.01,1.01,1.01,38.01,1.644883409386934
True,2.01,0.01,1.01,49.01,0.9091801692459586
False,1.01,1.01,1.01,62.01,0.985063672476812
False,2.01,0.01,0.01,28.009999999999998,1.3461195784258913
False,1.01,0.01,1.01,35.01,1.0877236924600713
False,1.01,1.01,1.01,45.01,1.356593783018701
False,0.01,2.01,1.01,44.01,0.6647469607927865
False,2.01,0.01,1.01,39.01,1.3933485049688965
False,0.01,1.01,0.01,42.01,1.241521993789055
False,0.01,0.01,3.01,40.01,1.1206237989444416
False,1.01,1.01,1.01,43.01,1.1734406496300362
True,1.01,2.01,2.01,45.01,0.8948501851800041
False,1.01,1.01,1.01,39.01,1.2804196301172472
True,0.01,0.01,0.01,44.01,0.8681714870495496
False,0.01,0.01,2.01,44.01,1.403189041637184
True,0.01,0.01,1.01,33.01,1.141246531135442
False,0.01,0.01,0.01,39.01,0.7885468756049041
True,0.01,0.01,0.01,47.01,2.497070853822594
False,1.01,0.01,0.01,32.01,0.8316162228303324
False,0.01,0.01,0.01,37.01,0.9845240744612682
True,0.01,0.01,0.01,46.01,1.0284205319278565
False,1.01,0.01,0.01,37.01,1.0443408281974071
True,0.01,0.01,0.01,29.009999999999998,1.3113013933106519
False,1.01,0.01,1.01,40.01,1.4051631221143521
True,0.01,0.01,1.01,38.01,0.9533750453872404
False,0.01,0.01,0.01,42.01,0.9066757701994268
True,1.01,0.01,2.01,41.01,1.0411851445411586
False,0.01,0.01,2.01,32.01,1.3599203893477017
False,0.01,0.01,0.01,49.01,0.935933315905391
False,0.01,0.01,0.01,37.01,1.0351876503269692
True,1.01,1.01,0.01,35.01,1.0868748385111862
False,0.01,0.01,0.01,47.01,0.841378229843071
False,0.01,0.01,0.01,40.01,0.9958222390594073
False,0.01,0.01,2.01,47.01,0.7897937589558482
False,1.01,2.01,0.01,34.01,0.9129708310420185
False,0.01,0.01,0.01,34.01,1.1404308988142953
True,3.01,0.01,0.01,41.01,0.8246575931027996
False,0.01,0.01,2.01,47.01,1.094422071701164
False,1.01,0.01,1.01,35.01,0.9241165062476695
False,0.01,2.01,0.01,35.01,0.8002742143169447
True,0.01,3.01,2.01,51.01,1.056098279806798
False,3.01,2.01,2.01,32.01,1.3256041159988692
True,2.01,2.01,1.01,30.009999999999998,0.7068167232584927
True,1.01,1.01,2.01,43.01,1.2364042062704352
False,1.01,3.01,2.01,44.01,0.9421725821826776
False,4.01,1.01,2.01,32.01,1.8316267858592596
False,0.01,0.01,0.01,36.01,1.3448011889757414
True,0.01,1.01,1.01,38.01,0.9901944059774292
False,0.01,1.01,1.01,33.01,0.8473856245759003
False,0.01,0.01,0.01,39.01,0.9557308881552642
False,0.01,0.01,1.01,31.009999999999998,0.8673104899875302
False,0.01,0.01,3.01,36.01,0.8013485698785366
False,0.01,0.01,1.01,38.01,1.1862910261901098
True,0.01,0.01,0.01,45.01,1.1124593563903376
True,0.01,0.01,0.01,30.009999999999998,1.0231573432686283
False,0.01,0.01,1.01,40.01,0.9944034096757705
False,0.01,0.01,0.01,43.01,0.4149253390053663
True,0.01,0.01,1.01,46.01,1.0065439130361191
True,0.01,0.01,0.01,37.01,1.2542314019064418
True,0.01,0.01,2.01,33.01,1.2104563922150626
False,0.01,0.01,0.01,37.01,1.869555947278874
True,0.01,0.01,1.01,41.01,1.0106129555662853
False,0.01,0.01,1.01,35.01,0.8140431257948262
False,0.01,0.01,2.01,42.01,0.9160467398114807
False,0.01,0.01,0.01,44.01,0.8445543426310493
False,0.01,0.01,2.01,32.01,0.6447231475304113
False,2.01,0.01,1.01,31.009999999999998,1.0512976868855857
True,1.01,1.01,0.01,40.01,1.2217480711246698
False,0.01,1.01,0.01,42.01,1.1863528524474645
True,0.01,0.01,1.01,36.01,0.5701478464061615
False,1.01,0.01,2.01,43.01,1.4248225235790353
False,0.01,0.01,0.01,53.01,0.9370313134767898
True,0.01,0.01,3.01,28.009999999999998,0.7765300214128776
True,1.01,0.01,1.01,39.01,1.3064163911811233
True,2.01,2.01,1.01,38.01,0.7299359478538796
False,0.01,2.01,3.01,47.01,0.7488760313760315
True,3.01,0.01,1.01,37.01,0.8034418857030379
True,1.01,1.01,2.01,32.01,0.8162073038995616
True,1.01,3.01,3.01,43.01,1.0776977349986825
False,0.01,0.01,0.01,40.01,0.901890558088911
False,0.01,1.01,0.01,36.01,1.113052848881355
True,0.01,1.01,0.01,42.01,0.8344141273193425
False,0.01,0.01,1.01,41.01,1.07967197501879
True,0.01,0.01,1.01,42.01,0.9538805189449733
False,0.01,0.01,0.01,39.01,0.3523392223751321
True,0.01,0.01,1.01,36.01,0.9914712379685693
False,1.01,0.01,0.01,31.009999999999998,0.8991531320130391
False,0.01,0.01,1.01,42.01,0.8090435665957488
False,0.01,0.01,0.01,41.01,0.695375988007567
True,3.01,0.01,0.01,41.01,1.0865357049326805
True,0.01,0.01,0.01,37.01,0.6552823368421565
False,0.01,0.01,0.01,31.009999999999998,1.469485423169869
False,1.01,0.01,0.01,34.01,0.8197592931560943
True,0.01,0.01,1.01,32.01,1.946873790088005
True,0.01,0.01,0.01,44.01,0.8839594953283004
True,0.01,0.01,0.01,48.01,1.5752482745726888
False,1.01,3.01,0.01,39.01,0.5991620771214867
True,0.01,0.01,0.01,41.01,1.0761128763914678
True,1.01,0.01,2.01,46.01,0.9077269064264081
False,1.01,0.01,2.01,39.01,1.3239227164247278
True,0.01,1.01,0.01,42.01,0.8915321042690282
False,0.01,1.01,0.01,43.01,1.0424191323247762
False,4.01,2.01,0.01,46.01,0.4139202587540153
False,1.01,1.01,0.01,33.01,0.9661093500140195
False,3.01,1.01,0.01,24.009999999999998,0.9928800988704962
False,1.01,3.01,0.01,37.01,1.4015066925682473
False,2.01,2.01,1.01,48.01,1.1671134232113654
False,2.01,2.01,3.01,38.01,1.1380069064614013
False,2.01,9.01,0.01,55.01,1.356103276898568
True,2.01,2.01,3.01,41.01,1.7052000697557665
True,1.01,3.01,1.01,44.01,0.6182611131867882
True,2.01,1.01,1.01,41.01,0.7794952636226905
False,1.01,1.01,1.01,50.01,0.728059216765135
False,0.01,0.01,0.01,45.01,1.179209286027486
True,0.01,0.01,1.01,43.01,1.8699818568318158
False,0.01,0.01,0.01,37.01,1.0591881129445724
True,0.01,0.01,2.01,33.01,0.9613994570503553
False,0.01,0.01,2.01,41.01,1.0986007783404899
False,0.01,0.01,0.01,34.01,0.547500232322699
False,0.01,0.01,0.01,38.01,0.844248828696503
True,1.01,0.01,1.01,37.01,0.8552875989729516
False,1.01,0.01,1.01,38.01,1.0838158614300628
True,1.01,0.01,0.01,38.01,0.871387290992554
False,0.01,0.01,2.01,37.01,0.7873345218467168
True,0.01,0.01,0.01,38.01,0.8910353677537022
False,0.01,0.01,1.01,30.009999999999998,0.7861773048537756
False,0.01,0.01,1.01,33.01,1.2748571029024318
True,1.01,0.01,4.01,33.01,0.938939984388216
False,0.01,1.01,1.01,34.01,1.3238662386204332
False,0.01,0.01,1.01,39.01,1.1810867000764698
True,1.01,0.01,1.01,24.009999999999998,1.1798775893533946
False,3.01,0.01,0.01,29.009999999999998,0.5627071257410132
True,0.01,1.01,0.01,35.01,1.3235398507691938
False,1.01,1.01,1.01,29.009999999999998,1.1727891763548213
False,1.01,2.01,1.01,54.01,0.888011063011063
True,1.01,1.01,2.01,41.01,1.0936286750762059
False,1.01,0.01,2.01,36.01,1.0678071656950967
True,1.01,0.01,2.01,32.01,0.6915708691169518
False,2.01,1.01,1.01,43.01,1.1889971361044647
False,2.01,0.01,1.01,28.009999999999998,0.39286693373733855
True,1.01,1.01,0.01,35.01,0.888948772877196
False,2.01,0.01,2.01,30.009999999999998,0.9371306579075361
True,2.01,0.01,2.01,40.01,0.6431884926194389
False,1.01,1.01,2.01,34.01,1.5593134136011504
False,1.01,1.01,1.01,49.01,1.3038036459328013
False,0.01,0.01,0.01,41.01,0.7159037844111964
False,0.01,0.01,0.01,45.01,0.6491091786800209
True,0.01,0.01,0.01,38.01,0.8206277495595337
True,0.01,0.01,0.01,42.01,0.8331233882704988
True,0.01,1.01,0.01,53.01,1.0079639942647767
False,0.01,0.01,0.01,40.01,1.506831344764256
False,0.01,0.01,0.01,40.01,0.8685931144762109
False,0.01,0.01,1.01,36.01,0.7683004260884831
False,1.01,0.01,1.01,43.01,1.0929681562369007
True,0.01,0.01,0.01,43.01,0.6984887474851735
False,0.01,1.01,0.01,45.01,1.3864411791941622
True,0.01,0.01,0.01,46.01,1.0779337238242406
False,0.01,0.01,0.01,33.01,1.4217051865747814
False,1.01,1.01,1.01,38.01,0.7260570222071483
True,2.01,0.01,0.01,31.009999999999998,0.8582486699432029
False,1.01,1.01,3.01,35.01,0.6671941507420196
False,0.01,0.01,0.01,55.01,1.5930294946769077
True,0.01,0.01,0.01,41.01,0.9923524282513512
True,2.01,0.01,1.01,38.01,1.2013068561424616
False,2.01,0.01,0.01,36.01,0.8951945555773209
True,1.01,0.01,0.01,38.01,0.7654795799849501
True,0.01,3.01,4.01,42.01,1.6535994760654122
False,1.01,0.01,0.01,37.01,0.5722133876755552
False,1.01,0.01,2.01,48.01,0.7045468738663568
True,1.01,1.01,2.01,38.01,1.3204331374602443
True,0.01,0.01,1.01,40.01,0.6635548724275695
False,0.01,1.01,1.01,47.01,0.4282761631277941
True,2.01,2.01,0.01,42.01,1.2245008988371597
False,0.01,1.01,0.01,48.01,1.0368229997828122
True,1.01,6.01,2.01,37.01,0.9515957296138235
True,4.01,0.01,0.01,36.01,1.2820564233042575
True,2.01,2.01,4.01,42.01,0.5565210456727602
True,4.01,4.01,2.01,45.01,1.477836273121743
True,0.01,0.01,0.01,32.01,1.19888069249161
False,0.01,0.01,0.01,42.01,0.43934525777881145
False,0.01,0.01,0.01,32.01,0.422732084250429
False,0.01,0.01,0.01,32.01,0.5595752175887037
False,0.01,1.01,0.01,41.01,0.8654344682558681
False,0.01,1.01,1.01,38.01,1.1836848512355653
False,0.01,0.01,1.01,42.01,1.261744623233886
True,0.01,0.01,1.01,41.01,1.2623163945649185
False,0.01,0.01,1.01,27.009999999999998,0.9743319988159581
True,0.01,1.01,1.01,42.01,0.972915816202771
False,0.01,0.01,3.01,44.01,1.0168223077222487
False,0.01,0.01,0.01,37.01,0.7543780166528854
True,0.01,0.01,1.01,36.01,0.5256678361090927
True,0.01,0.01,0.01,37.01,1.1235329427762892
False,0.01,1.01,0.01,43.01,1.26508817595993
False,0.01,0.01,0.01,29.009999999999998,1.291011695775628
True,0.01,0.01,0.01,37.01,0.6135338861525989
False,1.01,0.01,0.01,34.01,0.8705552493202885
True,0.01,2.01,0.01,42.01,0.7663334888572688
False,0.01,0.01,1.01,46.01,1.2078920093235406
True,0.01,0.01,0.01,37.01,0.6109084400618388
False,0.01,0.01,0.01,36.01,0.7488053739629718
True,0.01,0.01,0.01,48.01,0.8159038568234939
False,0.01,0.01,2.01,41.01,0.8319210376187121
False,0.01,1.01,2.01,37.01,0.8724214616168817
False,2.01,1.01,2.01,44.01,0.48785908335545475
False,0.01,1.01,1.01,31.009999999999998,0.8555886206753625
False,0.01,0.01,0.01,29.009999999999998,0.49856755965451605
True,0.01,2.01,1.01,33.01,1.103323123041143
False,0.01,0.01,3.01,23.009999999999998,0.8523896869551637
False,2.01,1.01,2.01,41.01,0.9179296177318725
False,0.01,0.01,2.01,36.01,0.7743424820657923
False,2.01,3.01,3.01,42.01,0.854952497011428
False,2.01,0.01,1.01,42.01,0.7458863332932102
True,1.01,0.01,0.01,30.009999999999998,0.9745663445728563
True,0.01,0.01,2.01,33.01,0.5458904042749662
True,0.01,0.01,1.01,32.01,0.9442045350873004
True,0.01,0.01,0.01,34.01,0.8069578641047629
False,0.01,0.01,2.01,54.01,0.8484527501539142
False,0.01,0.01,1.01,39.01,0.8812810224642544
True,0.01,1.01,0.01,52.01,0.9667451609713794
True,0.01,0.01,0.01,44.01,0.5020910277596717
True,0.01,0.01,1.01,43.01,1.3831368495932177
False,0.01,1.01,0.01,36.01,0.9681703181515102
False,0.01,0.01,1.01,37.01,1.0198979282087983
False,0.01,2.01,1.01,37.01,1.1602892695136509
False,0.01,0.01,0.01,40.01,0.7031827035280067
False,1.01,0.01,0.01,31.009999999999998,0.8998468698828896
True,0.01,1.01,0.01,48.01,1.026029118345397
True,1.01,0.01,0.01,38.01,0.9120782066993545
True,0.01,0.01,0.01,52.01,0.48930407049994423
False,0.01,0.01,1.01,40.01,1.0611034865273272
False,0.01,1.01,0.01,31.009999999999998,0.8254409002660562
False,1.01,0.01,2.01,35.01,0.6188666633344431
False,1.01,0.01,0.01,43.01,0.7034588158731805
False,2.01,1.01,0.01,34.01,1.023716539873527
True,1.01,2.01,1.01,47.01,0.7029343259215849
False,0.01,2.01,0.01,31.009999999999998,0.6861949541208895
False,2.01,0.01,2.01,38.01,1.3363739871058349
False,0.01,1.01,1.01,43.01,1.092083990333313
False,0.01,0.01,2.01,56.01,1.0327045384755342
True,2.01,2.01,2.01,30.009999999999998,1.2585466817337054
False,0.01,4.01,1.01,49.01,0.7538870152225634
False,0.01,1.01,1.01,47.01,0.8182024818475397
False,2.01,3.01,4.01,44.01,1.3540285438265913
True,2.01,1.01,1.01,38.01,1.0004039837398186
False,0.01,0.01,0.01,41.01,0.8348118986276881
True,0.01,0.01,1.01,43.01,1.051414933343112
False,0.01,0.01,1.01,38.01,1.3006830635280882
True,0.01,0.01,1.01,50.01,0.8970219655545741
False,0.01,0.01,2.01,39.01,0.8995507484236018
False,0.01,0.01,1.01,39.01,1.1098139859123843
False,0.01,0.01,1.01,38.01,1.0316158334727787
True,0.01,2.01,1.01,49.01,1.0911992718850017
True,0.01,0.01,2.01,51.01,1.2995545099008097
False,2.01,0.01,0.01,41.01,0.8764633741140873
False,0.01,2.01,0.01,34.01,0.9928963744561207
False,0.01,0.01,1.01,39.01,1.0137031758431265
False,1.01,0.01,0.01,38.01,1.1958407884684972
False,0.01,0.01,1.01,43.01,0.9339122671641833
True,1.01,0.01,1.01,34.01,0.7296698853370517
True,0.01,0.01,0.01,34.01,0.6468747169140174
True,0.01,0.01,0.01,41.01,1.1692316233815059
False,0.01,1.01,0.01,44.01,0.697547647617695
False,0.01,0.01,0.01,37.01,0.796944415799985
True,1.01,0.01,1.01,35.01,1.0826607520371823
False,1.01,0.01,0.01,31.009999999999998,0.7476417517515243
False,0.01,1.01,0.01,45.01,0.6529821401823319
False,0.01,1.01,1.01,45.01,0.7679339876518969
False,0.01,2.01,0.01,35.01,1.6121059080052766
False,0.01,1.01,1.01,37.01,0.7459052079290176
True,2.01,2.01,0.01,28.009999999999998,1.1448224380778123
False,3.01,0.01,1.01,41.01,1.0599584692236044
True,2.01,5.01,3.01,41.01,0.8228716410295356
True,1.01,0.01,3.01,54.01,0.855596845266498
False,0.01,2.01,3.01,41.01,1.403378808120286
False,1.01,3.01,1.01,30.009999999999998,0.875433578865864
False,3.01,3.01,2.01,38.01,1.563519162321737
False,2.01,8.01,2.01,54.01,1.0117215111661164
True,0.01,0.01,2.01,42.01,1.0390535943871777
False,0.01,0.01,1.01,44.01,0.9013921688931745
True,0.01,1.01,0.01,31.009999999999998,1.4734318429005975
False,0.01,0.01,0.01,47.01,1.0776507524399699
False,0.01,0.01,2.01,39.01,1.3207469144486133
True,0.01,0.01,1.01,34.01,0.9546657580191653
False,0.01,1.01,1.01,43.01,1.0051233113369167
True,0.01,0.01,2.01,34.01,1.5830197408731506
False,0.01,1.01,0.01,40.01,0.8427618003385265
True,0.01,0.01,3.01,37.01,1.1223032914354196
True,0.01,0.01,0.01,27.009999999999998,0.7427290854779339
True,0.01,0.01,0.01,52.01,0.4595911444208497
False,0.01,0.01,1.01,42.01,1.082224604317636
False,0.01,0.01,2.01,55.01,1.4272403855164448
False,0.01,1.01,1.01,45.01,0.9436218628213767
True,0.01,0.01,1.01,42.01,0.8779620173904926
False,1.01,0.01,1.01,39.01,0.7276455826217766
False,0.01,2.01,0.01,37.01,0.6699579647482928
False,0.01,0.01,0.01,44.01,1.3649492911421757
False,0.01,0.01,0.01,35.01,0.9348459406316222
False,0.01,0.01,3.01,43.01,1.2476569544408418
True,0.01,0.01,1.01,46.01,0.686219916184465
True,1.01,2.01,2.01,48.01,1.34618854700762
True,0.01,0.01,0.01,48.01,1.9786013010712022
False,0.01,0.01,1.01,29.009999999999998,1.9428292488443595
True,3.01,0.01,1.01,44.01,0.5474807350961977
False,1.01,1.01,1.01,32.01,0.470519915907847
True,3.01,1.01,0.01,51.01,1.165865566499321
True,0.01,2.01,0.01,42.01,0.7556366146416961
False,0.01,0.01,4.01,45.01,1.2509433943369206
True,1.01,2.01,1.01,28.009999999999998,1.8634773460709706
True,3.01,2.01,2.01,36.01,1.511798818683923
True,4.01,1.01,2.01,28.009999999999998,1.0282793354829463
True,0.01,0.01,1.01,45.01,0.8081971825946204
False,0.01,0.01,0.01,34.01,1.0407465663510747
False,0.01,0.01,0.01,40.01,0.8963135793758995
True,1.01,0.01,0.01,34.01,0.6439333090098253
False,0.01,0.01,2.01,42.01,1.037540620898526
False,0.01,0.01,0.01,40.01,0.7465000337983422
True,0.01,0.01,1.01,44.01,1.404385951057859
False,0.01,1.01,0.01,42.01,1.3388918939438035
False,0.01,0.01,0.01,33.01,1.0257145675842365
False,0.01,0.01,1.01,38.01,1.3074437434151867
True,0.01,0.01,0.01,25.009999999999998,1.2841918895415545
True,1.01,0.01,0.01,31.009999999999998,1.069137389601597
True,0.01,1.01,1.01,49.01,1.2143203262373439
True,0.01,0.01,1.01,37.01,1.4123529001837942
True,1.01,1.01,1.01,37.01,1.3054147785388723
False,0.01,2.01,1.01,27.009999999999998,0.6920585528558386
False,0.01,0.01,1.01,36.01,0.7246649219015332
True,0.01,2.01,3.01,39.01,0.620892613155931
False,0.01,1.01,0.01,34.01,0.6760677492767044
False,0.01,1.01,1.01,33.01,0.8971569949116297
False,0.01,0.01,1.01,47.01,1.1610445910560327
False,0.01,0.01,0.01,27.009999999999998,0.8010928248587217
False,1.01,0.01,1.01,57.01,1.1347672236157729
False,2.01,3.01,0.01,38.01,0.8084551999000033
False,1.01,0.01,1.01,38.01,0.9006763694599268
False,2.01,0.01,1.01,40.01,0.9955984281514006
True,0.01,0.01,2.01,39.01,0.8227053502053502
True,2.01,3.01,1.01,36.01,1.1254356442043707
False,1.01,2.01,2.01,38.01,1.5619683168264393
False,0.01,1.01,2.01,35.01,1.1777433336656458
False,2.01,1.01,1.01,48.01,0.6607517149101134
False,2.01,2.01,4.01,34.01,0.7765587499993951
False,2.01,2.01,4.01,43.01,1.512866601075647
False,0.01,0.01,0.01,44.01,0.6359470471848656
True,0.01,0.01,2.01,38.01,0.9420825678424453
False,0.01,1.01,1.01,41.01,1.082419575578559
False,0.01,0.01,0.01,38.01,0.4726740713642693
True,2.01,0.01,0.01,38.01,0.7871450255970379
False,0.01,0.01,0.01,43.01,0.8128384209563612
True,2.01,0.01,0.01,48.01,1.1850814791246886
False,0.01,0.01,1.01,38.01,0.9789901193007882
False,0.01,0.01,0.01,41.01,1.1232203755993204
False,0.01,0.01,1.01,46.01,1.002856270192783
True,0.01,1.01,0.01,47.01,1.2111287514739002
True,0.01,0.01,2.01,39.01,0.702667802630057
False,1.01,0.01,1.01,41.01,0.8584476359718904
False,2.01,1.01,0.01,40.01,0.8870704308805729
False,1.01,1.01,2.01,42.01,0.5750017442060666
True,0.01,0.01,0.01,45.01,0.9034375519481943
False,0.01,1.01,2.01,36.01,0.8877374981604306
False,2.01,0.01,0.01,48.01,0.8036805434975062
True,2.01,1.01,0.01,37.01,1.0291301019473147
False,0.01,1.01,0.01,43.01,0.7089514666086675
False,1.01,0.01,1.01,34.01,0.5798065869506568
True,2.01,1.01,0.01,39.01,1.1054533905544375
False,2.01,0.01,1.01,39.01,0.6685254448805892
True,0.01,1.01,1.01,39.01,0.7766626745811163
False,0.01,0.01,0.01,47.01,1.4138468115460037
False,0.01,0.01,0.01,45.01,1.0686067298031505
True,0.01,2.01,0.01,52.01,0.5240203682221762
True,0.01,0.01,1.01,36.01,1.1636160318243078
True,0.01,0.01,2.01,38.01,1.1592823812670585
False,0.01,0.01,3.01,33.01,0.9113440247894028
False,1.01,1.01,1.01,46.01,0.8082230775878689
True,1.01,2.01,3.01,38.01,1.0354420078100073
False,2.01,2.01,0.01,34.01,0.8125936840487508
True,0.01,0.01,0.01,46.01,0.9876625528754013
False,0.01,1.01,0.01,30.009999999999998,1.0307722717352363
False,0.01,0.01,1.01,24.009999999999998,0.5194132852165287
False,0.01,0.01,0.01,38.01,0.6539917457202976
False,0.01,0.01,0.01,46.01,0.928256622162063
True,0.01,0.01,0.01,49.01,1.22800621687564
False,0.01,0.01,1.01,43.01,1.135619042156713
True,0.01,0.01,2.01,29.009999999999998,0.764317994726407
False,0.01,0.01,0.01,38.01,0.8348295356795719
False,0.01,0.01,0.01,48.01,1.3888979636457741
True,0.01,0.01,1.01,37.01,1.526928903438598
True,0.01,0.01,1.01,37.01,0.6944097127319294
False,0.01,0.01,2.01,39.01,0.8653651852253421
False,1.01,0.01,1.01,46.01,0.7303620891060072
False,0.01,0.01,2.01,50.01,0.7817852169373577
True,1.01,0.01,0.01,29.009999999999998,1.7627532557827923
False,0.01,0.01,0.01,36.01,1.427340427639782
True,1.01,0.01,1.01,40.01,1.0895057517608047
True,1.01,0.01,2.01,33.01,0.9991872822643125
False,0.01,0.01,0.01,37.01,1.0261292528707389
False,0.01,0.01,0.01,42.01,0.8178026040108128
True,1.01,1.01,1.01,33.01,1.000530497459328
True,0.01,0.01,1.01,32.01,0.9457970869874011
True,1.01,0.01,0.01,51.01,1.0564943970979437
True,1.01,0.01,0.01,39.01,0.7869941956136719
True,2.01,3.01,0.01,39.01,0.692312636071912
False,1.01,1.01,1.01,34.01,1.2710823276861742
False,0.01,2.01,1.01,43.01,0.8541216673273486
False,1.01,0.01,2.01,43.01,1.3933241956963183
False,1.01,1.01,3.01,49.01,0.7391610436347278
True,1.01,0.01,2.01,36.01,1.040416098281848
False,4.01,2.01,0.01,28.009999999999998,1.1089678322311434
False,3.01,4.01,3.01,44.01,0.9287942205867854
False,0.01,0.01,1.01,40.01,0.9518091127014828
False,0.01,0.01,1.01,37.01,0.9027221251669196
False,0.01,0.01,0.01,45.01,0.797125216519416
False,0.01,0.01,0.01,40.01,1.0993957949954718
False,0.01,0.01,1.01,43.01,0.7991108292324137
True,0.01,0.01,1.01,36.01,1.4192770429271688
True,0.01,0.01,0.01,51.01,0.9031500116739043
False,2.01,2.01,0.01,44.01,0.7954967137522918
False,0.01,0.01,0.01,27.009999999999998,1.0591614987375106
False,0.01,0.01,0.01,44.01,0.7959992366707589
False,0.01,0.01,2.01,43.01,1.8019764794910085
False,1.01,0.01,0.01,43.01,1.1224009593032345
False,0.01,0.01,0.01,44.01,1.2339553054100343
False,0.01,0.01,1.01,43.01,0.6190416765411852
False,0.01,1.01,1.01,50.01,2.0217941425401547
False,0.01,0.01,0.01,53.01,1.3485733313748927
False,0.01,0.01,1.01,31.009999999999998,0.7067992080682214
False,0.01,1.01,0.01,59.01,1.1303848706491901
False,1.01,0.01,0.01,36.01,1.182432921109821
True,0.01,0.01,0.01,40.01,0.6542311400761611
True,0.01,0.01,1.01,41.01,1.1799094578628784
True,0.01,1.01,0.01,36.01,0.818414597015962
True,1.01,0.01,0.01,40.01,1.1599272862976642
False,1.01,1.01,2.01,38.01,0.7101310692505622
False,0.01,0.01,0.01,37.01,1.045597226094723
True,1.01,0.01,2.01,45.01,0.8318561228536833
True,0.01,1.01,2.01,45.01,0.9343999736573279
False,2.01,1.01,1.01,35.01,0.6880939202202729
False,3.01,2.01,2.01,47.01,1.1051041872469354
True,2.01,0.01,1.01,33.01,1.1821300811030717
False,2.01,2.01,1.01,35.01,1.7638562296204823
False,0.01,1.01,3.01,39.01,0.5363641060981487
False,2.01,4.01,3.01,40.01,0.9810960053277541
True,0.01,0.01,0.01,37.01,1.480557835315256
True,0.01,0.01,2.01,40.01,1.4363627296431911
False,0.01,0.01,1.01,41.01,0.5875904357239687
False,0.01,1.01,2.01,45.01,1.6755660286035579
True,0.01,0.01,0.01,46.01,1.1803171662460947
False,0.01,0.01,0.01,39.01,0.7244637307137308
False,0.01,0.01,0.01,29.009999999999998,0.7134241816964001
True,1.01,0.01,1.01,54.01,0.8178965213563442
False,0.01,0.01,1.01,39.01,0.8106638974240894
True,1.01,0.01,0.01,42.01,0.6933004270319888
False,0.01,0.01,1.01,46.01,1.2028296122472317
True,0.01,1.01,0.01,33.01,0.7378399131338385
True,0.01,0.01,2.01,39.01,1.4815239669505376
False,1.01,1.01,1.01,44.01,0.8494100728176166
True,0.01,1.01,1.01,47.01,1.625522755468387
False,1.01,0.01,2.01,39.01,1.3842143880263076
False,1.01,0.01,1.01,42.01,0.4308207355653176
True,1.01,1.01,1.01,46.01,1.2929338781714825
True,0.01,0.01,0.01,33.01,1.025544986674019
True,1.01,0.01,1.01,34.01,1.5909423638722475
False,1.01,1.01,1.01,41.01,1.1681188425338043
False,0.01,1.01,0.01,58.01,0.9815748812831094
False,0.01,0.01,2.01,46.01,1.1439659533749436
False,1.01,0.01,0.01,31.009999999999998,1.3385253266049768
False,1.01,0.01,1.01,37.01,1.0535526121356171
False,0.01,4.01,1.01,48.01,0.971183315232839
True,0.01,0.01,1.01,37.01,1.4623759934902079
True,1.01,2.01,1.01,42.01,2.028543517586248
False,2.01,0.01,1.01,43.01,0.7146833411046997
False,2.01,4.01,3.01,49.01,0.8941219542752494
False,2.01,2.01,4.01,34.01,0.8968352619878746
False,2.01,4.01,3.01,40.01,1.3906876739069627
False,2.01,6.01,1.01,41.01,0.9646457574757847
False,0.01,0.01,1.01,37.01,0.6910922049447736
True,0.01,0.01,0.01,36.01,1.6240285632427705
True,0.01,1.01,1.01,43.01,0.6521169590099541
False,0.01,0.01,0.01,31.009999999999998,0.7500630807148478
True,0.01,0.01,3.01,44.01,0.8910578472103082
False,0.01,1.01,1.01,41.01,1.0704462331833815
True,0.01,1.01,0.01,45.01,0.910579185795904
False,1.01,0.01,0.01,46.01,1.0872544374554463
True,0.01,0.01,1.01,32.01,0.9677015150903667
True,0.01,1.01,0.01,41.01,1.6333098916882014
True,0.01,0.01,1.01,41.01,0.8252194140992045
False,0.01,0.01,0.01,52.01,0.9930148958387663
False,0.01,0.01,0.01,37.01,0.7898518558920214
False,2.01,0.01,1.01,49.01,0.7263565417522881
True,0.01,1.01,0.01,48.01,0.8992057767369461
False,0.01,0.01,0.01,51.01,1.0078999594628086
False,1.01,0.01,1.01,30.009999999999998,1.147340266259778
True,0.01,1.01,1.01,40.01,1.5282842958581888
False,0.01,1.01,2.01,32.01,0.6073440831693204
False,0.01,0.01,2.01,41.01,0.7930217402338676
True,0.01,0.01,0.01,38.01,0.8431562386738928
False,0.01,0.01,0.01,33.01,0.7114582948413912
True,2.01,2.01,1.01,33.01,1.160254308787402
True,1.01,1.01,2.01,47.01,0.9183376891201663
False,1.01,1.01,0.01,39.01,0.5106944955301009
False,3.01,0.01,0.01,42.01,0.8221749744920227
False,0.01,1.01,0.01,41.01,0.8358536495020723
False,1.01,1.01,2.01,50.01,0.8639179393966736
False,2.01,1.01,1.01,48.01,0.7424611417440643
False,1.01,2.01,2.01,32.01,1.1184675650000273
False,4.01,2.01,5.01,33.01,1.1470309448027163
True,5.01,5.01,2.01,45.01,1.2460574235728417
False,1.01,3.01,2.01,34.01,1.3408719657485584
True,0.01,1.01,0.01,30.009999999999998,0.7100631725074372
False,0.01,0.01,0.01,35.01,1.0524880778297943
False,0.01,0.01,0.01,30.009999999999998,1.0527376350423072
False,0.01,0.01,1.01,32.01,1.2722183930929443
True,0.01,0.01,0.01,31.009999999999998,0.9338367106875028
True,0.01,0.01,2.01,37.01,0.976796111480697
False,0.01,1.01,1.01,49.01,0.6997922452279111
True,1.01,0.01,0.01,39.01,0.6104549149691744
False,0.01,0.01,0.01,35.01,0.48232789631963874
True,0.01,0.01,0.01,35.01,0.7181143426194916
True,0.01,0.01,2.01,39.01,1.4226935369492775
False,0.01,1.01,0.01,31.009999999999998,1.4026656232148222
True,0.01,1.01,1.01,39.01,0.9808734069981467
True,0.01,0.01,0.01,47.01,0.829516875269359
True,0.01,0.01,0.01,41.01,0.9097713749370695
False,0.01,0.01,0.01,42.01,1.0727506221609997
False,0.01,1.01,0.01,45.01,0.7308590115359803
False,2.01,0.01,2.01,35.01,0.48273261551507796
True,0.01,0.01,1.01,35.01,1.2497960346437855
False,0.01,0.01,0.01,39.01,0.9685042190171546
False,0.01,0.01,0.01,44.01,1.1764820819168835
False,1.01,1.01,0.01,39.01,1.3298359742834511
True,0.01,0.01,1.01,32.01,1.2042060203961074
True,0.01,1.01,0.01,36.01,1.5353359080269335
False,1.01,0.01,1.01,35.01,0.9225084144805866
False,0.01,2.01,0.01,26.009999999999998,0.9138748780908643
False,1.01,2.01,1.01,39.01,0.5343588510919243
False,0.01,1.01,1.01,39.01,1.230579716683052
False,0.01,0.01,2.01,30.009999999999998,1.2061724813524188
False,0.01,0.01,3.01,40.01,1.5311940506638648
True,0.01,0.01,1.01,45.01,0.864349304449735
False,0.01,1.01,2.01,30.009999999999998,1.2252203787695932
False,1.01,1.01,1.01,40.01,1.2233496335145637
False,0.01,1.01,0.01,30.009999999999998,1.1025488974830302
False,0.01,0.01,0.01,37.01,1.590983015786378
True,0.01,0.01,1.01,43.01,0.6457629736027918
False,0.01,0.01,0.01,44.01,1.548805107510703
True,1.01,0.01,0.01,43.01,0.7154883246032439
False,0.01,0.01,0.01,46.01,1.3440773404918935
False,0.01,0.01,1.01,44.01,1.01975874343669
False,1.01,0.01,1.01,41.01,1.2590211677599683
False,0.01,0.01,0.01,37.01,1.1937081137335293
True,1.01,0.01,2.01,33.01,1.1864759463115515
True,0.01,0.01,0.01,35.01,0.9885522869928862
False,1.01,1.01,0.01,43.01,0.4773199446437986
False,0.01,0.01,0.01,51.01,1.4644914864037322
True,0.01,1.01,0.01,37.01,0.5433076086539086
False,0.01,1.01,2.01,43.01,1.0836846924719923
True,0.01,0.01,1.01,40.01,0.8300107879077381
False,2.01,1.01,0.01,47.01,0.5726807757309362
False,2.01,0.01,0.01,38.01,0.9249361624476039
False,2.01,0.01,1.01,36.01,1.340800695935725
True,2.01,0.01,1.01,32.01,1.3893520053528257
False,0.01,2.01,0.01,44.01,1.116145453064259
False,1.01,1.01,3.01,43.01,0.9593467479317828
True,0.01,2.01,0.01,43.01,0.8054433310724611
False,2.01,1.01,0.01,54.01,1.1793237369812142
False,1.01,0.01,1.01,33.01,0.7902891279673793
True,2.01,1.01,1.01,34.01,1.0427863057658455
True,1.01,3.01,2.01,39.01,1.3555525479606603
True,2.01,1.01,2.01,44.01,0.7353160146840182
False,3.01,5.01,1.01,54.01,1.228920440786034
True,5.01,12.01,3.01,51.01,1.3077065924278921
True,3.01,4.01,5.01,43.01,0.7385844628559913
True,4.01,1.01,1.01,43.01,0.9139149474025202
False,3.01,3.01,0.01,49.01,1.1877374253634052
False,0.01,0.01,0.01,38.01,0.9165522933626009
False,0.01,0.01,1.01,36.01,0.8950729361460606
True,0.01,0.01,1.01,51.01,0.7006533678937725
True,1.01,0.01,0.01,40.01,1.3198721381109142
False,0.01,0.01,0.01,44.01,0.7336142137696169
True,0.01,0.01,1.01,38.01,1.3390017176719353
True,0.01,0.01,0.01,46.01,1.0026778233074352
True,1.01,0.01,1.01,49.01,0.9820418256992633
True,0.01,0.01,0.01,48.01,0.8165202667563988
False,0.01,1.01,1.01,46.01,0.5550771178712355
False,1.01,1.01,0.01,42.01,0.689493678200772
True,0.01,1.01,0.01,29.009999999999998,1.0655757767246115
False,1.01,0.01,1.01,42.01,1.176379263375831
False,2.01,0.01,0.01,47.01,1.2223400717190045
False,1.01,1.01,0.01,46.01,1.5842536329804129
False,0.01,1.01,0.01,31.009999999999998,0.919078776170625
False,1.01,1.01,0.01,42.01,1.0180847419430399
False,0.01,2.01,2.01,34.01,0.7044176099111101
False,2.01,0.01,3.01,45.01,1.1273105776717567
True,2.01,1.01,1.01,45.01,0.5529389263673204
False,0.01,1.01,0.01,51.01,1.0836586376193287
True,1.01,2.01,1.01,33.01,1.0659709282912975
False,2.01,1.01,1.01,38.01,0.7868217288502707
False,2.01,0.01,0.01,29.009999999999998,0.8775769028356655
False,1.01,0.01,2.01,34.01,1.2742396977048562
False,2.01,2.01,1.01,33.01,1.0827468107034754
True,2.01,2.01,2.01,37.01,0.6635332156021811
False,1.01,1.01,1.01,40.01,1.1824741677661403
False,1.01,4.01,2.01,37.01,1.036102296396414
True,5.01,1.01,0.01,27.009999999999998,0.797096916490243
False,0.01,1.01,1.01,36.01,1.0094390297147093
False,5.01,2.01,5.01,45.01,0.8278030995818068
False,1.01,4.01,0.01,23.009999999999998,0.8786856341529017
False,1.01,0.01,0.01,37.01,0.5006998452960962
False,0.01,0.01,0.01,41.01,0.7530741569233762
False,0.01,0.01,1.01,34.01,0.8920149431098909
True,0.01,0.01,1.01,39.01,1.7741997983097053
False,1.01,0.01,0.01,44.01,0.9618595359957134
False,0.01,1.01,2.01,36.01,0.572266046303065
False,1.01,0.01,0.01,35.01,1.0770106849801389
True,0.01,0.01,2.01,41.01,1.039199628167256
False,0.01,0.01,1.01,35.01,0.5578882840044714
True,0.01,0.01,0.01,40.01,0.7041750102337455
False,0.01,0.01,2.01,26.009999999999998,0.8538674691844702
False,0.01,0.01,3.01,33.01,0.7557945748238102
False,0.01,0.01,0.01,36.01,0.9078817283394749
True,0.01,0.01,0.01,32.01,1.050094220059442
False,1.01,0.01,2.01,46.01,0.7934224909860729
False,1.01,1.01,1.01,42.01,0.9270989133450435
True,0.01,0.01,0.01,43.01,1.065551480724917
True,1.01,0.01,0.01,33.01,1.0932995219349837
True,0.01,0.01,1.01,37.01,0.7169417333537673
True,0.01,3.01,2.01,46.01,1.0665859141753695
True,0.01,0.01,1.01,45.01,1.4371752815454857
True,1.01,0.01,0.01,39.01,0.9979569181771701
True,1.01,1.01,2.01,40.01,0.9506040599706861
True,0.01,1.01,2.01,48.01,1.3485574678068106
False,0.01,2.01,0.01,38.01,1.2771810772049819
True,0.01,1.01,1.01,34.01,0.9798049856004661
False,3.01,2.01,2.01,30.009999999999998,0.6786176051617229
False,2.01,1.01,1.01,35.01,1.089720627749228
False,6.01,0.01,1.01,32.01,1.1166766916035338
False,2.01,0.01,2.01,32.01,0.791803684692486
False,3.01,1.01,3.01,35.01,1.2721306008748723
False,3.01,3.01,4.01,39.01,1.0580363003052813
False,3.01,1.01,5.01,37.01,1.5727818565805622
False,2.01,1.01,1.01,45.01,0.7149063489918942
True,0.01,2.01,0.01,35.01,1.0743664117287657
True,0.01,0.01,2.01,34.01,0.726599703440478
False,1.01,0.01,0.01,49.01,0.6924318574521413
True,1.01,0.01,1.01,57.01,0.9980431455695787
True,0.01,0.01,0.01,32.01,1.4037512289250698
False,0.01,0.01,1.01,46.01,1.0229489797467495
False,0.01,0.01,0.01,49.01,0.6748316567490957
True,0.01,0.01,4.01,45.01,0.6248880859831625
True,0.01,0.01,2.01,39.01,1.1274185722302121
False,0.01,1.01,2.01,48.01,1.4297783646293574
True,0.01,0.01,1.01,37.01,1.585554040552111
False,0.01,1.01,0.01,43.01,0.585781903338138
True,1.01,0.01,0.01,46.01,0.7793217653956193
False,0.01,0.01,0.01,46.01,0.7329265385063414
False,0.01,1.01,0.01,34.01,0.7749816962800085
False,1.01,0.01,1.01,33.01,1.1282329473475228
False,1.01,0.01,1.01,55.01,0.705979271753555
False,0.01,0.01,1.01,50.01,0.841888797870041
True,0.01,1.01,1.01,50.01,1.0476106499573081
True,0.01,1.01,0.01,39.01,0.945852669878329
False,0.01,0.01,0.01,51.01,1.216361072060719
True,0.01,1.01,0.01,39.01,1.0925736322734787
True,1.01,0.01,0.01,42.01,1.6734394188812853
False,0.01,0.01,0.01,51.01,1.1649384248648953
False,1.01,1.01,2.01,36.01,1.1960283215652485
False,1.01,0.01,1.01,45.01,1.1171477894905346
False,1.01,1.01,0.01,43.01,1.4187081825848316
False,1.01,0.01,0.01,43.01,1.1472173407846626
True,3.01,1.01,3.01,45.01,0.5220835504379756
False,4.01,0.01,1.01,43.01,1.1268523805146928
True,0.01,3.01,1.01,42.01,1.4164226240355833
False,0.01,1.01,0.01,38.01,0.6229265980199467
True,0.01,0.01,0.01,30.009999999999998,1.7956189882449678
False,0.01,0.01,0.01,38.01,0.6070563443521702
True,1.01,0.01,0.01,37.01,1.1922427124431059
False,1.01,0.01,0.01,33.01,1.0992073820320754
False,1.01,0.01,0.01,38.01,1.3197456880149203
False,2.01,0.01,1.01,37.01,0.9437200450364684
True,0.01,0.01,0.01,40.01,0.851298591483183
True,0.01,0.01,1.01,39.01,1.332905257439801
True,0.01,0.01,0.01,35.01,1.149320170021177
False,0.01,0.01,2.01,45.01,0.8955955177543207
False,0.01,0.01,2.01,45.01,1.3701524292700762
False,0.01,0.01,0.01,35.01,0.45586863116274884
False,0.01,0.01,0.01,44.01,0.9293984322039914
True,0.01,5.01,0.01,36.01,1.288536569432585
True,0.01,0.01,0.01,27.009999999999998,1.0979601000937613
False,1.01,0.01,3.01,43.01,0.963647309547073
True,1.01,0.01,0.01,30.009999999999998,1.2342604887260984
False,0.01,0.01,2.01,35.01,1.0765282014117659
False,0.01,1.01,4.01,48.01,1.1683155470522117
False,1.01,1.01,1.01,48.01,1.058338683041377
False,0.01,0.01,0.01,31.009999999999998,1.0422538514994713
False,0.01,1.01,2.01,35.01,1.4797477121390163
False,0.01,0.01,1.01,47.01,1.1317086446643836
True,3.01,0.01,1.01,37.01,0.6096467517827824
True,1.01,0.01,2.01,35.01,1.1313181667457626
False,1.01,1.01,0.01,37.01,0.7964473506724652
True,0.01,1.01,2.01,43.01,1.0505138477111953
True,3.01,0.01,2.01,39.01,1.6297199740582093
False,1.01,0.01,3.01,51.01,0.4243408006206043
False,0.01,2.01,0.01,30.009999999999998,1.548016262461457
False,1.01,1.01,4.01,39.01,0.42317718887486333
True,5.01,4.01,2.01,48.01,0.9494088271757903
False,1.01,1.01,1.01,38.01,1.0119959371708551
False,0.01,0.01,0.01,45.01,1.2129207446604005
False,0.01,0.01,1.01,41.01,1.2984454328627515
True,0.01,0.01,1.01,42.01,0.9535476398744785
False,0.01,0.01,1.01,47.01,0.6884550605023165
True,0.01,0.01,0.01,43.01,1.3407081652345096
True,0.01,0.01,1.01,46.01,0.9161201931950788
False,0.01,0.01,1.01,43.01,0.911533579328168
False,0.01,0.01,1.01,43.01,1.244165258367412
False,0.01,0.01,1.01,49.01,1.2578267417979558
True,0.01,0.01,2.01,40.01,0.5782374025909495
True,0.01,0.01,0.01,47.01,1.3469704313513124
False,0.01,0.01,2.01,47.01,0.7838050286716117
False,0.01,0.01,4.01,47.01,0.8780428055640281
True,0.01,0.01,1.01,35.01,0.6218142132317017
True,0.01,1.01,1.01,52.01,0.8316289423098683
False,0.01,0.01,0.01,28.009999999999998,1.1322828105357534
False,0.01,0.01,1.01,43.01,1.0126871938268374
True,2.01,0.01,0.01,37.01,1.2252644307592615
True,0.01,1.01,0.01,37.01,1.8723303091162289
False,2.01,1.01,2.01,44.01,1.3784651414102047
False,1.01,1.01,1.01,37.01,2.2213685765367366
True,0.01,0.01,1.01,42.01,1.0986867170795218
False,1.01,1.01,2.01,36.01,0.7124965133217508
False,0.01,0.01,2.01,43.01,1.1832868203304436
True,0.01,0.01,0.01,45.01,1.116519595692528
False,2.01,0.01,2.01,45.01,1.0104222035203954
False,1.01,1.01,1.01,39.01,0.9552787142331001
False,0.01,1.01,1.01,42.01,1.176972568555944
True,1.01,1.01,2.01,40.01,1.6186050965650924
False,0.01,3.01,0.01,26.009999999999998,1.7755824639669118
False,1.01,1.01,2.01,43.01,1.0428775260938299
False,1.01,1.01,0.01,37.01,0.9274057598174941
False,0.01,1.01,2.01,40.01,1.2846312270410836
